WorkingYear int,Designation str,Experience str,EmploymentStatus str,SalaryInRupees float,EmployeeLocation str,CompanyLocation str,CompanySize str,RemoteWorkingRatio int
caca.a,Data Scientist,,FT,gdfcchc.a,DE,DE,,a.a
caca.a,Machine Learning Scientist,,FT,cagiiaha.a,JP,JP,S,
caca.a,Big Data Engineer,,FT,ighejif.a,,GB,M,fa.a
,Product Data Analyst,,FT,,HN,HN,S,a.a
caca.a,Machine Learning Engineer,SE,FT,bbjdfecf.a,US,US,L,fa.a
caca.a,Data Analyst,EN,FT,fhcjaae.a,US,US,L,baa.a
caca.a,Lead Data Scientist,SE,FT,bfbbicaf.a,US,US,S,
caca.a,Data Scientist,MI,FT,ciedebg.a,HU,HU,L,fa.a
caca.a,Business Data Analyst,MI,FT,bahebiid.a,US,US,L,baa.a
caca.a,,SE,FT,jjegbii.a,NZ,NZ,S,fa.a
caca.a,Data Scientist,,FT,,FR,FR,S,a.a
caca.a,Data Scientist,MI,FT,dccbafd.a,IN,IN,L,a.a
caca.a,Data Scientist,EN,FT,dbhgajg.a,FR,FR,M,a.a
caca.a,Lead Data Analyst,MI,FT,gjccfeh.a,US,US,L,baa.a
caca.a,Data Analyst,MI,FT,ghgdeai.a,US,,L,baa.a
,Data Analyst,MI,FT,gdgffg.a,PK,PK,L,fa.a
caca.a,Data Engineer,EN,FT,,JP,JP,S,baa.a
caca.a,Big Data Engineer,SE,FT,jaheggd.a,,GB,,baa.a
caca.a,Data Science Consultant,EN,FT,efebad.a,IN,IN,M,fa.a
caca.a,,MI,FT,eeffijc.a,PT,US,M,baa.a
caca.a,Machine Learning Engineer,MI,FT,deehicg.a,CN,CN,M,a.a
caca.a,,MI,FT,eidbeg.a,IN,IN,L,baa.a
caca.a,Data Engineer,,FT,dibbcjj.a,GR,GR,L,
caca.a,BI Data Analyst,MI,FT,hhjhibb.a,US,US,M,a.a
caca.a,Lead Data Scientist,MI,,jbfaejd.a,AE,AE,L,a.a
caca.a,Director of Data Science,EX,FT,cfigaaii.a,US,US,L,baa.a
caca.a,Research Scientist,EN,FT,,NL,NL,L,fa.a
caca.a,Data Engineer,SE,FT,,MX,,S,a.a
caca.a,Business Data Analyst,EN,CT,hjfgjfa.a,US,US,L,baa.a
caca.a,Machine Learning Manager,SE,FT,jdbhjah.a,,CA,L,fa.a
caca.a,Data Engineering Manager,MI,FT,ehbihba.a,DE,DE,S,baa.a
caca.a,Big Data Engineer,,FT,ffgjigf.a,US,US,L,baa.a
caca.a,Data Scientist,SE,FT,feeehic.a,GR,US,L,baa.a
,Research Scientist,MI,FT,dfiagchf.a,US,,M,a.a
caca.a,,MI,FT,,FR,FR,L,fa.a
caca.a,,MI,FT,fijieih.a,AT,AT,,fa.a
caca.a,Data Science Consultant,MI,FT,ibjfgfj.a,US,US,L,baa.a
caca.a,Machine Learning Engineer,EN,FT,bjijcdhf.a,,US,L,
caca.a,Data Analyst,EN,FT,hjfgjf.a,NG,NG,S,
caca.a,,EN,FT,bajiafjb.a,US,US,S,baa.a
,Data Scientist,MI,,dgebbaa.a,PH,US,,baa.a
caca.a,Data Engineering Manager,EX,FT,gdfcchc.a,ES,,L,
caca.a,Machine Learning Infrastructure Engineer,MI,FT,djjchji.a,PT,,M,a.a
caca.a,Data Engineer,MI,,iededgh.a,US,US,L,baa.a
caca.a,Data Engineer,MI,FT,ijibbgj.a,GB,GB,L,
caca.a,ML Engineer,EN,PT,bchaeah.a,DE,DE,,baa.a
,Data Scientist,MI,FT,gbcdfba.a,GB,GB,S,baa.a
caca.a,Data Engineer,SE,FT,bejfjagg.a,US,US,L,baa.a
caca.a,Data Scientist,MI,FT,idfehji.a,US,,,baa.a
caca.a,Data Engineer,MI,FT,ffiajcf.a,FR,FR,L,fa.a
caca.a,Data Analyst,,FT,eidbeg.a,IN,IN,S,a.a
caca.a,Data Analyst,EN,FT,hceaicf.a,US,US,L,baa.a
caca.a,AI Scientist,EN,FT,dgfbjcc.a,DK,DK,S,
caca.a,,,FT,edffhje.a,PK,DE,L,
,Computer Vision Engineer,SE,FL,ehhebha.a,RU,US,S,baa.a
caca.a,Principal Data Scientist,SE,FT,bbhjhafe.a,DE,,M,baa.a
caca.a,Data Scientist,MI,FT,daifdih.a,ES,ES,M,baa.a
caca.a,Data Scientist,MI,FT,jdijcab.a,US,US,M,baa.a
caca.a,Data Scientist,SE,FT,jfeidea.a,US,US,L,fa.a
caca.a,Data Scientist,MI,,bbaaieea.a,US,US,M,baa.a
caca.a,Data Engineer,MI,FT,,US,US,L,baa.a
,Data Engineer,MI,FT,baeahgjb.a,ES,US,M,baa.a
caca.a,Data Scientist,,PT,,IT,IT,S,fa.a
caca.a,Data Scientist,SE,FT,dchicgde.a,US,US,L,baa.a
caca.a,Machine Learning Engineer,SE,FT,dgcjiab.a,HR,HR,S,baa.a
,Data Scientist,EN,FT,ejjbahg.a,DE,DE,S,fa.a
caca.a,Data Scientist,EN,FT,djcacda.a,DE,DE,S,a.a
caca.a,Data Science Manager,SE,FT,bfbdebbj.a,US,US,M,baa.a
caca.a,,EN,,,US,US,S,
,Data Scientist,SE,FT,hcfjgic.a,AT,AT,S,a.a
caca.a,Data Scientist,MI,FT,,FR,LU,S,fa.a
caca.a,Data Scientist,MI,FT,ddfhfje.a,FR,,S,fa.a
cacb.a,,EN,FT,gfgghbc.a,GB,GB,L,fa.a
cacb.a,BI Data Analyst,EX,FT,bbjdfecf.a,IN,US,L,baa.a
cacb.a,Head of Data,EX,FT,bigjiidd.a,US,US,L,baa.a
cacb.a,Data Scientist,SE,FT,,FR,FR,L,fa.a
cacb.a,BI Data Analyst,MI,FT,hjfgjfa.a,,,M,baa.a
cacb.a,dD Computer Vision Researcher,MI,PT,edadjb.a,IN,,M,fa.a
cacb.a,ML Engineer,MI,CT,cbeidhgf.a,US,US,L,baa.a
cacb.a,Data Analyst,EN,FT,gdgffga.a,US,US,M,baa.a
cacb.a,Data Analytics Engineer,SE,FT,gdabggg.a,DE,,,baa.a
cacb.a,Data Engineer,MI,FT,bbbdjhda.a,US,US,L,baa.a
cacb.a,Applied Data Scientist,MI,FT,edbfgjb.a,GB,CA,L,fa.a
cacb.a,Machine Learning Engineer,,FT,dhgccaf.a,,ES,S,baa.a
cacb.a,Director of Data Science,EX,,bccchcag.a,IT,PL,L,baa.a
cacb.a,Data Engineer,,FT,ccgficb.a,PL,PL,L,baa.a
cacb.a,Data Analyst,EN,FT,ehachbh.a,FR,FR,M,fa.a
cacb.a,Data Analytics Engineer,MI,FT,ihfcgef.a,US,,L,baa.a
cacb.a,,SE,FT,bdfcgibf.a,US,US,L,baa.a
cacb.a,Data Analyst,SE,FT,gdgffga.a,BG,US,S,baa.a
cacb.a,Marketing Data Analyst,SE,FT,hafebfe.a,GR,,L,baa.a
,Data Science Consultant,EN,FT,gbbdfgd.a,DE,DE,S,baa.a
cacb.a,Lead Data Analyst,,FT,bfgachi.a,IN,IN,L,baa.a
cacb.a,Lead Data Engineer,SE,FT,cbjgbbic.a,US,US,L,a.a
,Data Scientist,EN,,cdghchc.a,IN,IN,L,fa.a
,Cloud Data Engineer,MI,FT,hbafahj.a,SG,SG,L,fa.a
,AI Scientist,,PT,jfeide.a,BR,US,S,baa.a
cacb.a,Financial Data Analyst,,FT,dfiagchf.a,,US,L,baa.a
cacb.a,Computer Vision Software Engineer,EN,FT,ffgjigf.a,US,US,,baa.a
,Computer Vision Software Engineer,,FT,hgbiegb.a,DE,US,S,baa.a
cacb.a,Data Analyst,MI,FT,fjghhbd.a,US,US,L,a.a
cacb.a,Data Engineer,SE,,bbjdfecf.a,US,US,L,baa.a
cacb.a,BI Data Analyst,MI,,ciifbbb.a,,US,,
,Data Analyst,MI,FT,ejdddaj.a,US,US,L,a.a
cacb.a,,MI,FT,fiaifhe.a,US,US,L,a.a
cacb.a,,MI,FT,eajjdeb.a,GB,GB,L,fa.a
cacb.a,Research Scientist,MI,FT,bejbeggg.a,CA,CA,L,baa.a
cacb.a,,SE,FT,jbfaejd.a,US,US,S,
cacb.a,Data Engineer,,FT,bbjdfecf.a,US,US,M,baa.a
cacb.a,Data Engineer,EN,FT,cecbbeb.a,IN,IN,L,baa.a
cacb.a,Machine Learning Engineer,SE,FT,hfceeba.a,DE,DE,L,fa.a
cacb.a,Director of Data Engineering,SE,FT,jacjccj.a,GB,GB,M,baa.a
cacb.a,Lead Data Engineer,SE,FT,icaidja.a,GB,GB,S,baa.a
cacb.a,AI Scientist,EN,PT,jfeide.a,PK,,M,baa.a
cacb.a,Data Engineer,MI,FT,dgbbhdj.a,NL,NL,L,baa.a
cacb.a,Machine Learning Scientist,EN,FT,bhjadbdi.a,,,L,baa.a
,Data Scientist,MI,FT,,NG,NG,L,baa.a
cacb.a,Data Science Engineer,MI,FT,dbjhibj.a,GR,GR,M,baa.a
cacb.a,Data Analyst,EN,FT,hbgbcff.a,US,US,S,baa.a
cacb.a,Data Engineer,MI,,bfjbdjaa.a,US,US,L,baa.a
cacb.a,Big Data Engineer,MI,FT,ehhebha.a,ES,,M,fa.a
cacb.a,Principal Data Engineer,SE,FT,bfjbdjaa.a,US,US,M,baa.a
,Data Analyst,EN,FT,djhiehf.a,US,US,,baa.a
cacb.a,Applied Data Scientist,EN,FT,ihfffij.a,,GB,L,a.a
cacb.a,Data Analyst,EN,PT,icdigd.a,ES,ES,M,
cacb.a,Principal Data Scientist,MI,FT,bcabejjf.a,US,US,L,
cacb.a,Machine Learning Scientist,SE,FT,jfeidea.a,US,US,S,fa.a
cacb.a,Data Scientist,MI,FT,,IN,IN,,a.a
cacb.a,Machine Learning Engineer,EN,FT,bfjbdja.a,IN,IN,,baa.a
cacb.a,Lead Data Scientist,SE,,dccibdf.a,IN,IN,L,fa.a
cacb.a,Machine Learning Developer,EN,,,,IQ,S,fa.a
cacb.a,Data Scientist,EN,FT,djfadah.a,FR,FR,M,fa.a
cacb.a,Applied Machine Learning Scientist,MI,FT,daffegj.a,VN,US,M,baa.a
cacb.a,Computer Vision Engineer,SE,,bjajggi.a,BR,BR,M,baa.a
cacb.a,Data Scientist,EN,FT,hjfgjfa.a,US,US,S,a.a
cacb.a,Data Analyst,,FT,hbgbcff.a,US,US,M,baa.a
cacb.a,ML Engineer,MI,FT,fagjefc.a,,JP,S,fa.a
cacb.a,ML Engineer,MI,FT,gbffibf.a,JP,JP,S,fa.a
cacb.a,Principal Data Scientist,SE,,bhfafcja.a,US,US,L,a.a
,Data Scientist,EN,FT,gdgffga.a,US,US,M,baa.a
cacb.a,Data Analyst,MI,FT,bahebiid.a,US,US,L,
cacb.a,Data Science Manager,SE,FT,bjajggia.a,US,,L,a.a
,Data Engineering Manager,SE,FT,bbjdfecf.a,US,US,L,a.a
cacb.a,Data Scientist,MI,FT,gfgeeie.a,US,US,S,baa.a
cacb.a,Data Engineer,MI,,hjfgjfa.a,US,US,L,
cacb.a,Machine Learning Engineer,SE,FT,gfidijj.a,BE,BE,,fa.a
cacb.a,Research Scientist,MI,FT,ejiejfa.a,FR,FR,M,fa.a
cacb.a,Data Engineer,MI,FT,,US,US,,baa.a
cacb.a,Data Engineering Manager,SE,,bcbhebde.a,,US,L,baa.a
cacb.a,Cloud Data Engineer,SE,FT,bchdbbca.a,BR,US,S,baa.a
cacb.a,,SE,,,JP,JP,S,a.a
cacb.a,Data Scientist,MI,FT,bbjdfecf.a,,US,M,baa.a
,Data Scientist,MI,FT,gacjcjj.a,CA,CA,L,baa.a
cacb.a,Data Scientist,,FT,baggcdb.a,UA,UA,L,
cacb.a,,SE,FT,bbefiaai.a,US,US,L,baa.a
cacb.a,Data Science Engineer,SE,FT,babccjbb.a,CA,CA,L,fa.a
cacb.a,Data Scientist,MI,FT,,SG,IL,M,baa.a
cacb.a,Applied Machine Learning Scientist,MI,FT,ddgfhijj.a,US,,L,fa.a
cacb.a,Data Analytics Manager,SE,,jfeidea.a,US,US,M,baa.a
cacb.a,,EN,FT,jjegbii.a,US,US,S,baa.a
,Head of Data,EX,FT,bidaajif.a,RU,RU,L,fa.a
cacb.a,,EX,FT,ghgdeai.a,,RU,M,a.a
cacb.a,Data Engineer,MI,FT,ccfhdah.a,MT,MT,L,fa.a
cacb.a,Data Science Consultant,EN,FT,fahjaab.a,,DE,L,fa.a
cacb.a,Director of Data Science,EX,FT,badegbae.a,DE,DE,M,fa.a
cacb.a,Data Specialist,SE,FT,bdbcijgi.a,US,US,,baa.a
cacb.a,Data Engineer,EN,FT,gdgffga.a,US,,L,baa.a
cacb.a,Director of Data Science,EX,FT,bjijcdhf.a,,US,L,
cacb.a,BI Data Analyst,EN,FT,edhgdcd.a,US,,S,fa.a
cacb.a,Data Architect,MI,FT,bbjdfecf.a,,US,L,baa.a
cacb.a,Data Architect,MI,FT,bdfcgibf.a,US,,L,baa.a
cacb.a,Data Engineer,MI,,gfgghbc.a,GB,GB,L,baa.a
cacb.a,Data Analyst,,FT,ehhebha.a,US,US,S,baa.a
cacb.a,,SE,,,US,,L,baa.a
,Research Scientist,SE,,eideeae.a,PT,,L,
cacb.a,Data Engineering Manager,SE,FT,,US,US,L,baa.a
cacb.a,Data Scientist,MI,FT,ccheij.a,MX,MX,S,a.a
cacb.a,Data Scientist,MI,FT,dbifiae.a,CL,CL,L,baa.a
cacb.a,Machine Learning Engineer,EN,FT,geefbda.a,US,US,S,fa.a
cacb.a,Data Scientist,MI,FT,efbihf.a,IN,US,S,baa.a
cacb.a,Big Data Engineer,MI,FT,bhjjbeg.a,IN,IN,L,a.a
cacb.a,Data Scientist,MI,FT,hcbjgfj.a,,DE,L,fa.a
cacb.a,Data Engineer,MI,FT,,RO,US,L,a.a
cacb.a,Finance Data Analyst,SE,FT,ejcfade.a,GB,GB,L,fa.a
cacb.a,Machine Learning Scientist,MI,FL,jfeide.a,PK,PK,M,fa.a
cacb.a,Data Engineer,MI,FT,dbichi.a,IR,,M,baa.a
cacb.a,Data Analytics Engineer,SE,FT,djhiehf.a,,GB,M,baa.a
cacb.a,Data Science Consultant,EX,FT,ffejcfg.a,FR,ES,S,baa.a
,Data Engineer,SE,FT,gbbdfgd.a,RO,GB,S,fa.a
cacb.a,Machine Learning Engineer,MI,FT,fiiibed.a,JP,JP,S,fa.a
cacb.a,Data Science Manager,SE,FT,bcajefge.a,US,FR,L,baa.a
cacb.a,Machine Learning Engineer,,FT,bhdibbg.a,CO,CO,M,fa.a
cacb.a,Big Data Engineer,MI,FT,bedccfb.a,MD,MD,,a.a
cacb.a,Data Science Manager,SE,FT,,US,US,L,baa.a
cacb.a,Research Scientist,SE,FT,hgehggd.a,CA,CA,L,
,Data Scientist,MI,FT,bbgjghbh.a,US,,L,fa.a
cacb.a,BI Data Analyst,EN,FT,hdhhgi.a,KE,KE,S,baa.a
cacb.a,Machine Learning Engineer,SE,,bjdgiib.a,IN,IN,L,baa.a
cacb.a,Data Science Manager,SE,FT,edaecdd.a,IN,US,L,fa.a
cacb.a,Data Science Consultant,EN,,hbgbcff.a,US,,S,baa.a
cacb.a,Data Scientist,,FT,eijaiji.a,,AT,M,fa.a
cacb.a,Machine Learning Infrastructure Engineer,SE,FT,bffbgafd.a,US,US,M,baa.a
cacb.a,Data Scientist,MI,FT,daajhbg.a,ES,ES,L,baa.a
cacb.a,Research Scientist,SE,FT,djhiehf.a,FR,US,S,baa.a
cacb.a,,MI,FT,bchdbbca.a,US,US,,baa.a
cacb.a,Data Scientist,MI,FT,bacgfcg.a,BR,BR,,a.a
cacb.a,,SE,FT,bfjbdjaa.a,US,US,,baa.a
cacb.a,Data Engineer,SE,,bdbcijgi.a,US,US,,a.a
cacb.a,Data Engineer,MI,FL,bfjbdja.a,IT,US,L,a.a
cacb.a,Data Analytics Manager,SE,FT,jfeidea.a,US,US,L,a.a
cacb.a,Machine Learning Engineer,MI,FT,bjhfbfe.a,SI,SI,L,fa.a
cacb.a,,,FT,efbegbe.a,FR,FR,S,fa.a
cacb.a,Data Engineer,MI,FT,fcfdddi.a,HK,GB,S,fa.a
cacb.a,Big Data Engineer,EN,FT,egiaci.a,IN,CH,L,a.a
cacb.a,Machine Learning Engineer,EN,FT,bjhfbfe.a,DE,DE,M,fa.a
cacb.a,Principal Data Engineer,,FT,,US,US,L,baa.a
cacb.a,Computer Vision Engineer,EN,PT,cchgeae.a,DK,DK,S,fa.a
cacb.a,,MI,,hcbjgfj.a,DE,DE,L,fa.a
cacb.a,Machine Learning Engineer,MI,FT,hafebfe.a,BE,BE,M,baa.a
cacb.a,Data Analytics Manager,SE,FT,bbbdjhda.a,US,US,L,baa.a
,Machine Learning Engineer,,FT,dhahhaa.a,PL,PL,L,baa.a
cacb.a,Data Scientist,MI,FT,jdachij.a,GB,GB,,
cacb.a,Data Scientist,MI,FT,cgjaaig.a,IN,IN,M,a.a
cacb.a,Data Scientist,MI,FT,eehgcgc.a,GB,GB,L,fa.a
cacb.a,Machine Learning Scientist,SE,FT,bhjadbdi.a,US,,L,baa.a
cacb.a,Principal Data Scientist,EX,CT,ddbaajbc.a,,US,S,
cacb.a,,SE,FT,,CA,CA,S,baa.a
cacb.a,Data Scientist,MI,FT,hafebfe.a,DE,DE,L,fa.a
cacb.a,Data Scientist,SE,FT,bahebiid.a,US,US,L,a.a
cacb.a,Data Analyst,SE,FT,fhbbjhg.a,CA,CA,,baa.a
cacb.a,Big Data Engineer,EN,FT,bcjbcfe.a,IN,IN,L,baa.a
cacb.a,ML Engineer,SE,FT,cadgjhjc.a,US,US,S,baa.a
cacb.a,Director of Data Engineering,SE,FT,bfjbdjaa.a,US,US,L,baa.a
cacb.a,Data Analyst,SE,FT,bfjbdjaa.a,US,US,L,baa.a
cacb.a,,MI,FT,bedccfba.a,US,US,,baa.a
cacb.a,Head of Data Science,MI,FT,ihfcgef.a,US,US,S,
cacb.a,Research Scientist,MI,FT,fahhdda.a,CA,CA,M,
,Data Scientist,MI,FT,,ES,ES,M,baa.a
cacb.a,Data Scientist,EN,FT,,VN,VN,M,
cacb.a,Data Engineer,EN,FT,bhcbgef.a,IN,IN,M,fa.a
cacb.a,Data Scientist,SE,FT,icfageb.a,CA,,L,baa.a
cacb.a,,,FT,gdgffga.a,US,US,L,
cacb.a,Data Engineer,MI,FT,ihfcgef.a,US,US,L,baa.a
cacb.a,,SE,FT,bdbcijgi.a,US,US,L,baa.a
cacb.a,AI Scientist,EN,FT,,IN,AS,S,baa.a
cacb.a,Data Engineer,MI,FT,fhefihd.a,GB,GB,L,fa.a
cacb.a,Data Scientist,EN,FT,cjbfggf.a,FR,FR,L,fa.a
cacb.a,Data Engineer,MI,FT,jgdada.a,,TR,,a.a
cacb.a,Data Engineer,SE,,,GB,,L,fa.a
cacb.a,Principal Data Analyst,SE,FT,bdfcgibf.a,US,US,M,baa.a
,Data Scientist,MI,FT,jbfaejd.a,US,US,L,fa.a
cacb.a,Data Scientist,,FT,hbgbcff.a,US,US,S,baa.a
,Principal Data Engineer,EX,,ehhebhaa.a,US,US,L,baa.a
cacb.a,Data Scientist,EN,FT,ccfjgje.a,IN,IN,M,baa.a
cacb.a,Data Analyst,MI,FT,hdjjjge.a,US,US,L,baa.a
cacb.a,Big Data Architect,SE,,,CA,CA,,fa.a
cacb.a,Data Engineer,MI,FT,bfjbdjaa.a,US,US,,baa.a
,Principal Data Scientist,SE,FT,,DE,DE,M,baa.a
cacb.a,Machine Learning Engineer,SE,FT,behcadfi.a,US,US,,fa.a
cacb.a,,EX,,bbciggbf.a,DE,DE,L,a.a
cacb.a,Data Scientist,MI,FT,badeeadf.a,US,US,L,
,Data Analyst,SE,FT,fahjaab.a,DE,DE,L,fa.a
cacb.a,Data Scientist,MI,,bdefaed.a,IN,IN,S,baa.a
cacb.a,Machine Learning Engineer,SE,FT,fchcghd.a,IN,IN,L,a.a
,Data Scientist,MI,,cadbfgi.a,RS,DE,S,baa.a
cacb.a,Lead Data Engineer,SE,FT,bchdbbca.a,PR,US,,fa.a
cacb.a,Data Engineer,MI,FT,hebbijj.a,US,US,M,a.a
,,MI,FT,iijdiib.a,US,US,,a.a
cacb.a,,MI,,,TR,TR,M,baa.a
cacb.a,Data Engineer,EN,FT,fbhdafc.a,DE,DE,M,fa.a
cacb.a,Data Engineer,EN,FT,fhgihij.a,US,US,L,baa.a
cacb.a,Computer Vision Engineer,SE,FT,bfaeecb.a,,BR,,a.a
,Data Science Consultant,EN,,gbbdfgd.a,DE,DE,L,a.a
cacb.a,Machine Learning Engineer,EN,FT,ghgdeai.a,NL,DE,S,baa.a
cacb.a,Data Scientist,SE,FT,gbibchh.a,,FR,M,fa.a
cacb.a,Data Scientist,EN,FT,hjfgjfa.a,US,US,M,baa.a
cacb.a,,,FT,egbfadb.a,US,US,L,fa.a
cacb.a,AI Scientist,SE,FT,edhgdcd.a,ES,ES,L,baa.a
cacb.a,Data Scientist,SE,FT,bgaejjg.a,TR,TR,L,fa.a
cacb.a,Business Data Analyst,EN,FT,ehachbh.a,LU,,L,baa.a
,Data Engineer,MI,FT,ijbbhie.a,US,US,,
cacb.a,Research Scientist,EN,FT,hjfgjfa.a,JE,CN,L,
,Data Engineer,,,ffejcfg.a,NL,NL,L,baa.a
,Staff Data Scientist,SE,CT,idfehji.a,US,US,M,baa.a
cacb.a,Research Scientist,MI,FT,ffgjhif.a,CZ,CZ,,fa.a
cacb.a,Data Science Manager,SE,,hfdceeh.a,IN,IN,L,fa.a
cacb.a,Head of Data,SE,FT,ibiciei.a,SI,SI,L,baa.a
cacb.a,Data Scientist,MI,,ighdahg.a,US,US,L,fa.a
cacb.a,,,FT,eagdbdh.a,IT,IT,L,fa.a
cacc.a,Data Engineer,,FT,bahebiid.a,US,US,M,baa.a
cacc.a,Data Analyst,SE,FT,bcdddchd.a,,US,M,
cacc.a,Data Analyst,SE,FT,jfjgaic.a,US,US,M,baa.a
cacc.a,Data Scientist,MI,FT,badeeadf.a,US,US,M,a.a
cacc.a,Data Scientist,MI,FT,hbgbcff.a,US,US,M,a.a
,Data Engineer,,,bdfcgibf.a,US,US,M,baa.a
cacc.a,Data Engineer,MI,FT,bbjdfecf.a,US,US,M,baa.a
,Data Analyst,SE,FT,ibceaeg.a,,US,M,baa.a
cacc.a,Data Analyst,SE,FT,ghffefb.a,US,US,M,
cacc.a,,SE,FT,baihahif.a,US,US,M,baa.a
,,SE,FT,hjagacg.a,US,US,M,baa.a
cacc.a,Data Scientist,SE,FT,jdhcebc.a,GB,GB,M,a.a
cacc.a,Data Scientist,SE,FT,,GB,GB,,
cacc.a,Data Scientist,,FT,bbgbhbeh.a,US,US,M,baa.a
,Data Scientist,SE,,jhihaej.a,US,US,M,baa.a
cacc.a,Data Engineer,,FT,,GB,GB,,baa.a
cacc.a,Data Analyst,SE,FT,hihhdib.a,US,US,M,a.a
cacc.a,Data Analyst,SE,FT,jcdaagc.a,US,US,M,a.a
cacc.a,Data Analyst,MI,FT,ieffaff.a,US,US,M,
cacc.a,Data Analyst,MI,FT,,US,US,M,
cacc.a,Data Engineer,EX,FT,bjcffibj.a,US,US,M,baa.a
cacc.a,Data Engineer,EX,FT,bfjbdjaa.a,US,US,M,baa.a
cacc.a,Data Scientist,MI,FT,fcagigj.a,GB,GB,M,a.a
,Data Scientist,MI,FT,dbcebdh.a,GB,GB,M,a.a
cacc.a,Data Engineer,MI,FT,gceichf.a,GB,GB,M,a.a
cacc.a,Data Engineer,MI,FT,ebgffed.a,GB,GB,M,a.a
cacc.a,Data Scientist,SE,FT,bdbegehd.a,US,US,M,baa.a
cacc.a,Data Engineer,EN,FT,dgeeiea.a,GB,GB,M,baa.a
cacc.a,Data Scientist,SE,FT,jfgbahb.a,US,US,M,baa.a
cacc.a,Data Analyst,SE,FT,hbighbh.a,US,US,M,baa.a
cacc.a,Data Engineer,SE,FT,,US,US,M,a.a
cacc.a,Data Engineer,SE,FT,bafcigdg.a,US,US,M,a.a
,Data Engineer,SE,FT,bhfbeaed.a,US,US,M,a.a
cacc.a,,SE,FT,bchdheig.a,US,US,M,a.a
cacc.a,Data Scientist,SE,FT,bedccfba.a,US,US,L,a.a
cacc.a,Data Scientist,SE,,jfeidea.a,US,US,L,a.a
cacc.a,,SE,FT,jiibhdg.a,US,,M,baa.a
cacc.a,Data Analyst,EX,FT,,US,US,M,baa.a
cacc.a,Data Analyst,EX,FT,ihfcgef.a,US,US,M,
cacc.a,Data Analyst,,FT,bdfcgibf.a,US,,M,
cacc.a,Data Analyst,MI,FT,jbjachh.a,US,US,M,baa.a
cacc.a,Data Analyst,SE,FT,ijiddjh.a,US,US,M,baa.a
,,SE,FT,hbighbh.a,,US,M,baa.a
cacc.a,Data Analyst,SE,FT,ijiddjh.a,US,US,M,baa.a
cacc.a,Data Analyst,,FT,hbighbh.a,,US,,baa.a
cacc.a,Data Engineer,,FT,bdbgahjf.a,US,,,baa.a
cacc.a,Data Engineer,SE,,bafcigdg.a,US,US,M,baa.a
cacc.a,Data Analyst,MI,FT,bdciibah.a,US,US,M,
cacc.a,Data Engineer,SE,FT,bjeahaab.a,US,US,,baa.a
cacc.a,Data Analyst,SE,FT,baigjbje.a,US,US,M,baa.a
cacc.a,Data Analyst,SE,FT,igjfdff.a,US,US,M,
,Data Engineer,SE,FT,bacfefbj.a,US,,M,baa.a
cacc.a,Data Engineer,SE,FT,heffggc.a,US,,M,baa.a
cacc.a,Head of Data Science,EX,FT,bhicdfgi.a,US,US,M,baa.a
cacc.a,Head of Data Science,EX,FT,bddfhhda.a,US,US,M,baa.a
cacc.a,Analytics Engineer,EX,FT,bdjceggd.a,US,US,M,baa.a
cacc.a,Data Engineer,SE,FT,bcegafie.a,US,US,M,baa.a
cacc.a,Data Engineer,SE,FT,igfhbgc.a,US,US,M,a.a
cacc.a,Data Scientist,SE,FT,hgacigg.a,US,US,M,a.a
cacc.a,Data Engineer,SE,FT,ijjbdfe.a,US,US,L,a.a
cacc.a,Data Analyst,SE,FT,bahebiid.a,US,,M,baa.a
,Data Science Manager,,FT,bcidhjac.a,US,,M,baa.a
cacc.a,,SE,FT,bajbcceb.a,US,US,M,
,Data Scientist,SE,FT,bdciibah.a,US,US,M,baa.a
cacc.a,Data Scientist,SE,FT,jhihaej.a,US,US,M,baa.a
cacc.a,,SE,FT,gceichf.a,GB,GB,M,a.a
cacc.a,Data Engineer,SE,FT,fcagigj.a,GB,GB,M,a.a
cacc.a,,SE,FT,,,US,,a.a
cacc.a,Data Scientist,SE,,bgicijej.a,US,US,M,baa.a
cacc.a,Data Architect,SE,FT,bfdajbhc.a,CA,CA,M,baa.a
cacc.a,Data Architect,SE,FT,,CA,CA,M,baa.a
cacc.a,Data Analyst,,FT,badeeadf.a,CA,CA,,baa.a
cacc.a,Data Analyst,SE,FT,eihhgba.a,CA,CA,M,baa.a
cacc.a,Data Analyst,,FT,badeeadf.a,CA,CA,M,baa.a
cacc.a,Data Analyst,SE,FT,eihhgba.a,CA,CA,M,baa.a
cacc.a,Data Engineer,SE,FT,bchdbbca.a,US,,L,a.a
cacc.a,Data Scientist,SE,FT,bbaciddd.a,US,US,M,baa.a
cacc.a,,SE,FT,baicbefc.a,US,US,M,a.a
cacc.a,Data Analyst,MI,FT,egbfadb.a,US,US,S,a.a
cacc.a,Analytics Engineer,EX,FT,bahebiid.a,US,US,M,baa.a
cacc.a,Data Scientist,SE,FT,bdfcgibf.a,US,US,M,
cacc.a,,SE,FT,jhihaej.a,,US,M,baa.a
cacc.a,Machine Learning Engineer,SE,FT,bfajadfg.a,US,,,a.a
cacc.a,Machine Learning Engineer,SE,FT,bdbcigej.a,US,US,M,a.a
cacc.a,ETL Developer,MI,,edhcjab.a,GR,GR,,a.a
cacc.a,ETL Developer,MI,FT,,GR,GR,M,a.a
cacc.a,Lead Data Engineer,EX,FT,jeaeaia.a,CA,CA,S,baa.a
cacc.a,Data Analyst,SE,FT,bafadbhe.a,US,US,M,a.a
cacc.a,Data Engineer,,,bdbgahjf.a,US,,M,baa.a
cacc.a,Data Architect,SE,FT,bggbcbcc.a,US,US,M,baa.a
cacc.a,Data Architect,SE,FT,bbhgadhc.a,US,US,M,baa.a
cacc.a,Data Engineer,SE,FT,bajaafee.a,US,US,M,baa.a
cacc.a,Data Engineer,SE,FT,iaibihe.a,,,M,baa.a
cacc.a,Data Analyst,SE,FT,bacfefbj.a,US,US,M,baa.a
cacc.a,Data Analyst,,,heffggc.a,,US,M,baa.a
cacc.a,Head of Machine Learning,EX,FT,,IN,IN,L,fa.a
cacc.a,Data Engineer,SE,FT,bafcigdg.a,US,US,M,baa.a
cacc.a,Machine Learning Engineer,EN,FT,cjghjec.a,GB,,L,
cacc.a,Data Analyst,SE,FT,bdaejdji.a,US,US,M,a.a
cacc.a,Data Engineer,SE,FT,bcdddchd.a,US,US,M,baa.a
cacc.a,Machine Learning Engineer,MI,FT,jijdbbf.a,,GB,,a.a
cacc.a,Machine Learning Engineer,,FT,hibadid.a,GB,GB,M,a.a
cacc.a,AI Scientist,MI,FT,jfeidea.a,US,US,M,a.a
cacc.a,,SE,FT,ijiddjh.a,US,US,,baa.a
cacc.a,Data Analyst,SE,FT,hbighbh.a,US,US,M,baa.a
cacc.a,Data Analytics Manager,SE,FT,bbfdhfhi.a,US,US,M,baa.a
cacc.a,Data Analytics Manager,SE,FT,idiggcf.a,,US,M,
cacc.a,Machine Learning Engineer,MI,FT,gjjghaf.a,FR,DE,M,baa.a
cacc.a,Data Engineer,MI,FT,jdhcebc.a,GB,GB,M,a.a
cacc.a,Data Scientist,SE,,bhbdbdbd.a,US,US,L,baa.a
cacc.a,Data Scientist,SE,FT,bcfihijf.a,,US,L,baa.a
cacc.a,Data Engineer,SE,FT,bggdhjic.a,US,US,L,baa.a
cacc.a,Data Engineer,SE,,bcdabeef.a,US,US,L,baa.a
cacc.a,Data Analyst,SE,FT,jcceiba.a,US,,M,a.a
cacc.a,Data Analyst,SE,FT,,,US,M,a.a
cacc.a,Data Engineer,SE,FT,bdjceggd.a,US,US,M,
cacc.a,Data Engineer,MI,FT,hibadid.a,GB,GB,M,a.a
cacc.a,Data Analyst,MI,FT,egbfadb.a,US,US,S,a.a
cacc.a,Data Engineer,,FT,begaijga.a,US,US,L,baa.a
cacc.a,Data Analyst,MI,FT,ebgffed.a,GB,GB,M,baa.a
cacc.a,Data Scientist,SE,FT,bedccfba.a,US,US,,baa.a
cacc.a,Data Scientist,MI,FT,fhchfhc.a,GB,GB,M,a.a
cacc.a,Data Scientist,MI,FT,dgeeiea.a,GB,GB,M,a.a
cacc.a,Data Engineer,MI,,fcehfcj.a,GR,GR,M,baa.a
cacc.a,Data Engineer,MI,FT,,GR,GR,M,baa.a
cacc.a,Data Engineer,MI,FT,,GB,GB,M,
cacc.a,Data Engineer,MI,FT,egigbgg.a,GB,GB,M,
cacc.a,Data Scientist,SE,FT,cagiiaha.a,US,US,M,baa.a
cacc.a,Data Science Engineer,,FT,ehhebha.a,AR,,L,baa.a
cacc.a,Data Engineer,MI,FT,faieejb.a,US,US,M,a.a
cacc.a,Machine Learning Scientist,MI,FT,bchdbbca.a,,US,L,baa.a
,Machine Learning Scientist,MI,FT,,US,,L,baa.a
cacc.a,Data Science Manager,MI,FT,bjbhgcfa.a,US,US,M,baa.a
cacc.a,Data Science Manager,MI,FT,bcgfbffb.a,US,US,M,baa.a
cacc.a,Data Scientist,SE,FT,bedccfba.a,US,US,M,a.a
cacc.a,Data Scientist,SE,FT,gdgffga.a,US,US,M,a.a
cacc.a,Data Engineer,MI,FT,gfjgdbc.a,,US,M,a.a
cacc.a,Data Engineer,SE,,iacagag.a,US,US,L,baa.a
,Data Engineer,MI,FT,djdffih.a,ES,ES,M,baa.a
cacc.a,Data Scientist,SE,FT,bbbhbffi.a,US,US,L,
cacc.a,Data Analyst,MI,FT,dbcebdh.a,GB,GB,,baa.a
cacc.a,Data Analyst,MI,FT,,ES,ES,,baa.a
cacc.a,Data Analyst,MI,FT,cgcdhcf.a,ES,ES,M,baa.a
cacc.a,Data Engineer,MI,FT,gjjghaf.a,,ES,M,baa.a
cacc.a,Data Engineer,MI,FT,gbccahh.a,,,M,baa.a
cacc.a,,MI,FT,iddbaig.a,GB,GB,M,baa.a
cacc.a,,MI,FT,hcijgia.a,GB,GB,M,baa.a
cacc.a,Data Engineer,,FT,fcehfcj.a,ES,ES,M,baa.a
cacc.a,Data Engineer,MI,FT,gjjghaf.a,GR,GR,M,baa.a
cacc.a,Machine Learning Engineer,SE,FT,bfajadfg.a,,US,M,a.a
cacc.a,Machine Learning Engineer,SE,FT,bdbcigej.a,US,US,,a.a
cacc.a,Data Analyst,MI,FT,dejidfd.a,GR,GR,M,baa.a
cacc.a,Data Analyst,MI,,cgcdhcf.a,GR,GR,M,baa.a
cacc.a,Data Engineer,MI,FT,hibadid.a,,GB,M,baa.a
cacc.a,Data Engineer,MI,FT,gceichf.a,GB,GB,M,
cacc.a,Data Scientist,SE,FT,bhbdbdbd.a,US,US,L,a.a
cacc.a,Data Engineer,MI,FT,gbccahh.a,GR,GR,M,baa.a
cacc.a,Data Engineer,,FT,bggdhjic.a,,US,L,baa.a
cacc.a,Data Engineer,SE,FT,bcdabeef.a,,,L,baa.a
cacc.a,Data Engineer,SE,FT,bedccfba.a,US,US,M,baa.a
cacc.a,ML Engineer,EN,FT,bhejbhg.a,PT,PT,L,baa.a
cacc.a,Data Engineer,SE,FT,,,US,M,baa.a
,,MI,FT,gcgjdga.a,CA,CA,M,
cacc.a,,EX,FT,bfghdfcb.a,CA,CA,L,fa.a
cacc.a,Machine Learning Engineer,MI,FT,jfeidea.a,US,US,S,baa.a
cacc.a,,EN,FT,jjegbii.a,US,US,M,a.a
cacc.a,NLP Engineer,MI,FT,,US,US,L,fa.a
cacc.a,Data Engineer,SE,FT,,US,US,M,baa.a
cacc.a,Lead Machine Learning Engineer,SE,FT,,DE,,M,a.a
cacc.a,Business Data Analyst,MI,FT,beghecb.a,,,M,baa.a
cacc.a,Data Scientist,MI,FT,cfbffja.a,,IN,L,baa.a
cacc.a,Machine Learning Infrastructure Engineer,MI,FT,egdfdcb.a,PT,PT,L,
cacc.a,Financial Data Analyst,EN,,hjfgjfa.a,US,US,L,fa.a
cacc.a,Data Engineer,MI,PT,edhcjab.a,DE,,L,fa.a
cacc.a,Data Scientist,EN,,beghecb.a,IN,IN,M,baa.a
cacc.a,Principal Data Scientist,SE,FT,bcjediij.a,DE,DE,,baa.a
cacc.a,Data Engineer,EN,FT,jfeidea.a,US,US,M,baa.a
cacc.a,Research Scientist,SE,FT,bbefiaai.a,US,US,L,fa.a
cacc.a,Data Scientist,SE,FT,idegaef.a,US,US,M,baa.a
cacc.a,Data Engineer,,FT,hjfgjfa.a,,US,M,baa.a
cacc.a,,SE,FT,bbbdjhda.a,US,US,M,baa.a
cacc.a,Data Analyst,MI,FT,bahebiid.a,,US,M,baa.a
cacc.a,Data Analyst,MI,FT,,US,US,M,baa.a
cacc.a,Data Scientist,SE,FT,,US,US,M,baa.a
cacc.a,Data Scientist,SE,FT,bbbdjhda.a,,,M,baa.a
cacc.a,Data Scientist,MI,FT,,GB,GB,M,a.a
cacc.a,Data Scientist,MI,FT,hcijgia.a,GB,GB,M,a.a
,Data Scientist,SE,,behcidbe.a,US,US,M,baa.a
cacc.a,Machine Learning Engineer,SE,FT,bhfafcja.a,US,US,M,baa.a
cacc.a,Data Scientist,MI,FT,bfjbdjaa.a,US,US,M,baa.a
cacc.a,Data Scientist,MI,FT,jfeidea.a,US,US,M,baa.a
,Machine Learning Engineer,SE,FT,jfeidea.a,,AE,,baa.a
cacc.a,Machine Learning Engineer,SE,FT,fbhcabi.a,AE,AE,S,baa.a
cacc.a,Data Engineer,EX,FT,,US,US,M,baa.a
cacc.a,Data Engineer,EX,FT,bhbihabc.a,US,US,M,
cacc.a,Data Engineer,SE,FT,bghajfjf.a,US,US,M,
cacc.a,Machine Learning Engineer,SE,FT,jfeidea.a,US,US,M,baa.a
cacc.a,Data Scientist,SE,FT,bidaajif.a,US,US,M,baa.a
cacc.a,Data Scientist,EN,PT,hjfgjfa.a,DZ,DZ,M,fa.a
,Data Scientist,MI,FL,,CA,US,M,baa.a
cacc.a,Applied Machine Learning Scientist,EN,CT,cfdgchi.a,TN,CZ,M,baa.a
cacc.a,Head of Data,SE,FT,bfjbdjaa.a,,US,M,baa.a
cacc.a,Principal Data Analyst,MI,FT,fjghhbd.a,CA,CA,S,baa.a
cacc.a,Data Scientist,MI,FT,cidbihj.a,PL,PL,L,baa.a
cacc.a,Machine Learning Developer,SE,FT,gcgjdga.a,CA,CA,M,baa.a
cacc.a,Data Scientist,,FT,hjfgjfa.a,BR,,M,baa.a
,Machine Learning Scientist,MI,FT,bcbhebde.a,US,,M,fa.a
cacc.a,Data Engineer,EN,FT,egbhibg.a,,DE,M,baa.a
cacc.a,Data Scientist,SE,FT,bdbcijgi.a,US,,M,baa.a
cacc.a,Research Scientist,SE,FT,heddjea.a,FR,FR,L,fa.a
cacc.a,Data Scientist,EN,FT,ebgjbce.a,CA,CA,,baa.a
cacc.a,,SE,FT,ejifbaj.a,NL,NL,L,baa.a
cacc.a,Head of Data,MI,FT,cgcdhcf.a,EE,EE,S,baa.a
cacc.a,Data Scientist,EN,FT,dbichia.a,JP,MY,L,baa.a
,Machine Learning Engineer,MI,FT,gjfgdge.a,AU,AU,L,
cacc.a,Data Engineer,SE,FT,jbfaejd.a,US,US,M,baa.a
,Data Scientist,EN,FT,gijijbe.a,,AU,M,fa.a
cacc.a,Applied Machine Learning Scientist,MI,FT,fjghhbd.a,BO,US,L,baa.a
cacc.a,Research Scientist,MI,FT,fbgaaad.a,AT,AT,L,a.a
cacc.a,Research Scientist,EN,FT,jfeidea.a,US,US,,baa.a
cacc.a,Applied Data Scientist,MI,FT,bcejcebc.a,US,US,L,baa.a
cacc.a,Computer Vision Software Engineer,EN,FT,bbjdfecf.a,AU,AU,S,baa.a
cacc.a,Business Data Analyst,MI,FT,fgecedc.a,CA,CA,L,
cacc.a,Data Engineer,EN,FT,fbhcabi.a,US,US,S,baa.a
cacc.a,,SE,FT,fgiehgd.a,IE,IE,S,baa.a
cacc.a,Data Analytics Engineer,EN,FT,bfjbdja.a,PK,,M,a.a
cacc.a,,MI,FT,dibjddg.a,RU,US,S,baa.a
cacc.a,Data Science Manager,SE,,bcbdedej.a,US,US,M,baa.a
cacc.a,Data Engineer,MI,FT,feccecd.a,FR,FR,M,baa.a
cacc.a,Data Scientist,,FT,jhdfaba.a,CH,CH,L,a.a
,,SE,FT,dacdgeba.a,US,US,L,baa.a
cacc.a,Data Scientist,MI,,,CA,CA,M,baa.a
,Computer Vision Engineer,EN,FT,hjfgjf.a,PT,LU,M,baa.a
,,MI,FT,bfjbdja.a,GR,GR,S,baa.a
cacc.a,Data Analytics Lead,SE,FT,dcccfgei.a,US,US,L,baa.a
cacc.a,Data Scientist,MI,FT,bahebiid.a,US,US,L,baa.a
cacc.a,Applied Data Scientist,SE,FT,beaidiac.a,US,US,L,baa.a
cacc.a,Data Scientist,MI,FT,gcagecb.a,US,US,,baa.a
cacc.a,Data Analyst,SE,FT,bahebiid.a,US,US,M,baa.a
cacc.a,,SE,FT,hjfgjfa.a,US,US,M,baa.a
cacc.a,Data Analyst,SE,FT,hbighbh.a,US,US,M,baa.a
cacc.a,Data Analyst,MI,FT,ghgdeai.a,CA,CA,,a.a
cacc.a,Data Analyst,MI,FT,fjghhbd.a,CA,CA,M,a.a
cacc.a,Machine Learning Engineer,SE,FT,bhachihd.a,US,US,M,baa.a
cacc.a,Machine Learning Engineer,SE,FT,bfdcfaig.a,US,US,M,baa.a
cacc.a,Data Architect,SE,FT,cbbjhdbf.a,US,US,M,baa.a
cacc.a,Data Architect,SE,FT,bgjfhifc.a,US,US,M,
cacc.a,Data Analyst,SE,FT,ijiddjh.a,US,,M,baa.a
cacc.a,Data Engineer,SE,FT,bcdddchd.a,US,US,,baa.a
cacc.a,Data Scientist,MI,FT,bbcedbha.a,US,US,M,a.a
cacc.a,Data Scientist,MI,,ibceaeg.a,US,US,M,a.a
cacc.a,,SE,FT,jcceiba.a,US,US,,baa.a
cacc.a,Data Analyst,SE,FT,gejibcd.a,US,US,M,baa.a
cacc.a,Data Engineer,MI,FT,bgeegjdg.a,,US,M,a.a
cacc.a,Data Engineer,MI,FT,hiifddh.a,US,US,M,a.a
cacc.a,Data Engineer,SE,FT,badeeadf.a,US,US,M,baa.a
cacc.a,Data Engineer,SE,FT,jbfaejd.a,US,US,M,
cacc.a,Data Engineer,SE,FT,ihjceda.a,US,US,M,baa.a
cacc.a,Data Engineer,SE,FT,badeeadf.a,US,US,M,baa.a
,Data Analyst,,FT,hiibdfj.a,US,US,,baa.a
cacc.a,Data Engineer,SE,FT,bchdbbca.a,US,US,M,baa.a
cacc.a,Data Scientist,SE,FT,bgddfgbi.a,US,US,L,a.a
cacc.a,,SE,FT,,US,,L,
cacc.a,Data Scientist,SE,FT,beaaecdc.a,US,US,M,baa.a
cacc.a,Data Scientist,SE,FT,bbefiaai.a,US,US,M,baa.a
cacc.a,Data Engineer,SE,FT,bfjcbifh.a,US,US,M,baa.a
cacc.a,Data Engineer,SE,FT,,US,US,M,baa.a
cacc.a,Data Engineer,SE,,bbfdhfhi.a,US,US,M,baa.a
cacc.a,Data Engineer,SE,FT,fgajgfa.a,US,US,M,a.a
cacc.a,Data Scientist,SE,FT,bgddfgbi.a,US,US,M,a.a
cacc.a,Data Scientist,,FT,bbbhbffi.a,US,,M,a.a
cacc.a,Analytics Engineer,,FT,bgddfgbi.a,US,US,M,a.a
cacc.a,Analytics Engineer,SE,FT,begjgeih.a,US,US,M,a.a
cacc.a,Data Engineer,SE,FT,bdjdcgbj.a,US,US,M,baa.a
cacc.a,Data Engineer,SE,FT,bbbfjgcc.a,US,US,M,baa.a
cacc.a,Data Analyst,SE,FT,jcebjjh.a,US,US,M,baa.a
cacc.a,Data Engineer,SE,FT,ecjghfd.a,US,US,M,a.a
cacc.a,Data Analyst,SE,FT,bdfcgibf.a,US,US,M,baa.a
,Data Analyst,MI,FT,,,GB,M,a.a
cacc.a,Data Analyst,SE,FT,gdgffga.a,US,US,M,baa.a
cacc.a,Data Scientist,,FT,bbbdjhda.a,US,US,M,
cacc.a,Data Scientist,,FT,bghajfjf.a,US,US,M,baa.a
cacc.a,Data Scientist,SE,FT,bbbdjhda.a,US,US,,baa.a
cacc.a,Data Analyst,,,hjfgjfa.a,US,US,M,baa.a
cacc.a,Data Analyst,SE,FT,fejacjg.a,US,US,M,baa.a
cacc.a,Data Scientist,SE,,bghajfjf.a,US,US,M,
cacc.a,Data Scientist,,FT,bbbdjhda.a,US,US,,baa.a
cacc.a,Data Scientist,SE,,bghajfjf.a,US,US,M,baa.a
cacc.a,Data Analyst,SE,FT,bbjebdjd.a,US,US,M,baa.a
cacc.a,Data Engineer,SE,FT,hjfgjfa.a,US,US,M,baa.a
cacc.a,Data Engineer,SE,FT,bjijcdi.a,US,US,M,baa.a
cacc.a,Data Analyst,SE,FT,,US,US,M,baa.a
cacc.a,Data Analyst,,FT,ieffaff.a,US,US,M,baa.a
cacc.a,Data Engineer,SE,FT,bhfbeaed.a,,US,M,baa.a
cacc.a,Data Engineer,SE,FT,bchdheig.a,US,US,M,baa.a
cacc.a,Data Analyst,SE,FT,idfehji.a,US,US,,baa.a
cacc.a,Data Analyst,SE,FT,iicgceh.a,US,US,M,baa.a
cacc.a,,MI,FT,dgeeiea.a,GB,GB,M,a.a
cacc.a,Data Scientist,,FT,,US,US,M,baa.a
cacc.a,Data Analyst,SE,FT,hihhdib.a,US,US,M,a.a
cacc.a,Data Analyst,SE,FT,ehhebha.a,US,US,M,baa.a
cacc.a,Data Architect,SE,FT,bfdccccb.a,,US,M,baa.a
cacc.a,Data Architect,SE,FT,bbfcfjga.a,US,US,M,baa.a
cacc.a,,SE,FT,bidaajif.a,US,US,M,baa.a
cacc.a,,SE,FT,bbjdfecf.a,,US,M,baa.a
cacc.a,Data Analytics Manager,SE,FT,bbjfgbbd.a,US,US,,
cacc.a,Data Analytics Manager,SE,FT,igjfdff.a,US,US,M,baa.a
cacc.a,Data Scientist,SE,FT,bghajfjf.a,US,US,M,baa.a
cacc.a,Data Analyst,SE,FT,bdfcgibf.a,US,US,M,baa.a
cacc.a,,MI,FT,bchdbbca.a,US,US,M,baa.a
cacc.a,Data Scientist,MI,FT,badeeadf.a,US,US,M,baa.a
cacc.a,Data Analyst,EN,,fddbbfh.a,CA,,M,a.a
cacc.a,Data Analyst,EN,FT,ebdhgbe.a,CA,CA,M,a.a
cacc.a,Data Engineer,,FT,bccfdhad.a,US,US,M,
cacc.a,Data Engineer,SE,FT,baacfhfh.a,US,US,M,baa.a
cacc.a,Data Analyst,SE,FT,bacgeegg.a,US,US,M,a.a
cacc.a,Data Analyst,SE,FT,bbjdfecf.a,US,US,M,baa.a
cacc.a,AI Scientist,MI,FT,,IN,,L,baa.a
