c1 str,c3 str,c4 str,c13 str,c14 str,c26 str,c41 str,c42 str,c43 str,c44 str,c45 str,c48 int,c50 int,c90 str,c91 str
ALAMANCE,A,ACTIVE,AARONCHRISTINACASTAGNA,CHRISTINACASTAGNAAARON,421WHITTAVE,WHITE,UN,UNDESIGNATED,UNA,UNAFFILIATED,36.0,3261996.0,Age2640,AA98377
ALAMANCE,A,ACTIVE,AARONCLAUDIAHAYDEN,CLAUDIAHAYDENAARON,1013EDITHST,WHITE,,NOTHISPANICorNOTLATINO,UNA,UNAFFILIATED,67.0,8151989.0,AgeOver66,AA69747
ALAMANCE,A,ACTIVE,AARONJAMESMICHAEL,JAMESMICHAELAARON,1647SAXAPAHAWBETHLEHEMCHURCHRDB203,WHITE,UN,UNDESIGNATED,DEM,DEMOCRATIC,64.0,3072012.0,Age4165,AA170513
ALAMANCE,A,ACTIVE,AARONNATHANEDWARD,NATHANEDWARDAARON,421WHITTAVE,WHITE,UN,UNDESIGNATED,UNA,UNAFFILIATED,36.0,,Age2640,AA91549
ALAMANCE,A,ACTIVE,AARONWILLIEDALE,WILLIEDALEAARON,1013EDITHST,WHITE,,NOTHISPANICorNOTLATINO,UNA,UNAFFILIATED,68.0,6061990.0,AgeOver66,AA71983
ALAMANCE,A,ACTIVE,AARONSONGENAHOLT,GENAHOLTAARONSON,,WHITE,NL,NOTHISPANICorNOTLATINO,REP,REPUBLICAN,40.0,8181998.0,Age2640,AA111384
ALAMANCE,A,ACTIVE,AARONSONMICHAELCHARLES,,,WHITE,NL,NOTHISPANICorNOTLATINO,UNA,UNAFFILIATED,,1192006.0,Age4165,AA145641
ALAMANCE,A,ACTIVE,ABADPRISCILLAMARIE,PRISCILLAMARIEABAD,100COLONNADEDR225,OTHER,HL,HISPANICorLATINO,UNA,UNAFFILIATED,23.0,11012008.0,,AA162307
ALAMANCE,A,ACTIVE,ABADIECOLLEENMIASHEL,COLLEENMIASHELABADIE,,TWOorMORERACES,HL,HISPANICorLATINO,REP,REPUBLICAN,,9231992.0,Age4165,AA83989
ALAMANCE,A,ACTIVE,ABADIEJACKEDWARDJR,JACKEDWARDABADIEJR,612SIDEVIEWST,WHITE,NL,NOTHISPANICorNOTLATINO,UNA,UNAFFILIATED,26.0,1162009.0,Age2640,AA165057
ALAMANCE,A,ACTIVE,ABADIEMYRAHOLLIFIELD,MYRAHOLLIFIELDABADIE,612SIDEVIEWST,WHITE,NL,NOTHISPANICorNOTLATINO,UNA,UNAFFILIATED,60.0,12022008.0,Age4165,AA162459
ALAMANCE,A,ACTIVE,ABBASFALISA,FALISAABBAS,707SUMMITRIDGERDA,BLACKorAFRICANAMERICAN,UN,UNDESIGNATED,DEM,DEMOCRATIC,,7032012.0,Age4165,AA172137
ALAMANCE,A,ACTIVE,ABBASRAFAT,RAFATABBAS,514WESTRIDGEDR,ASIAN,UN,UNDESIGNATED,DEM,DEMOCRATIC,60.0,3302000.0,Age4165,AA117728
ALAMANCE,A,ACTIVE,ABBATECOLARONALDJOSEPHJR,RONALDJOSEPHABBATECOLAJR,504BROOKFIELDDR,WHITE,UN,UNDESIGNATED,UNA,UNAFFILIATED,36.0,5141996.0,Age2640,AA99206
ALAMANCE,A,ACTIVE,ABBATECOLATRACYBOONE,TRACYBOONEABBATECOLA,504BROOKFIELDDR,WHITE,,NOTHISPANICorNOTLATINO,DEM,DEMOCRATIC,,10051992.0,Age4165,AA83740
ALAMANCE,A,ACTIVE,ABBETTDAWNLEANN,DAWNLEANNABBETT,3900JOHNSCREEKDR,WHITE,,NOTHISPANICorNOTLATINO,DEM,DEMOCRATIC,,1302004.0,Age4165,AA132775
ALAMANCE,A,ACTIVE,ABBEYBRENTDAVID,BRENTDAVIDABBEY,3304GOLDENOAKSDR,WHITE,,NOTHISPANICorNOTLATINO,REP,REPUBLICAN,44.0,6061991.0,Age4165,AA77479
ALAMANCE,A,ACTIVE,ABBEYDEMETRAAINSWORTH,DEMETRAAINSWORTHABBEY,3304GOLDENOAKSDR,WHITE,,NOTHISPANICorNOTLATINO,REP,REPUBLICAN,,1151992.0,Age4165,AA79379
ALAMANCE,I,INACTIVE,ABBEYDOROTHYESTELLA,DOROTHYESTELLAABBEY,,WHITE,,NOTHISPANICorNOTLATINO,REP,REPUBLICAN,91.0,7261990.0,AgeOver66,AA72550
ALAMANCE,R,REMOVED,ABBEYWILBURLYLE,WILBURLYLEABBEY,,WHITE,,NOTHISPANICorNOTLATINO,REP,REPUBLICAN,102.0,7261990.0,AgeOver66,AA72552
ALAMANCE,A,ACTIVE,ABBOTTAMELIABETH,AMELIABETHABBOTT,2876CALLOWAYDR,WHITE,,NOTHISPANICorNOTLATINO,UNA,UNAFFILIATED,22.0,,,AA158442
ALAMANCE,A,ACTIVE,ABBOTTANGELAMORTON,ANGELAMORTONABBOTT,2006WINNCREEKDR,WHITE,,NOTHISPANICorNOTLATINO,DEM,DEMOCRATIC,39.0,9082004.0,Age2640,AA137198
ALAMANCE,A,ACTIVE,ABBOTTBRENDACARMICHAEL,BRENDACARMICHAELABBOTT,611NTHIRDST,WHITE,,NOTHISPANICorNOTLATINO,UNA,UNAFFILIATED,57.0,4101989.0,Age4165,AA69355
ALAMANCE,A,ACTIVE,ABBOTTBRIANCHRISTOPHER,BRIANCHRISTOPHERABBOTT,2006WINNCREEKDR,WHITE,,NOTHISPANICorNOTLATINO,UNA,UNAFFILIATED,40.0,8172007.0,Age2640,AA150416
ALAMANCE,A,ACTIVE,ABBOTTBRUCECLEATON,BRUCECLEATONABBOTT,188LAKECAMMACKCT,WHITE,,NOTHISPANICorNOTLATINO,REP,REPUBLICAN,62.0,10242002.0,Age4165,AA128475
ALAMANCE,A,ACTIVE,ABBOTTCHERYLFAULKNER,CHERYLFAULKNERABBOTT,188LAKECAMMACKCT,WHITE,,NOTHISPANICorNOTLATINO,REP,REPUBLICAN,58.0,7261976.0,Age4165,AA10843
ALAMANCE,A,ACTIVE,ABBOTTCHRISTOPHERBRANDON,CHRISTOPHERBRANDONABBOTT,309BURLINGTONAVE,WHITE,,NOTHISPANICorNOTLATINO,UNA,UNAFFILIATED,38.0,11012012.0,Age2640,EH689372
ALAMANCE,A,ACTIVE,ABBOTTCOURTNEYLOVE,COURTNEYLOVEABBOTT,309BURLINGTONAVE,WHITE,,NOTHISPANICorNOTLATINO,UNA,UNAFFILIATED,42.0,9212012.0,Age4165,CJ57764
ALAMANCE,A,ACTIVE,ABBOTTDWAYNEROGER,DWAYNEROGERABBOTT,2839LADALELN,WHITE,,NOTHISPANICorNOTLATINO,UNA,UNAFFILIATED,53.0,9191991.0,Age4165,AA78352
ALAMANCE,A,ACTIVE,ABBOTTFRANKPATRICK,FRANKPATRICKABBOTT,,WHITE,UN,UNDESIGNATED,UNA,UNAFFILIATED,,10052004.0,Age4165,AA139638
ALAMANCE,A,ACTIVE,ABBOTTGLADYSMARIEMILES,GLADYSMARIEMILESABBOTT,614TUCKERST,BLACKorAFRICANAMERICAN,NL,NOTHISPANICorNOTLATINO,DEM,DEMOCRATIC,60.0,11052002.0,Age4165,AA128440
ALAMANCE,A,ACTIVE,ABBOTTHAROLDGRANT,HAROLDGRANTABBOTT,507EVERETTST320B,WHITE,NL,NOTHISPANICorNOTLATINO,REP,REPUBLICAN,68.0,3082012.0,AgeOver66,BW52456
ALAMANCE,A,ACTIVE,ABBOTTJESSICANADINE,JESSICANADINEABBOTT,2876CALLOWAYDR,WHITE,NL,NOTHISPANICorNOTLATINO,UNA,UNAFFILIATED,29.0,5112005.0,Age2640,AA143570
ALAMANCE,A,ACTIVE,ABBOTTJOYCEHODGES,JOYCEHODGESABBOTT,1934TUCKERSTA,WHITE,NL,NOTHISPANICorNOTLATINO,DEM,DEMOCRATIC,65.0,9241990.0,Age4165,AA73791
ALAMANCE,R,REMOVED,ABBOTTLATWOIABEREA,LATWOIABEREAABBOTT,201STALEYHALL,BLACKorAFRICANAMERICAN,NL,NOTHISPANICorNOTLATINO,DEM,DEMOCRATIC,27.0,4202004.0,Age2640,AA134012
ALAMANCE,A,ACTIVE,ABBOTTLAWRENCEELMERJR,LAWRENCEELMERABBOTTJR,,WHITE,NL,NOTHISPANICorNOTLATINO,UNA,UNAFFILIATED,61.0,1091990.0,Age4165,AA70427
ALAMANCE,A,ACTIVE,ABBOTTMARIALYNETTE,,614TUCKERST,BLACKorAFRICANAMERICAN,NL,NOTHISPANICorNOTLATINO,DEM,DEMOCRATIC,27.0,5022008.0,Age2640,BY382231
ALAMANCE,A,ACTIVE,ABBOTTNANCYSKIDMORE,NANCYSKIDMOREABBOTT,,WHITE,NL,NOTHISPANICorNOTLATINO,UNA,UNAFFILIATED,68.0,5172002.0,AgeOver66,AA126410
ALAMANCE,A,ACTIVE,ABBOTTPATTIBELVIN,PATTIBELVINABBOTT,,WHITE,UN,UNDESIGNATED,REP,REPUBLICAN,,10051992.0,Age4165,AA85351
ALAMANCE,I,INACTIVE,ABBOTTRACHELMARA,RACHELMARAABBOTT,,WHITE,NL,NOTHISPANICorNOTLATINO,REP,REPUBLICAN,27.0,,Age2640,AA140167
ALAMANCE,A,ACTIVE,ABBOTTSUSANHANKS,SUSANHANKSABBOTT,2876CALLOWAYDR,WHITE,UN,UNDESIGNATED,UNA,UNAFFILIATED,53.0,9142012.0,Age4165,AA174804
ALAMANCE,I,INACTIVE,ABBOTTTAYLORRENEE,TAYLORRENEEABBOTT,406WLEBANONAVEA,WHITE,UN,UNDESIGNATED,REP,REPUBLICAN,24.0,10032008.0,,AA158888
ALAMANCE,I,INACTIVE,ABBOTTTIFFANYMURIELARLENE,TIFFANYMURIELARLENEABBOTT,144WCRESCENTSQUAREDRE,BLACKorAFRICANAMERICAN,NL,NOTHISPANICorNOTLATINO,DEM,DEMOCRATIC,26.0,8052009.0,Age2640,AA164488
ALAMANCE,I,INACTIVE,ABBOTTVIRGINIASMITH,VIRGINIASMITHABBOTT,2820BLANCHEDR,WHITE,NL,NOTHISPANICorNOTLATINO,REP,REPUBLICAN,85.0,2221988.0,AgeOver66,AA64023
ALAMANCE,A,ACTIVE,ABBOTTLUNSFORDSHELBYLYNN,SHELBYLYNNABBOTTLUNSFORD,509FERNWAYDR,BLACKorAFRICANAMERICAN,NL,NOTHISPANICorNOTLATINO,DEM,DEMOCRATIC,39.0,5291991.0,Age2640,AA77641
ALAMANCE,A,ACTIVE,ABDALLAKHALEDISMAIL,KHALEDISMAILABDALLA,605ISLEYPLC,WHITE,,NOTHISPANICorNOTLATINO,DEM,DEMOCRATIC,40.0,5022008.0,Age2640,AA154891
ALAMANCE,A,ACTIVE,ABDELMAGIDLISAANN,,1841DUNBARPL,WHITE,,NOTHISPANICorNOTLATINO,UNA,UNAFFILIATED,52.0,11102011.0,Age4165,AA169698
ALAMANCE,I,INACTIVE,ABDELKARIMAMNAELHAG,AMNAELHAGABDELKARIM,,TWOorMORERACES,,NOTHISPANICorNOTLATINO,UNA,UNAFFILIATED,35.0,10242008.0,Age2640,AA161726
ALAMANCE,A,ACTIVE,ABDELRAHAMANABUBAKRMERGANI,ABUBAKRMERGANIABDELRAHAMAN,2954ETHANPOINTEDR4203,OTHER,,NOTHISPANICorNOTLATINO,DEM,DEMOCRATIC,,10252006.0,Age4165,AA148060
ALAMANCE,A,ACTIVE,ABDULHAQQAMEERAAMATULLAA,AMEERAAMATULLAAABDULHAQQ,512WELMST,BLACKorAFRICANAMERICAN,,NOTHISPANICorNOTLATINO,UNA,UNAFFILIATED,33.0,4062011.0,Age2640,AA168322
ALAMANCE,A,ACTIVE,ABEJOHNFUJIO,JOHNFUJIOABE,,WHITE,NL,NOTHISPANICorNOTLATINO,UNA,UNAFFILIATED,55.0,5011989.0,Age4165,AA69389
ALAMANCE,A,ACTIVE,ABEGGLENCOLETTE,COLETTEABEGGLEN,2624MOSSCREEKLOOP,WHITE,,NOTHISPANICorNOTLATINO,UNA,UNAFFILIATED,53.0,2282012.0,Age4165,BY384556
ALAMANCE,R,REMOVED,ABELAARONDARREL,AARONDARRELABEL,3922MUHLENBERGCT,WHITE,,NOTHISPANICorNOTLATINO,DEM,DEMOCRATIC,101.0,9261996.0,AgeOver66,AA102301
ALAMANCE,R,REMOVED,ABELALICEDAVIDSON,ALICEDAVIDSONABEL,3905CALVINCT,WHITE,,NOTHISPANICorNOTLATINO,DEM,DEMOCRATIC,86.0,10021998.0,AgeOver66,AA111510
ALAMANCE,A,ACTIVE,ABELEBENJAMINDAVID,BENJAMINDAVIDABELE,1320HAWTHORNELN,WHITE,,NOTHISPANICorNOTLATINO,REP,REPUBLICAN,22.0,5082012.0,,AT22390
ALAMANCE,A,ACTIVE,ABELEDONALDBRUCE,DONALDBRUCEABELE,1320HAWTHORNELN,WHITE,,NOTHISPANICorNOTLATINO,REP,REPUBLICAN,63.0,1272012.0,Age4165,AT19131
ALAMANCE,A,ACTIVE,ABELEELISAMARY,ELISAMARYABELE,1320HAWTHORNELN,WHITE,,NOTHISPANICorNOTLATINO,UNA,UNAFFILIATED,21.0,5052012.0,,AT24345
ALAMANCE,A,ACTIVE,ABELEKLAYMATTHEW,KLAYMATTHEWABELE,336SLATEDR,WHITE,,NOTHISPANICorNOTLATINO,UNA,UNAFFILIATED,25.0,3262012.0,,AA171094
ALAMANCE,A,ACTIVE,ABELEKYLIEJO,KYLIEJOABELE,336SLATEDR,WHITE,,NOTHISPANICorNOTLATINO,REP,REPUBLICAN,25.0,3222012.0,,AA171060
ALAMANCE,A,ACTIVE,ABELEMARYMAGDALINE,,1320HAWTHORNELN,WHITE,UN,UNDESIGNATED,UNA,UNAFFILIATED,53.0,5082012.0,Age4165,AT19081
ALAMANCE,A,ACTIVE,ABENDSCHEINVIVIANAROSARIO,VIVIANAROSARIOABENDSCHEIN,415DOGGETTDR,OTHER,,NOTHISPANICorNOTLATINO,UNA,UNAFFILIATED,39.0,9192008.0,Age2640,AA156804
ALAMANCE,I,INACTIVE,ABERCROMBIECURTISRIGGANS,CURTISRIGGANSABERCROMBIE,1267HANFORDRD,WHITE,NL,NOTHISPANICorNOTLATINO,UNA,UNAFFILIATED,,8261991.0,Age4165,AA78167
ALAMANCE,R,REMOVED,ABERCROMBIEEDWINGRAY,EDWINGRAYABERCROMBIE,2021HOLLANDAVE,WHITE,NL,NOTHISPANICorNOTLATINO,DEM,DEMOCRATIC,76.0,5021964.0,AgeOver66,AA2046
ALAMANCE,A,ACTIVE,ABERCROMBIEFAYWHISNANT,FAYWHISNANTABERCROMBIE,3722GRAHAMSMITHDR,WHITE,NL,NOTHISPANICorNOTLATINO,DEM,DEMOCRATIC,,1171984.0,Age4165,
ALAMANCE,A,ACTIVE,ABERCROMBIEFREDJUNIOR,FREDJUNIORABERCROMBIE,1001TODDST,WHITE,NL,NOTHISPANICorNOTLATINO,REP,REPUBLICAN,75.0,,AgeOver66,AA103422
ALAMANCE,A,ACTIVE,ABERCROMBIEJACQUELINELINVILLE,JACQUELINELINVILLEABERCROMBIE,3010WINSTONDR71,WHITE,NL,NOTHISPANICorNOTLATINO,DEM,DEMOCRATIC,72.0,5021964.0,AgeOver66,AA2049
ALAMANCE,R,REMOVED,ABERCROMBIEJOYCEDODSON,JOYCEDODSONABERCROMBIE,1001TODDST,WHITE,NL,NOTHISPANICorNOTLATINO,REP,REPUBLICAN,69.0,,AgeOver66,AA103424
ALAMANCE,A,ACTIVE,ABERCROMBIERICHARDEUGENE,RICHARDEUGENEABERCROMBIE,3722GRAHAMSMITHDR,WHITE,NL,NOTHISPANICorNOTLATINO,DEM,DEMOCRATIC,,8281995.0,Age4165,AA95261
ALAMANCE,A,ACTIVE,ABERCROMBIETERRYLYNN,TERRYLYNNABERCROMBIE,2845CALLOWAYDR,WHITE,NL,NOTHISPANICorNOTLATINO,DEM,DEMOCRATIC,,4222008.0,Age4165,AA154892
ALAMANCE,A,ACTIVE,ABERNATHYALICEDAVIS,ALICEDAVISABERNATHY,27HOLMESWAY,WHITE,UN,UNDESIGNATED,REP,REPUBLICAN,91.0,10261968.0,AgeOver66,AA2051
ALAMANCE,A,ACTIVE,ABERNATHYAMANDAWILSON,AMANDAWILSONABERNATHY,3141CALLOWAYDR,WHITE,UN,UNDESIGNATED,REP,REPUBLICAN,31.0,6162005.0,Age2640,AA143785
ALAMANCE,R,REMOVED,ABERNATHYANNECHANDLER,ANNECHANDLERABERNATHY,3207HIDDENWOODLN,WHITE,,NOTHISPANICorNOTLATINO,DEM,DEMOCRATIC,30.0,8152000.0,Age2640,AA119226
ALAMANCE,A,ACTIVE,ABERNATHYANTHONYANSON,ANTHONYANSONABERNATHY,706SYCAMORERD,WHITE,,NOTHISPANICorNOTLATINO,REP,REPUBLICAN,63.0,10081973.0,Age4165,AA2052
ALAMANCE,R,REMOVED,ABERNATHYBARBARABUERGER,BARBARABUERGERABERNATHY,3207HIDDENWOODLN,WHITE,,NOTHISPANICorNOTLATINO,DEM,DEMOCRATIC,65.0,10041982.0,Age4165,AA2053
ALAMANCE,A,ACTIVE,ABERNATHYGEORGEWAYNE,GEORGEWAYNEABERNATHY,3207HIDDENWOODLN,WHITE,,NOTHISPANICorNOTLATINO,UNA,UNAFFILIATED,65.0,10041974.0,Age4165,AA2055
ALAMANCE,A,ACTIVE,ABERNATHYHAYDEN,HAYDENABERNATHY,3207HIDDENWOODLN,WHITE,UN,UNDESIGNATED,UNA,UNAFFILIATED,26.0,6252004.0,Age2640,AA134972
ALAMANCE,A,ACTIVE,ABERNATHYJEFFERSONREID,JEFFERSONREIDABERNATHY,27HOLMESWAY,WHITE,UN,UNDESIGNATED,REP,REPUBLICAN,93.0,4061969.0,AgeOver66,AA2056
ALAMANCE,I,INACTIVE,ABERNATHYMARCUSRAY,,,WHITE,,NOTHISPANICorNOTLATINO,REP,REPUBLICAN,22.0,10062008.0,,BY512792
ALAMANCE,A,ACTIVE,ABERNATHYMICHAELANTHONY,,3141CALLOWAYDR,WHITE,,NOTHISPANICorNOTLATINO,REP,REPUBLICAN,36.0,,Age2640,AA103425
ALAMANCE,A,ACTIVE,ABERNATHYMICKIEBETTS,,2833SNCHWY8777,WHITE,UN,UNDESIGNATED,DEM,DEMOCRATIC,22.0,,,AA159304
ALAMANCE,A,ACTIVE,ABERNATHYPAULDAVID,PAULDAVIDABERNATHY,43LONDONLN,WHITE,,NOTHISPANICorNOTLATINO,REP,REPUBLICAN,68.0,1151972.0,AgeOver66,AA2061
ALAMANCE,A,ACTIVE,ABERNATHYREGINAGARCIA,REGINAGARCIAABERNATHY,706SYCAMORERD,WHITE,,NOTHISPANICorNOTLATINO,REP,REPUBLICAN,62.0,10081973.0,Age4165,AA2062
ALAMANCE,A,ACTIVE,ABERNATHYSHOELORIRUTH,,600THOMPSONRD,WHITE,,NOTHISPANICorNOTLATINO,UNA,UNAFFILIATED,38.0,7152009.0,Age2640,AA164373
ALAMANCE,A,ACTIVE,ABERNETHYMARYJOSEPHINE,,561PARKVIEWDR,WHITE,,NOTHISPANICorNOTLATINO,REP,REPUBLICAN,57.0,12281999.0,Age4165,AA116509
ALAMANCE,A,ACTIVE,ABERNETHYNELLTUCKER,NELLTUCKERABERNETHY,2264LAKEVIEWTER,WHITE,UN,UNDESIGNATED,REP,REPUBLICAN,91.0,10241964.0,AgeOver66,AA2068
ALAMANCE,A,ACTIVE,ABERNETHYPAULMSR,PAULMABERNETHYSR,2264LAKEVIEWTER,WHITE,,NOTHISPANICorNOTLATINO,REP,REPUBLICAN,91.0,10261964.0,AgeOver66,AA2069
ALAMANCE,A,ACTIVE,ABERNETHYSUSANGLENN,SUSANGLENNABERNETHY,423WDAVISST,WHITE,,NOTHISPANICorNOTLATINO,REP,REPUBLICAN,64.0,10031980.0,Age4165,AA3211
ALAMANCE,A,ACTIVE,ABIMANSOURJOYMICHELLE,JOYMICHELLEABIMANSOUR,,UNDESIGNATED,UN,UNDESIGNATED,REP,REPUBLICAN,18.0,10052012.0,,AA175982
ALAMANCE,A,ACTIVE,ABKEROGERHENRY,ROGERHENRYABKE,624HUNTINGDONST,WHITE,,NOTHISPANICorNOTLATINO,UNA,UNAFFILIATED,76.0,10021984.0,AgeOver66,
ALAMANCE,A,ACTIVE,ABLINEDENNISC,DENNISCABLINE,1245HANFORDHILLSRD,WHITE,,NOTHISPANICorNOTLATINO,UNA,UNAFFILIATED,42.0,8052008.0,Age4165,AA156063
ALAMANCE,A,ACTIVE,ABLINEROCHELLEANN,ROCHELLEANNABLINE,1245HANFORDHILLSRD,WHITE,,NOTHISPANICorNOTLATINO,UNA,UNAFFILIATED,41.0,8052008.0,Age4165,AA156064
ALAMANCE,A,ACTIVE,ABNERKIMBERLYHOPE,KIMBERLYHOPEABNER,2421BLANCHEDR,WHITE,,NOTHISPANICorNOTLATINO,REP,REPUBLICAN,40.0,8111990.0,Age2640,AA72665
ALAMANCE,A,ACTIVE,ABNERPAMELAALLEN,PAMELAALLENABNER,3163MAPLEAVE5,WHITE,,NOTHISPANICorNOTLATINO,DEM,DEMOCRATIC,56.0,,Age4165,AA91552
ALAMANCE,A,ACTIVE,ABNERPATRICIAANNTHOMAS,PATRICIAANNTHOMASABNER,2421BLANCHEDR,WHITE,,NOTHISPANICorNOTLATINO,REP,REPUBLICAN,69.0,10241968.0,AgeOver66,AA2073
ALAMANCE,A,ACTIVE,ABNEYCATHERINEDAWN,CATHERINEDAWNABNEY,2354GLOUCESTERCT,WHITE,,NOTHISPANICorNOTLATINO,UNA,UNAFFILIATED,34.0,2182009.0,Age2640,BY523606
ALAMANCE,A,ACTIVE,ABNEYJERRY(NMN),JERRY(NMN)ABNEY,323KILROYST,BLACKorAFRICANAMERICAN,,NOTHISPANICorNOTLATINO,DEM,DEMOCRATIC,54.0,2201984.0,Age4165,
ALAMANCE,A,ACTIVE,ABNEYTERRY(NMN),TERRY(NMN)ABNEY,323KILROYST,BLACKorAFRICANAMERICAN,,NOTHISPANICorNOTLATINO,DEM,DEMOCRATIC,54.0,2201984.0,Age4165,
ALAMANCE,A,ACTIVE,ABPLANALPLINDACOLLINS,LINDACOLLINSABPLANALP,,WHITE,,NOTHISPANICorNOTLATINO,REP,REPUBLICAN,70.0,,AgeOver66,AA2079
ALAMANCE,A,ACTIVE,ABPLANALPWILLIAMHOWARDJR,WILLIAMHOWARDABPLANALPJR,,WHITE,,NOTHISPANICorNOTLATINO,REP,REPUBLICAN,70.0,1101979.0,AgeOver66,AA2080
ALAMANCE,I,INACTIVE,ABRAHAMEDWARDKAMEL,EDWARDKAMELABRAHAM,205KITCHINST,WHITE,,NOTHISPANICorNOTLATINO,UNA,UNAFFILIATED,61.0,5311990.0,Age4165,AA71897
ALAMANCE,I,INACTIVE,ABRAHAMELIZABETHMARIE,ELIZABETHMARIEABRAHAM,205KITCHINST,WHITE,,NOTHISPANICorNOTLATINO,DEM,DEMOCRATIC,33.0,11171997.0,Age2640,AA108010
ALAMANCE,A,ACTIVE,ABRAHAMELSIEJOHN,ELSIEJOHNABRAHAM,246COACHLIGHTTRL,ASIAN,,NOTHISPANICorNOTLATINO,DEM,DEMOCRATIC,53.0,10012012.0,Age4165,AA175427
ALAMANCE,A,ACTIVE,ABRAHAMSDIANASHULAMITH,DIANASHULAMITHABRAHAMS,1002CAMPUSTRACEDR303,WHITE,UN,UNDESIGNATED,UNA,UNAFFILIATED,20.0,5042012.0,,AA171628
ALAMANCE,A,ACTIVE,ABRAHAMSENJAMESMERTON,JAMESMERTONABRAHAMSEN,3687MINECREEKRD,WHITE,,NOTHISPANICorNOTLATINO,UNA,UNAFFILIATED,74.0,3311988.0,AgeOver66,AA64711
ALAMANCE,R,REMOVED,ABRAHAMSONCARRIEALYCE,CARRIEALYCEABRAHAMSON,200OLDCHARLESTONDR,WHITE,,NOTHISPANICorNOTLATINO,REP,REPUBLICAN,28.0,8022002.0,Age2640,AA127201
ALAMANCE,A,ACTIVE,ABRAHAMSONMARYSUZANNE,,200OLDCHARLESTONDR,WHITE,,NOTHISPANICorNOTLATINO,UNA,UNAFFILIATED,64.0,11052002.0,Age4165,AA128462
ALAMANCE,A,ACTIVE,ABRAHAMSONROBERTBELL,ROBERTBELLABRAHAMSON,200OLDCHARLESTONDR,WHITE,,NOTHISPANICorNOTLATINO,REP,REPUBLICAN,64.0,8022002.0,Age4165,AA127202
ALAMANCE,I,INACTIVE,ABRAMERICADAWN,ERICADAWNABRAM,2422SNCHWY11917,WHITE,,NOTHISPANICorNOTLATINO,REP,REPUBLICAN,23.0,6272008.0,,AA154894
ALAMANCE,A,ACTIVE,ABRAMKIMBERLYNICOLE,KIMBERLYNICOLEABRAM,4223NNCHWY49,WHITE,UN,UNDESIGNATED,REP,REPUBLICAN,40.0,11132006.0,Age2640,AA148046
ALAMANCE,A,ACTIVE,ABRAMLYNNMARIE,,2427GLENCOEST,WHITE,,NOTHISPANICorNOTLATINO,UNA,UNAFFILIATED,,9282006.0,Age4165,BY392485
ALAMANCE,A,ACTIVE,ABRAMPHILLIPANTHONYSR,PHILLIPANTHONYABRAMSR,314WILSONST,WHITE,,NOTHISPANICorNOTLATINO,UNA,UNAFFILIATED,,10252012.0,Age4165,AA178325
ALAMANCE,A,ACTIVE,ABRAMWILLIAMSHANNON,WILLIAMSHANNONABRAM,2422NNCHWY11961,WHITE,,NOTHISPANICorNOTLATINO,UNA,UNAFFILIATED,34.0,5131998.0,Age2640,AA109970
ALAMANCE,A,ACTIVE,ABRAMILAURENFITZGERALD,LAURENFITZGERALDABRAMI,,WHITE,,NOTHISPANICorNOTLATINO,DEM,DEMOCRATIC,29.0,1092007.0,Age2640,AA148643
ALAMANCE,A,ACTIVE,ABRAMOSKIALESANDRAANASTASIA,ALESANDRAANASTASIAABRAMOSKI,203MAYNARDHALLD,WHITE,,NOTHISPANICorNOTLATINO,UNA,UNAFFILIATED,23.0,9302008.0,,AA161164
ALAMANCE,A,ACTIVE,ABRAMSJOSEPHEDWARD,JOSEPHEDWARDABRAMS,5801JEWELLRD,WHITE,UN,UNDESIGNATED,DEM,DEMOCRATIC,58.0,11022004.0,Age4165,AA141424
ALAMANCE,A,ACTIVE,ABSHERMARYKATE,,3555NNCHWY62,WHITE,,NOTHISPANICorNOTLATINO,UNA,UNAFFILIATED,19.0,4102012.0,,AA171279
ALAMANCE,R,REMOVED,ABSHIREMARGARETG,,1880BROOKWOODAVE104,WHITE,UN,UNDESIGNATED,REP,REPUBLICAN,90.0,9172007.0,AgeOver66,AA150643
ALAMANCE,A,ACTIVE,ABUNADAYASMEENMELINDAMAJID,YASMEENMELINDAMAJIDABUNADA,1528SMEBANEST603,WHITE,,NOTHISPANICorNOTLATINO,DEM,DEMOCRATIC,25.0,9072005.0,,AA144570
ALAMANCE,A,ACTIVE,ABZUGBENJAMINSCOTT,BENJAMINSCOTTABZUG,3551FORESTDALEDRB17,WHITE,,NOTHISPANICorNOTLATINO,UNA,UNAFFILIATED,24.0,10272011.0,,AA169547
ALAMANCE,A,ACTIVE,ACCARDIKELLIMILLICENT,KELLIMILLICENTACCARDI,,WHITE,,NOTHISPANICorNOTLATINO,UNA,UNAFFILIATED,24.0,,,AA161557
ALAMANCE,A,ACTIVE,ACCLESMARIANMAEMILLER,,225EASTWOODCT,WHITE,,NOTHISPANICorNOTLATINO,UNA,UNAFFILIATED,76.0,9242003.0,AgeOver66,AA131645
ALAMANCE,R,REMOVED,ACCLESWILLIAMJ,WILLIAMJACCLES,225EASTWOODCT,WHITE,,NOTHISPANICorNOTLATINO,UNA,UNAFFILIATED,84.0,9242003.0,AgeOver66,AA131646
ALAMANCE,A,ACTIVE,ACEVEDOJORGETORRES,JORGETORRESACEVEDO,603MERLINCT,OTHER,HL,HISPANICorLATINO,UNA,UNAFFILIATED,34.0,10042007.0,Age2640,AA150644
ALAMANCE,A,ACTIVE,ACHILLIMARYMAGNO,,1953LAURIEDR,WHITE,UN,UNDESIGNATED,REP,REPUBLICAN,100.0,9042008.0,AgeOver66,AA156792
ALAMANCE,A,ACTIVE,ACKERCHRISTINEMARIE,CHRISTINEMARIEACKER,3031OCHERST,WHITE,,NOTHISPANICorNOTLATINO,REP,REPUBLICAN,52.0,5112011.0,Age4165,AA168523
ALAMANCE,A,ACTIVE,ACKERJOSEPHWILBUR,JOSEPHWILBURACKER,3031OCHERST,WHITE,,NOTHISPANICorNOTLATINO,REP,REPUBLICAN,56.0,5162011.0,Age4165,AA168552
ALAMANCE,A,ACTIVE,ACKERMANBENJAMINLOUIS,BENJAMINLOUISACKERMAN,206WOODALEDR,WHITE,,NOTHISPANICorNOTLATINO,DEM,DEMOCRATIC,21.0,10022012.0,,AA175981
ALAMANCE,A,ACTIVE,ACKERMANLOUISEELIZABETH,,1410WDAVISST,WHITE,,NOTHISPANICorNOTLATINO,DEM,DEMOCRATIC,55.0,12282011.0,Age4165,AA58111
ALAMANCE,A,ACTIVE,ACKERMANMICHAEL,,,WHITE,,NOTHISPANICorNOTLATINO,DEM,DEMOCRATIC,59.0,,Age4165,AA67522
ALAMANCE,A,ACTIVE,ACKERMANOLIVIA,OLIVIAACKERMAN,,UNDESIGNATED,UN,UNDESIGNATED,DEM,DEMOCRATIC,24.0,9242008.0,,AA157864
ALAMANCE,A,ACTIVE,ACKERMANRAEONDAMCMASTERS,RAEONDAMCMASTERSACKERMAN,,WHITE,,NOTHISPANICorNOTLATINO,REP,REPUBLICAN,31.0,5252004.0,Age2640,AA134453
ALAMANCE,A,ACTIVE,ACKERMANSAMUELHOWARD,SAMUELHOWARDACKERMAN,,WHITE,UN,UNDESIGNATED,LIB,LIBERTARIAN,18.0,,,AA177581
ALAMANCE,A,ACTIVE,ACKERMANNJEFFREYSCOTT,JEFFREYSCOTTACKERMANN,,WHITE,,NOTHISPANICorNOTLATINO,DEM,DEMOCRATIC,21.0,,,AA177121
ALAMANCE,A,ACTIVE,ACKLEYCHERYLANN,CHERYLANNACKLEY,2205CRESCENTDR,WHITE,,NOTHISPANICorNOTLATINO,REP,REPUBLICAN,57.0,8142007.0,Age4165,AA150388
ALAMANCE,A,ACTIVE,ACKLEYGEORGEWILLIAMIII,GEORGEWILLIAMACKLEYIII,2205CRESCENTDR,WHITE,,NOTHISPANICorNOTLATINO,REP,REPUBLICAN,58.0,7202006.0,Age4165,AA146947
ALAMANCE,A,ACTIVE,ACKMANSEANPATRICK,SEANPATRICKACKMAN,3849REDBUDRD,WHITE,,NOTHISPANICorNOTLATINO,UNA,UNAFFILIATED,29.0,1252009.0,Age2640,AA163819
ALAMANCE,I,INACTIVE,ACORDLOISELEANOR,,401MCKINLEYCT,WHITE,,NOTHISPANICorNOTLATINO,REP,REPUBLICAN,89.0,10022007.0,AgeOver66,AX38282
ALAMANCE,D,DENIED,ACORDREXANNA,REXANNAACORD,302GRAHAMRD,WHITE,,NOTHISPANICorNOTLATINO,REP,REPUBLICAN,60.0,1182007.0,Age4165,AA148645
ALAMANCE,A,ACTIVE,ACOSTAEVELYN,EVELYNACOSTA,404SIRELANDST,BLACKorAFRICANAMERICAN,,NOTHISPANICorNOTLATINO,REP,REPUBLICAN,56.0,4032008.0,Age4165,AA153427
ALAMANCE,A,ACTIVE,ACOSTANATHANTHOMAS,NATHANTHOMASACOSTA,1001ELONCOMMONSDR209,WHITE,,NOTHISPANICorNOTLATINO,DEM,DEMOCRATIC,25.0,4082008.0,,BN348408
ALAMANCE,A,ACTIVE,ACOSTAPETERJOHN,PETERJOHNACOSTA,,WHITE,,NOTHISPANICorNOTLATINO,REP,REPUBLICAN,39.0,2191992.0,Age2640,AA79949
ALAMANCE,A,ACTIVE,ACOSTATERESAALLISON,TERESAALLISONACOSTA,,WHITE,,NOTHISPANICorNOTLATINO,REP,REPUBLICAN,39.0,9291992.0,Age2640,AA84770
ALAMANCE,A,ACTIVE,ACQUILANOANNSTJOHN,ANNSTJOHNACQUILANO,1637REGENCYDR,WHITE,,NOTHISPANICorNOTLATINO,UNA,UNAFFILIATED,58.0,3171980.0,Age4165,AA2082
ALAMANCE,A,ACTIVE,ACQUILANOKIMBERLYANN,KIMBERLYANNACQUILANO,1637REGENCYDR,WHITE,,NOTHISPANICorNOTLATINO,UNA,UNAFFILIATED,30.0,,Age2640,AA121205
ALAMANCE,I,INACTIVE,ACQUILANOMARIEELIZABETH,,1637REGENCYDR,WHITE,,NOTHISPANICorNOTLATINO,UNA,UNAFFILIATED,33.0,3241998.0,Age2640,AA109955
ALAMANCE,A,ACTIVE,ACQUILANORICHARDJOSEPH,RICHARDJOSEPHACQUILANO,1637REGENCYDR,WHITE,,NOTHISPANICorNOTLATINO,UNA,UNAFFILIATED,56.0,3171980.0,Age4165,AA2083
ALAMANCE,A,ACTIVE,ACREYPATRICIAHERBERT,PATRICIAHERBERTACREY,704NFIFTHST,WHITE,,NOTHISPANICorNOTLATINO,DEM,DEMOCRATIC,63.0,5052012.0,Age4165,DE143186
ALAMANCE,A,ACTIVE,ACTONCATHIAPATRICIA,CATHIAPATRICIAACTON,3508GARDENRDH7,WHITE,HL,HISPANICorLATINO,REP,REPUBLICAN,41.0,11032012.0,Age4165,AA178757
ALAMANCE,A,ACTIVE,ACTONDAMONTHADDIUS,DAMONTHADDIUSACTON,2663LENOREDR,WHITE,,NOTHISPANICorNOTLATINO,DEM,DEMOCRATIC,34.0,9162011.0,Age2640,AA169314
ALAMANCE,A,ACTIVE,ACTONEDWARDWALTER,EDWARDWALTERACTON,3027MAPLEAVEA2,WHITE,,NOTHISPANICorNOTLATINO,REP,REPUBLICAN,68.0,4131999.0,AgeOver66,AA114000
ALAMANCE,A,ACTIVE,ACTONJEROMYILLYCH,JEROMYILLYCHACTON,3508GARDENRDH7,WHITE,,NOTHISPANICorNOTLATINO,REP,REPUBLICAN,40.0,2202012.0,Age2640,AA170401
ALAMANCE,A,ACTIVE,ACTONKAYESOUDERES,KAYESOUDERESACTON,3027MAPLEAVEA2,WHITE,,NOTHISPANICorNOTLATINO,DEM,DEMOCRATIC,61.0,10281999.0,Age4165,AA115895
ALAMANCE,A,ACTIVE,ADAIRCHRISTIENICOLE,CHRISTIENICOLEADAIR,,WHITE,,NOTHISPANICorNOTLATINO,UNA,UNAFFILIATED,36.0,4281994.0,Age2640,AA90132
ALAMANCE,A,ACTIVE,ADAIRJANEMOORE,JANEMOOREADAIR,3813ASBURYCT,WHITE,,NOTHISPANICorNOTLATINO,DEM,DEMOCRATIC,89.0,9301998.0,AgeOver66,AA111512
ALAMANCE,A,ACTIVE,ADAIRPATRICIAMCKEE,PATRICIAMCKEEADAIR,137HOSKINSCIR,WHITE,,NOTHISPANICorNOTLATINO,REP,REPUBLICAN,72.0,7122006.0,AgeOver66,AA146948
ALAMANCE,A,ACTIVE,ADAIRTERRYMICHAEL,TERRYMICHAELADAIR,4515SPOONLOOPRD,WHITE,,NOTHISPANICorNOTLATINO,REP,REPUBLICAN,38.0,6192009.0,Age2640,AA164182
ALAMANCE,A,ACTIVE,ADAIRWILLIAMLEROYJR,WILLIAMLEROYADAIRJR,2309USHWY70,WHITE,,NOTHISPANICorNOTLATINO,REP,REPUBLICAN,32.0,4112002.0,Age2640,AA126126
ALAMANCE,A,ACTIVE,ADAMMICHAELCHARLES,,100STILLWATERCIR,WHITE,,NOTHISPANICorNOTLATINO,UNA,UNAFFILIATED,27.0,6122012.0,Age2640,BN330809
ALAMANCE,A,ACTIVE,ADAMCHIKANDREWS,ANDREWSADAMCHIK,,WHITE,,NOTHISPANICorNOTLATINO,DEM,DEMOCRATIC,78.0,9202000.0,AgeOver66,AA120071
ALAMANCE,R,REMOVED,ADAMIANMONICASTEPHANIE,MONICASTEPHANIEADAMIAN,4008MEBANEOAKSCT,WHITE,,NOTHISPANICorNOTLATINO,DEM,DEMOCRATIC,39.0,1221999.0,Age2640,AA113126
ALAMANCE,A,ACTIVE,ADAMSALLANDRAOLISHIA,ALLANDRAOLISHIAADAMS,1911HAWFIELDSCROSSINGLN,WHITE,UN,UNDESIGNATED,UNA,UNAFFILIATED,74.0,8252012.0,AgeOver66,DB119679
ALAMANCE,A,ACTIVE,ADAMSALVISLEE,ALVISLEEADAMS,6966SNCHWY87,WHITE,,NOTHISPANICorNOTLATINO,REP,REPUBLICAN,66.0,10261968.0,AgeOver66,AA2086
ALAMANCE,I,INACTIVE,ADAMSAMYSTAMPS,AMYSTAMPSADAMS,2460PEPPERSTONEDR,WHITE,,NOTHISPANICorNOTLATINO,REP,REPUBLICAN,35.0,8271997.0,Age2640,AA107395
ALAMANCE,A,ACTIVE,ADAMSANDREWWILSON,ANDREWWILSONADAMS,3139ABINGDONPL,WHITE,,NOTHISPANICorNOTLATINO,REP,REPUBLICAN,72.0,8191999.0,AgeOver66,AA114861
ALAMANCE,A,ACTIVE,ADAMSANGELALEE,ANGELALEEADAMS,740WOLDGLENCOERD1,WHITE,,NOTHISPANICorNOTLATINO,UNA,UNAFFILIATED,32.0,1062005.0,Age2640,AA142582
ALAMANCE,A,ACTIVE,ADAMSANGELAWEBSTER,ANGELAWEBSTERADAMS,1404DEERFIELDTRCE,WHITE,,NOTHISPANICorNOTLATINO,UNA,UNAFFILIATED,,8281989.0,Age4165,AA69791
ALAMANCE,I,INACTIVE,ADAMSANITAB,ANITABADAMS,725WFRONTST,UNDESIGNATED,,NOTHISPANICorNOTLATINO,UNA,UNAFFILIATED,31.0,,Age2640,AA159633
ALAMANCE,A,ACTIVE,ADAMSANTHONYKIRK,ANTHONYKIRKADAMS,,WHITE,,NOTHISPANICorNOTLATINO,DEM,DEMOCRATIC,42.0,6242005.0,Age4165,AA143892
ALAMANCE,A,ACTIVE,ADAMSASHLEYBROOKS,ASHLEYBROOKSADAMS,2107COYST,WHITE,,NOTHISPANICorNOTLATINO,DEM,DEMOCRATIC,29.0,5152012.0,Age2640,DB143397
ALAMANCE,R,REMOVED,ADAMSBARBARASUE,BARBARASUEADAMS,779WOODYDR,WHITE,,NOTHISPANICorNOTLATINO,REP,REPUBLICAN,69.0,4021974.0,AgeOver66,AA2088
ALAMANCE,A,ACTIVE,ADAMSBARRYLYNN,BARRYLYNNADAMS,3735BOYWOODRD,WHITE,,NOTHISPANICorNOTLATINO,REP,REPUBLICAN,59.0,3161990.0,Age4165,AA70820
ALAMANCE,A,ACTIVE,ADAMSBETSYBASS,BETSYBASSADAMS,317BIDNEYDR,WHITE,,NOTHISPANICorNOTLATINO,UNA,UNAFFILIATED,59.0,4081980.0,Age4165,AA2090
ALAMANCE,A,ACTIVE,ADAMSBEVERLYJAMES,BEVERLYJAMESADAMS,409FORESTDR,WHITE,,NOTHISPANICorNOTLATINO,DEM,DEMOCRATIC,85.0,3261980.0,AgeOver66,AA2091
ALAMANCE,A,ACTIVE,ADAMSBILLYDAN,BILLYDANADAMS,2419BWGREENSBOROCHAPELHILLRD,WHITE,,NOTHISPANICorNOTLATINO,REP,REPUBLICAN,81.0,5011997.0,AgeOver66,AA106044
ALAMANCE,A,ACTIVE,ADAMSBOBBYJOE,BOBBYJOEADAMS,379BILLINGHAMDR,WHITE,,NOTHISPANICorNOTLATINO,DEM,DEMOCRATIC,76.0,10051970.0,AgeOver66,AA2093
ALAMANCE,A,ACTIVE,ADAMSBOBBYLOUIS,BOBBYLOUISADAMS,6956SNCHWY87A,WHITE,,NOTHISPANICorNOTLATINO,REP,REPUBLICAN,73.0,10261960.0,AgeOver66,AA2094
ALAMANCE,A,ACTIVE,ADAMSBONITAJEAN,BONITAJEANADAMS,523EDINBURGHDR,WHITE,,NOTHISPANICorNOTLATINO,REP,REPUBLICAN,74.0,10041988.0,AgeOver66,AA66764
ALAMANCE,A,ACTIVE,ADAMSBONNIEBRANDECKER,BONNIEBRANDECKERADAMS,,WHITE,,NOTHISPANICorNOTLATINO,REP,REPUBLICAN,36.0,6042008.0,Age2640,BW40287
ALAMANCE,A,ACTIVE,ADAMSBRIANNALEIGH,BRIANNALEIGHADAMS,3110NEWLINRD,WHITE,,NOTHISPANICorNOTLATINO,REP,REPUBLICAN,24.0,9052008.0,,AA156470
ALAMANCE,A,ACTIVE,ADAMSCHRISTOPHERDON,CHRISTOPHERDONADAMS,740WOLDGLENCOERD1,BLACKorAFRICANAMERICAN,UN,UNDESIGNATED,DEM,DEMOCRATIC,38.0,1082010.0,Age2640,BY383206
ALAMANCE,A,ACTIVE,ADAMSCHRISTOPHERLEE,CHRISTOPHERLEEADAMS,30BENTTREECT,BLACKorAFRICANAMERICAN,UN,UNDESIGNATED,DEM,DEMOCRATIC,32.0,11022004.0,Age2640,AA141425
ALAMANCE,A,ACTIVE,ADAMSCHRISTOPHERBLAIR,CHRISTOPHERBLAIRADAMS,1839BROADWAYDR,WHITE,,NOTHISPANICorNOTLATINO,REP,REPUBLICAN,37.0,6091995.0,Age2640,AA94361
ALAMANCE,A,ACTIVE,ADAMSCONNIEMACK,CONNIEMACKADAMS,2509PARRISHST,WHITE,,NOTHISPANICorNOTLATINO,DEM,DEMOCRATIC,82.0,5141960.0,AgeOver66,AA2097
ALAMANCE,A,ACTIVE,ADAMSCONNIEFAYE,CONNIEFAYEADAMS,3118BROOKSTONEDR,UNDESIGNATED,UN,UNDESIGNATED,REP,REPUBLICAN,56.0,10082004.0,Age4165,AA140375
ALAMANCE,A,ACTIVE,ADAMSCONSTANCETATE,CONSTANCETATEADAMS,1234FRANKLINST,WHITE,,NOTHISPANICorNOTLATINO,DEM,DEMOCRATIC,,4301982.0,Age4165,
ALAMANCE,A,ACTIVE,ADAMSCORYLEE,CORYLEEADAMS,202WATERST,TWOorMORERACES,,NOTHISPANICorNOTLATINO,DEM,DEMOCRATIC,23.0,6122012.0,,AA172360
ALAMANCE,I,INACTIVE,ADAMSDAVE,DAVEADAMS,416WINCHESTERDR,WHITE,,NOTHISPANICorNOTLATINO,REP,REPUBLICAN,,4282005.0,Age4165,AA143476
ALAMANCE,A,ACTIVE,ADAMSDAVIDMAURICE,DAVIDMAURICEADAMS,606NFISHERST,BLACKorAFRICANAMERICAN,,NOTHISPANICorNOTLATINO,DEM,DEMOCRATIC,85.0,9252000.0,AgeOver66,AA120192
ALAMANCE,A,ACTIVE,ADAMSDAVIDMICHAEL,DAVIDMICHAELADAMS,1607MELODYLN,WHITE,,NOTHISPANICorNOTLATINO,UNA,UNAFFILIATED,52.0,,Age4165,AA78759
ALAMANCE,A,ACTIVE,ADAMSDAVIDDIXON,DAVIDDIXONADAMS,4969SARTINRD,WHITE,,NOTHISPANICorNOTLATINO,REP,REPUBLICAN,41.0,2242011.0,Age4165,AA168112
ALAMANCE,R,REMOVED,ADAMSDAVIDEUGENE,DAVIDEUGENEADAMS,3118BROOKSTONEDR,WHITE,,NOTHISPANICorNOTLATINO,REP,REPUBLICAN,61.0,12292004.0,Age4165,AA142044
ALAMANCE,A,ACTIVE,ADAMSDEBORAHGROCE,DEBORAHGROCEADAMS,2619EVERGREENLN,WHITE,,NOTHISPANICorNOTLATINO,REP,REPUBLICAN,,1141986.0,Age4165,AA59387
ALAMANCE,A,ACTIVE,ADAMSDELANABROWNER,DELANABROWNERADAMS,606NFISHERST,BLACKorAFRICANAMERICAN,,NOTHISPANICorNOTLATINO,DEM,DEMOCRATIC,74.0,8292000.0,AgeOver66,AA119435
ALAMANCE,R,REMOVED,ADAMSDELARIANAYLOR,DELARIANAYLORADAMS,325THOMPSONST,WHITE,,NOTHISPANICorNOTLATINO,REP,REPUBLICAN,85.0,10041986.0,AgeOver66,AA60722
ALAMANCE,A,ACTIVE,ADAMSDEVLINMICHELLE,DEVLINMICHELLEADAMS,,WHITE,,NOTHISPANICorNOTLATINO,DEM,DEMOCRATIC,37.0,10051996.0,Age2640,AA103838
ALAMANCE,A,ACTIVE,ADAMSDIANEHAYES,DIANEHAYESADAMS,,WHITE,UN,UNDESIGNATED,DEM,DEMOCRATIC,54.0,4061992.0,Age4165,AA80750
ALAMANCE,A,ACTIVE,ADAMSDIXIEDEE,DIXIEDEEADAMS,,WHITE,,NOTHISPANICorNOTLATINO,DEM,DEMOCRATIC,43.0,5252005.0,Age4165,AA143644
ALAMANCE,A,ACTIVE,ADAMSDONALDWAYNE,DONALDWAYNEADAMS,2235NNCHWY8757,BLACKorAFRICANAMERICAN,UN,UNDESIGNATED,DEM,DEMOCRATIC,,7212004.0,Age4165,AA141326
ALAMANCE,A,ACTIVE,ADAMSELIZABETHPAIGE,ELIZABETHPAIGEADAMS,2107COYST,WHITE,,NOTHISPANICorNOTLATINO,DEM,DEMOCRATIC,32.0,12051998.0,Age2640,AA112292
ALAMANCE,A,ACTIVE,ADAMSEMILYHUNT,EMILYHUNTADAMS,204LONGAVE,WHITE,,NOTHISPANICorNOTLATINO,UNA,UNAFFILIATED,37.0,1302012.0,Age2640,BY564276
ALAMANCE,A,ACTIVE,ADAMSEMILY,EMILYADAMS,100CAMPUSWALKTRL200,UNDESIGNATED,UN,UNDESIGNATED,DEM,DEMOCRATIC,20.0,9192012.0,,AA174934
ALAMANCE,A,ACTIVE,ADAMSERNESTINEWATKINS,ERNESTINEWATKINSADAMS,2509PARRISHST,WHITE,NL,NOTHISPANICorNOTLATINO,DEM,DEMOCRATIC,82.0,5141960.0,AgeOver66,AA2103
ALAMANCE,A,ACTIVE,ADAMSESKERTHOMAS,ESKERTHOMASADAMS,2167CANTERBURYDR,WHITE,NL,NOTHISPANICorNOTLATINO,UNA,UNAFFILIATED,90.0,4011978.0,AgeOver66,AA2104
ALAMANCE,A,ACTIVE,ADAMSFRANKIEWARREN,FRANKIEWARRENADAMS,505WEAVERWAY,WHITE,NL,NOTHISPANICorNOTLATINO,DEM,DEMOCRATIC,77.0,,AgeOver66,AA2106
ALAMANCE,A,ACTIVE,ADAMSGARLANDWAYNE,GARLANDWAYNEADAMS,328THOMPSONST,WHITE,NL,NOTHISPANICorNOTLATINO,DEM,DEMOCRATIC,62.0,5311976.0,Age4165,AA2107
ALAMANCE,I,INACTIVE,ADAMSGARLONPINKNEY,GARLONPINKNEYADAMS,325THOMPSONST,WHITE,NL,NOTHISPANICorNOTLATINO,REP,REPUBLICAN,86.0,10041986.0,AgeOver66,AA60728
ALAMANCE,A,ACTIVE,ADAMSGARYWAYNE,GARYWAYNEADAMS,125MARKHAMST,WHITE,UN,UNDESIGNATED,REP,REPUBLICAN,,7241992.0,Age4165,AA82256
ALAMANCE,A,ACTIVE,ADAMSGEORGERICHARD,GEORGERICHARDADAMS,317BIDNEYDR,WHITE,NL,NOTHISPANICorNOTLATINO,REP,REPUBLICAN,66.0,,AgeOver66,AA2108
ALAMANCE,R,REMOVED,ADAMSGILMERTHOMAS,GILMERTHOMASADAMS,906KECKRD,WHITE,NL,NOTHISPANICorNOTLATINO,DEM,DEMOCRATIC,83.0,9131993.0,AgeOver66,AA88078
ALAMANCE,A,ACTIVE,ADAMSGINGERMATHEWS,GINGERMATHEWSADAMS,2002QUAKERCREEKDR,WHITE,NL,NOTHISPANICorNOTLATINO,UNA,UNAFFILIATED,,8232012.0,Age4165,AA174394
ALAMANCE,A,ACTIVE,ADAMSGLADYSYVONNE,GLADYSYVONNEADAMS,2560ESIMPSONRD,BLACKorAFRICANAMERICAN,UN,UNDESIGNATED,DEM,DEMOCRATIC,53.0,8022012.0,Age4165,AA173092
ALAMANCE,A,ACTIVE,ADAMSGLADYSRICHARDSON,GLADYSRICHARDSONADAMS,125MARKHAMST,WHITE,NL,NOTHISPANICorNOTLATINO,REP,REPUBLICAN,80.0,9131996.0,AgeOver66,AA101894
ALAMANCE,A,ACTIVE,ADAMSGRADYTYSONJR,GRADYTYSONADAMSJR,,WHITE,NL,NOTHISPANICorNOTLATINO,REP,REPUBLICAN,63.0,4151996.0,Age4165,AA99809
ALAMANCE,A,ACTIVE,ADAMSGRETCHENMICHELLE,GRETCHENMICHELLEADAMS,3733BASONRD,WHITE,NL,NOTHISPANICorNOTLATINO,UNA,UNAFFILIATED,36.0,8042010.0,Age2640,BY542303
ALAMANCE,A,ACTIVE,ADAMSGWENDOLYNMASHELL,GWENDOLYNMASHELLADAMS,1406ELMST,BLACKorAFRICANAMERICAN,NL,NOTHISPANICorNOTLATINO,DEM,DEMOCRATIC,40.0,9282004.0,Age2640,AA138540
ALAMANCE,A,ACTIVE,ADAMSHANNAHLONG,HANNAHLONGADAMS,,WHITE,NL,NOTHISPANICorNOTLATINO,DEM,DEMOCRATIC,70.0,10021970.0,AgeOver66,AA2113
ALAMANCE,R,REMOVED,ADAMSHAVERBROWN,HAVERBROWNADAMS,1516WATKINSRD,WHITE,NL,NOTHISPANICorNOTLATINO,DEM,DEMOCRATIC,80.0,1172001.0,AgeOver66,AA121977
ALAMANCE,A,ACTIVE,ADAMSHOLLYLAUREN,HOLLYLAURENADAMS,1234FRANKLINST,WHITE,NL,NOTHISPANICorNOTLATINO,UNA,UNAFFILIATED,22.0,3222011.0,,AX55350
ALAMANCE,A,ACTIVE,ADAMSHOWARDELLISON,HOWARDELLISONADAMS,,WHITE,NL,NOTHISPANICorNOTLATINO,UNA,UNAFFILIATED,72.0,2121998.0,AgeOver66,AA109132
ALAMANCE,A,ACTIVE,ADAMSIDAHAYES,IDAHAYESADAMS,1977HAWRIVERHOPEDALERD,WHITE,NL,NOTHISPANICorNOTLATINO,UNA,UNAFFILIATED,66.0,7171996.0,AgeOver66,AA100487
ALAMANCE,A,ACTIVE,ADAMSJAIMEFOSTER,JAIMEFOSTERADAMS,1839BROADWAYDR,WHITE,NL,NOTHISPANICorNOTLATINO,UNA,UNAFFILIATED,36.0,4131994.0,Age2640,AA90200
ALAMANCE,A,ACTIVE,ADAMSJAMESMICHAEL,JAMESMICHAELADAMS,603DRIFTWOODDR,WHITE,NL,NOTHISPANICorNOTLATINO,UNA,UNAFFILIATED,62.0,7081993.0,Age4165,AA87567
ALAMANCE,A,ACTIVE,ADAMSJAMESFRANKLIN,JAMESFRANKLINADAMS,330BIDNEYDR,WHITE,NL,NOTHISPANICorNOTLATINO,DEM,DEMOCRATIC,78.0,5091964.0,AgeOver66,AA2117
ALAMANCE,A,ACTIVE,ADAMSJAMESFRANKLIN,JAMESFRANKLINADAMS,4004BROOKHAVENCT,WHITE,NL,NOTHISPANICorNOTLATINO,UNA,UNAFFILIATED,72.0,3311980.0,AgeOver66,AA2118
ALAMANCE,A,ACTIVE,ADAMSJAMESGILROY,JAMESGILROYADAMS,207MEADOWOODDR,UNDESIGNATED,NL,NOTHISPANICorNOTLATINO,REP,REPUBLICAN,,,Age4165,AA121129
ALAMANCE,I,INACTIVE,ADAMSJAMESEDWARD,JAMESEDWARDADAMS,317BIDNEYDR,WHITE,UN,UNDESIGNATED,DEM,DEMOCRATIC,29.0,4252001.0,Age2640,AA123380
ALAMANCE,A,ACTIVE,ADAMSJAMESCLARENCEIII,JAMESCLARENCEADAMSIII,522NGURNEYST,WHITE,NL,NOTHISPANICorNOTLATINO,REP,REPUBLICAN,50.0,11302007.0,Age4165,AT20626
ALAMANCE,A,ACTIVE,ADAMSJAMESCLARENCEIV,JAMESCLARENCEADAMSIV,522NGURNEYST,WHITE,NL,NOTHISPANICorNOTLATINO,REP,REPUBLICAN,20.0,6232010.0,,AA165802
ALAMANCE,R,REMOVED,ADAMSJAMESMICHAEL,JAMESMICHAELADAMS,4546MINERALSPRINGSRD,WHITE,NL,NOTHISPANICorNOTLATINO,REP,REPUBLICAN,62.0,9301986.0,Age4165,AA2119
ALAMANCE,R,REMOVED,ADAMSJAMESCLARENCEIII,JAMESCLARENCEADAMSIII,701EDINBURGHCT,WHITE,NL,NOTHISPANICorNOTLATINO,REP,REPUBLICAN,50.0,10061988.0,Age4165,AA67902
ALAMANCE,A,ACTIVE,ADAMSJAMIEB,JAMIEBADAMS,1639AQUINASCT,WHITE,NL,NOTHISPANICorNOTLATINO,UNA,UNAFFILIATED,86.0,8222001.0,AgeOver66,AA124165
ALAMANCE,R,REMOVED,ADAMSJEANYOUNG,JEANYOUNGADAMS,163LAKEWOODCT,WHITE,NL,NOTHISPANICorNOTLATINO,REP,REPUBLICAN,82.0,1011900.0,AgeOver66,AA2121
ALAMANCE,A,ACTIVE,ADAMSJEFFREYMARSHALL,JEFFREYMARSHALLADAMS,2509PARRISHST,WHITE,NL,NOTHISPANICorNOTLATINO,UNA,UNAFFILIATED,20.0,8242012.0,,AA174565
ALAMANCE,A,ACTIVE,ADAMSJEFFREYERNEST,JEFFREYERNESTADAMS,2503PARRISHST,WHITE,NL,NOTHISPANICorNOTLATINO,REP,REPUBLICAN,,2121992.0,Age4165,AA79468
ALAMANCE,A,ACTIVE,ADAMSJENNIFERRAY,JENNIFERRAYADAMS,801STONESTD,WHITE,NL,NOTHISPANICorNOTLATINO,DEM,DEMOCRATIC,36.0,4151994.0,Age2640,AA90256
ALAMANCE,A,ACTIVE,ADAMSJENNIFERBALL,JENNIFERBALLADAMS,524TARLETONAVE,WHITE,NL,NOTHISPANICorNOTLATINO,DEM,DEMOCRATIC,34.0,,Age2640,AA103441
ALAMANCE,I,INACTIVE,ADAMSJENNIFERSHAY,JENNIFERSHAYADAMS,416WINCHESTERDR,WHITE,NL,NOTHISPANICorNOTLATINO,DEM,DEMOCRATIC,35.0,10232003.0,Age2640,AA132117
ALAMANCE,R,REMOVED,ADAMSJERRYJACKSONJR,JERRYJACKSONADAMSJR,523EDINBURGHDR,WHITE,NL,NOTHISPANICorNOTLATINO,REP,REPUBLICAN,78.0,10061987.0,AgeOver66,AA62916
ALAMANCE,A,ACTIVE,ADAMSJESSEJAMES,JESSEJAMESADAMS,603DRIFTWOODDR,WHITE,NL,NOTHISPANICorNOTLATINO,LIB,LIBERTARIAN,33.0,2121999.0,Age2640,AA113127
ALAMANCE,I,INACTIVE,ADAMSJESSICADEESE,JESSICADEESEADAMS,1410CLEVELANDAVEA6,WHITE,NL,NOTHISPANICorNOTLATINO,UNA,UNAFFILIATED,26.0,9222004.0,Age2640,AA138033
ALAMANCE,A,ACTIVE,ADAMSJEWELSAUNDERS,JEWELSAUNDERSADAMS,1515HAWTHORNELN,WHITE,NL,NOTHISPANICorNOTLATINO,DEM,DEMOCRATIC,64.0,10022008.0,Age4165,
ALAMANCE,A,ACTIVE,ADAMSJOHNTHOMAS,JOHNTHOMASADAMS,3173STONEYCREEKCHURCHRD,WHITE,UN,UNDESIGNATED,REP,REPUBLICAN,34.0,8262004.0,Age2640,AA136670
ALAMANCE,A,ACTIVE,ADAMSJOHNTREELYJR,JOHNTREELYADAMSJR,3735BOYWOODRD,WHITE,NL,NOTHISPANICorNOTLATINO,REP,REPUBLICAN,88.0,12051989.0,AgeOver66,AA70209
ALAMANCE,A,ACTIVE,ADAMSJOSEPHDWAINESR,JOSEPHDWAINEADAMSSR,125MARKHAMST,WHITE,NL,NOTHISPANICorNOTLATINO,REP,REPUBLICAN,42.0,4121996.0,Age4165,AA98999
ALAMANCE,A,ACTIVE,ADAMSJOSEPHLYNN,JOSEPHLYNNADAMS,406WLEBANONAVEC,UNDESIGNATED,UN,UNDESIGNATED,UNA,UNAFFILIATED,21.0,10012012.0,,AA175906
ALAMANCE,R,REMOVED,ADAMSJOSEPHINESTOKES,JOSEPHINESTOKESADAMS,2167CANTERBURYDR,WHITE,NL,NOTHISPANICorNOTLATINO,UNA,UNAFFILIATED,89.0,4011978.0,AgeOver66,AA2122
ALAMANCE,A,ACTIVE,ADAMSJOSHUAKYLE,JOSHUAKYLEADAMS,3627MAPLEAVE,WHITE,NL,NOTHISPANICorNOTLATINO,DEM,DEMOCRATIC,31.0,6012006.0,Age2640,AA146660
ALAMANCE,A,ACTIVE,ADAMSJULIENICOLE,JULIENICOLEADAMS,314GREATSMOKEYMOUNTAINDR,WHITE,UN,UNDESIGNATED,REP,REPUBLICAN,31.0,8252012.0,Age2640,BY328359
ALAMANCE,A,ACTIVE,ADAMSKATHERINEKAUPER,KATHERINEKAUPERADAMS,723WILBARD,WHITE,NL,NOTHISPANICorNOTLATINO,REP,REPUBLICAN,29.0,10292008.0,Age2640,AA161960
ALAMANCE,A,ACTIVE,ADAMSKATHYISLEY,KATHYISLEYADAMS,577ISLEYRD,WHITE,NL,NOTHISPANICorNOTLATINO,REP,REPUBLICAN,54.0,2061995.0,Age4165,AA92545
ALAMANCE,A,ACTIVE,ADAMSKAYEB,KAYEBADAMS,2107COYST,WHITE,NL,NOTHISPANICorNOTLATINO,UNA,UNAFFILIATED,63.0,1241995.0,Age4165,AA92546
ALAMANCE,R,REMOVED,ADAMSKENNETHLLOYDJR,KENNETHLLOYDADAMSJR,1611ERWINAVE,WHITE,NL,NOTHISPANICorNOTLATINO,REP,REPUBLICAN,43.0,5281998.0,Age4165,AA110402
ALAMANCE,A,ACTIVE,ADAMSKEVINDAVID,KEVINDAVIDADAMS,204LONGAVE,WHITE,UN,UNDESIGNATED,REP,REPUBLICAN,37.0,9232008.0,Age2640,DE174779
ALAMANCE,A,ACTIVE,ADAMSKEVINWYNN,KEVINWYNNADAMS,3002SILERRD,TWOorMORERACES,NL,NOTHISPANICorNOTLATINO,DEM,DEMOCRATIC,34.0,,Age2640,AA123962
ALAMANCE,A,ACTIVE,ADAMSKIMELIZABETH,KIMELIZABETHADAMS,1408GRIMESST,BLACKorAFRICANAMERICAN,NL,NOTHISPANICorNOTLATINO,DEM,DEMOCRATIC,28.0,3052003.0,Age2640,AA129640
ALAMANCE,A,ACTIVE,ADAMSKURTLUKE,KURTLUKEADAMS,3440MINECREEKRD,WHITE,NL,NOTHISPANICorNOTLATINO,UNA,UNAFFILIATED,60.0,3081971.0,Age4165,AA2124
ALAMANCE,A,ACTIVE,ADAMSLAJUANAHARTLEY,LAJUANAHARTLEYADAMS,328THOMPSONST,WHITE,NL,NOTHISPANICorNOTLATINO,REP,REPUBLICAN,63.0,10061980.0,Age4165,AA25391
ALAMANCE,A,ACTIVE,ADAMSLALAWAVALENE,LALAWAVALENEADAMS,1851PLEASANTHILLLIBERTYRD,WHITE,UN,UNDESIGNATED,DEM,DEMOCRATIC,78.0,9192012.0,AgeOver66,AA174933
ALAMANCE,A,ACTIVE,ADAMSLATTACOLETTE,LATTACOLETTEADAMS,2226DURHAMSTEXT,BLACKorAFRICANAMERICAN,UN,UNDESIGNATED,DEM,DEMOCRATIC,50.0,5121995.0,Age4165,AA93960
ALAMANCE,A,ACTIVE,ADAMSLAURENELIZABETH,LAURENELIZABETHADAMS,207MEADOWOODDR,WHITE,,NOTHISPANICorNOTLATINO,REP,REPUBLICAN,18.0,11022012.0,,AA170101
ALAMANCE,A,ACTIVE,ADAMSLILLIEEUNICE,LILLIEEUNICEADAMS,611FAIRFAXDRC,BLACKorAFRICANAMERICAN,,NOTHISPANICorNOTLATINO,DEM,DEMOCRATIC,61.0,9122005.0,Age4165,AA144635
ALAMANCE,A,ACTIVE,ADAMSLISAMIMS,,511CARTERRD,BLACKorAFRICANAMERICAN,,NOTHISPANICorNOTLATINO,DEM,DEMOCRATIC,51.0,9082004.0,Age4165,AA137423
ALAMANCE,A,ACTIVE,ADAMSLISAOMERA,,126STILLWATERCIR,BLACKorAFRICANAMERICAN,,NOTHISPANICorNOTLATINO,DEM,DEMOCRATIC,34.0,9142001.0,Age2640,AA124413
ALAMANCE,A,ACTIVE,ADAMSLORENZOAMARDBENJAMI,,2634WILLIAMALLENRD,BLACKorAFRICANAMERICAN,,NOTHISPANICorNOTLATINO,DEM,DEMOCRATIC,30.0,4122000.0,Age2640,AA117942
ALAMANCE,A,ACTIVE,ADAMSLORIBETH,,1511ALTAMAHAWUNIONRIDGERD,WHITE,UN,UNDESIGNATED,REP,REPUBLICAN,20.0,8142012.0,,AA174229
ALAMANCE,R,REMOVED,ADAMSMARGARETBLYTHE,,3440MINECREEKRD,WHITE,,NOTHISPANICorNOTLATINO,DEM,DEMOCRATIC,58.0,1101979.0,Age4165,AA2129
ALAMANCE,R,REMOVED,ADAMSMARGARETFRANKLIN,,906KECKRD,WHITE,,NOTHISPANICorNOTLATINO,UNA,UNAFFILIATED,78.0,7131992.0,AgeOver66,AA82079
ALAMANCE,A,ACTIVE,ADAMSMARGARETHOHMAN,,4004BROOKHAVENCT,WHITE,,NOTHISPANICorNOTLATINO,UNA,UNAFFILIATED,70.0,3311980.0,AgeOver66,AA2130
ALAMANCE,A,ACTIVE,ADAMSMARGIECRANE,,2405HUNTINGTONRD12,WHITE,,NOTHISPANICorNOTLATINO,UNA,UNAFFILIATED,66.0,9132010.0,AgeOver66,AA166734
ALAMANCE,A,ACTIVE,ADAMSMARILYN,,379BILLINGHAMDR,WHITE,,NOTHISPANICorNOTLATINO,UNA,UNAFFILIATED,44.0,,Age4165,AA177120
ALAMANCE,I,INACTIVE,ADAMSMARKAARON,,786BOONESTATIONDRM,WHITE,,NOTHISPANICorNOTLATINO,REP,REPUBLICAN,41.0,10232002.0,Age4165,AA128476
ALAMANCE,A,ACTIVE,ADAMSMARTHAMITCHELL,,3139ABINGDONPL,WHITE,,NOTHISPANICorNOTLATINO,DEM,DEMOCRATIC,58.0,3232000.0,Age4165,AA117394
ALAMANCE,A,ACTIVE,ADAMSMARTHACAULDER,,6961SNCHWY87,WHITE,,NOTHISPANICorNOTLATINO,DEM,DEMOCRATIC,69.0,10041980.0,AgeOver66,AA2131
ALAMANCE,A,ACTIVE,ADAMSMARYBETH,,421EDINBURGHDR,WHITE,,NOTHISPANICorNOTLATINO,DEM,DEMOCRATIC,38.0,8042004.0,Age2640,AA136019
ALAMANCE,A,ACTIVE,ADAMSMARYRHODES,,1542WDAVISST,WHITE,,NOTHISPANICorNOTLATINO,REP,REPUBLICAN,60.0,11212007.0,Age4165,AA151237
ALAMANCE,A,ACTIVE,ADAMSMARYJEANNE,,506WILBARD,WHITE,,NOTHISPANICorNOTLATINO,REP,REPUBLICAN,65.0,6072007.0,Age4165,AA149788
ALAMANCE,A,ACTIVE,ADAMSMARYKATHRYN,,1930HUNTLEYWAY,WHITE,,NOTHISPANICorNOTLATINO,DEM,DEMOCRATIC,61.0,11022010.0,Age4165,BY283955
ALAMANCE,A,ACTIVE,ADAMSMARYVIRGINIALINDEMANN,,207MEADOWOODDR,WHITE,,NOTHISPANICorNOTLATINO,REP,REPUBLICAN,,9171998.0,Age4165,AA111511
ALAMANCE,A,ACTIVE,ADAMSMATTHEWLELAND,,723WILBARD,TWOorMORERACES,HL,HISPANICorLATINO,REP,REPUBLICAN,28.0,10292008.0,Age2640,AA161961
ALAMANCE,R,REMOVED,ADAMSMATTHEWRHODES,,3627MAPLEAVE,WHITE,,NOTHISPANICorNOTLATINO,UNA,UNAFFILIATED,35.0,3141997.0,Age2640,AA105708
ALAMANCE,A,ACTIVE,ADAMSMELVINGEORGEII,,820CORNWALLISDR,WHITE,UN,UNDESIGNATED,UNA,UNAFFILIATED,56.0,6291992.0,Age4165,AA81675
ALAMANCE,R,REMOVED,ADAMSMICHAELEDWARD,,1942SWEPSONVILLERD,WHITE,,NOTHISPANICorNOTLATINO,REP,REPUBLICAN,55.0,10081990.0,Age4165,AA74488
ALAMANCE,A,ACTIVE,ADAMSMICHAELRAY,,2748BIRCHLN,WHITE,,NOTHISPANICorNOTLATINO,REP,REPUBLICAN,44.0,10292010.0,Age4165,DN95885
ALAMANCE,A,ACTIVE,ADAMSMIRIAMLEIGH,MIRIAMLEIGHADAMS,1915SASHLANDDR,WHITE,,NOTHISPANICorNOTLATINO,REP,REPUBLICAN,29.0,11012007.0,Age2640,AA150994
ALAMANCE,A,ACTIVE,ADAMSNANCYCHRISTINE,NANCYCHRISTINEADAMS,202WATERST,BLACKorAFRICANAMERICAN,,NOTHISPANICorNOTLATINO,DEM,DEMOCRATIC,63.0,9232006.0,Age4165,AA147574
ALAMANCE,A,ACTIVE,ADAMSNANCYJAMES,NANCYJAMESADAMS,379BILLINGHAMDR,WHITE,,NOTHISPANICorNOTLATINO,DEM,DEMOCRATIC,74.0,4201968.0,AgeOver66,AA2134
ALAMANCE,A,ACTIVE,ADAMSNATASHAANNETTE,NATASHAANNETTEADAMS,3701STOVALLDR,BLACKorAFRICANAMERICAN,UN,UNDESIGNATED,DEM,DEMOCRATIC,36.0,2072008.0,Age2640,AT17192
ALAMANCE,A,ACTIVE,ADAMSNATHANROGERS,NATHANROGERSADAMS,421EDINBURGHDR,WHITE,,NOTHISPANICorNOTLATINO,UNA,UNAFFILIATED,38.0,8172004.0,Age2640,AA136094
ALAMANCE,A,ACTIVE,ADAMSNICOLEELAINE,NICOLEELAINEADAMS,734IVEYRDB,BLACKorAFRICANAMERICAN,,NOTHISPANICorNOTLATINO,DEM,DEMOCRATIC,29.0,9132004.0,Age2640,AA137355
ALAMANCE,D,DENIED,ADAMSPAULWENDELL,PAULWENDELLADAMS,1426CLOVERDALEST,WHITE,,NOTHISPANICorNOTLATINO,REP,REPUBLICAN,54.0,12131996.0,Age4165,AA105378
ALAMANCE,A,ACTIVE,ADAMSRALEIGHRUTHERFORDHAYN,RALEIGHRUTHERFORDHAYNADAMS,3139ABINGDONPL,WHITE,,NOTHISPANICorNOTLATINO,UNA,UNAFFILIATED,19.0,8122011.0,,AA169148
ALAMANCE,A,ACTIVE,ADAMSROBERTDOUGLAS,ROBERTDOUGLASADAMS,5025NCHWY54,WHITE,,NOTHISPANICorNOTLATINO,REP,REPUBLICAN,41.0,10021992.0,Age4165,AA85038
ALAMANCE,A,ACTIVE,ADAMSRODNEYDALE,RODNEYDALEADAMS,304EELMST,WHITE,UN,UNDESIGNATED,REP,REPUBLICAN,53.0,9302008.0,Age4165,AA158381
ALAMANCE,R,REMOVED,ADAMSROYCHARLES,ROYCHARLESADAMS,1703PINECRESTST,WHITE,,NOTHISPANICorNOTLATINO,REP,REPUBLICAN,86.0,1011900.0,AgeOver66,AA2140
ALAMANCE,A,ACTIVE,ADAMSRYANDOUGLAS,RYANDOUGLASADAMS,2619EVERGREENLN,WHITE,UN,UNDESIGNATED,REP,REPUBLICAN,24.0,,,AA159645
ALAMANCE,A,ACTIVE,ADAMSSAMANTHALYNN,SAMANTHALYNNADAMS,1324BURLINGATEPL,WHITE,,NOTHISPANICorNOTLATINO,REP,REPUBLICAN,19.0,4132012.0,,AA171384
ALAMANCE,R,REMOVED,ADAMSSAMUELDEAN,SAMUELDEANADAMS,2463MORNINGSIDEDR,WHITE,,NOTHISPANICorNOTLATINO,UNA,UNAFFILIATED,56.0,4052010.0,Age4165,AA165700
ALAMANCE,A,ACTIVE,ADAMSSANDRACOE,SANDRACOEADAMS,3735BOYWOODRD,WHITE,NL,NOTHISPANICorNOTLATINO,REP,REPUBLICAN,55.0,9261980.0,Age4165,AA17518
ALAMANCE,A,ACTIVE,ADAMSSARAHALBRIGHT,SARAHALBRIGHTADAMS,211SMARSHALLST,WHITE,,NOTHISPANICorNOTLATINO,DEM,DEMOCRATIC,95.0,10261940.0,AgeOver66,AA2144
ALAMANCE,A,ACTIVE,ADAMSSCOTTCHRISTOPHER,SCOTTCHRISTOPHERADAMS,523EDINBURGHDR,WHITE,,NOTHISPANICorNOTLATINO,DEM,DEMOCRATIC,44.0,10061988.0,Age4165,AA67296
ALAMANCE,A,ACTIVE,ADAMSSHERRIKERNODLE,SHERRIKERNODLEADAMS,1324BURLINGATEPL,WHITE,,NOTHISPANICorNOTLATINO,REP,REPUBLICAN,,3061984.0,Age4165,
ALAMANCE,R,REMOVED,ADAMSSHERRYBROWN,SHERRYBROWNADAMS,2235NNCHWY8757,BLACKorAFRICANAMERICAN,,NOTHISPANICorNOTLATINO,DEM,DEMOCRATIC,40.0,6111996.0,Age2640,AA100101
ALAMANCE,A,ACTIVE,ADAMSSHIRLEYLEONARD,SHIRLEYLEONARDADAMS,330BIDNEYDR,WHITE,,NOTHISPANICorNOTLATINO,DEM,DEMOCRATIC,83.0,4121976.0,AgeOver66,AA2146
ALAMANCE,A,ACTIVE,ADAMSSTANLEYDOUGLAS,STANLEYDOUGLASADAMS,2619EVERGREENLN,WHITE,,NOTHISPANICorNOTLATINO,REP,REPUBLICAN,51.0,10042004.0,Age4165,AA139298
ALAMANCE,A,ACTIVE,ADAMSSTEPHANIEMICHELLE,STEPHANIEMICHELLEADAMS,2463MORNINGSIDEDR,WHITE,UN,UNDESIGNATED,REP,REPUBLICAN,32.0,3022001.0,Age2640,AA122866
ALAMANCE,R,REMOVED,ADAMSSTEPHANIEMARIE,STEPHANIEMARIEADAMS,,WHITE,UN,UNDESIGNATED,DEM,DEMOCRATIC,35.0,1072002.0,Age2640,AA125251
ALAMANCE,A,ACTIVE,ADAMSSTEVENFRANKLIN,STEVENFRANKLINADAMS,1511ALTAMAHAWUNIONRIDGERD,WHITE,,NOTHISPANICorNOTLATINO,REP,REPUBLICAN,55.0,4061979.0,Age4165,AA2148
ALAMANCE,A,ACTIVE,ADAMSSUSANMARY,SUSANMARYADAMS,603DRIFTWOODDR,WHITE,,NOTHISPANICorNOTLATINO,UNA,UNAFFILIATED,60.0,7081993.0,Age4165,AA87568
ALAMANCE,A,ACTIVE,ADAMSTEALMOFFETT,TEALMOFFETTADAMS,522NGURNEYST,WHITE,,NOTHISPANICorNOTLATINO,REP,REPUBLICAN,,11302007.0,Age4165,AT20628
ALAMANCE,R,REMOVED,ADAMSTEALMOFFETT,TEALMOFFETTADAMS,701EDINBURGHCT,WHITE,,NOTHISPANICorNOTLATINO,REP,REPUBLICAN,,10061988.0,Age4165,AA67903
ALAMANCE,A,ACTIVE,ADAMSTERRYALDRIDGE,TERRYALDRIDGEADAMS,1511ALTAMAHAWUNIONRIDGERD,WHITE,,NOTHISPANICorNOTLATINO,REP,REPUBLICAN,56.0,1101979.0,Age4165,
ALAMANCE,A,ACTIVE,ADAMSTHOMASPAUL,THOMASPAULADAMS,1324BURLINGATEPL,WHITE,,NOTHISPANICorNOTLATINO,REP,REPUBLICAN,,3131988.0,Age4165,AA64449
ALAMANCE,A,ACTIVE,ADAMSTOBIL,TOBILADAMS,7810BETHELSOUTHFORKRD,WHITE,,NOTHISPANICorNOTLATINO,REP,REPUBLICAN,56.0,2082008.0,Age4165,AA152173
ALAMANCE,A,ACTIVE,ADAMSTOMMYLEE,TOMMYLEEADAMS,2307WOODDUCKDR,BLACKorAFRICANAMERICAN,,NOTHISPANICorNOTLATINO,DEM,DEMOCRATIC,69.0,9041998.0,AgeOver66,AA111509
ALAMANCE,A,ACTIVE,ADAMSTRACEYJANAY,TRACEYJANAYADAMS,5025NCHWY54,WHITE,,NOTHISPANICorNOTLATINO,UNA,UNAFFILIATED,39.0,5211991.0,Age2640,AA77437
ALAMANCE,A,ACTIVE,ADAMSVICKIEVINCENT,VICKIEVINCENTADAMS,2463MORNINGSIDEDR,WHITE,UN,UNDESIGNATED,REP,REPUBLICAN,57.0,2161984.0,Age4165,
ALAMANCE,A,ACTIVE,ADAMSWALTERSHANE,WALTERSHANEADAMS,801STONESTD,WHITE,NL,NOTHISPANICorNOTLATINO,REP,REPUBLICAN,37.0,11081994.0,Age2640,AA92135
ALAMANCE,A,ACTIVE,ADAMSWILBURDALE,WILBURDALEADAMS,3355NCHWY54,WHITE,NL,NOTHISPANICorNOTLATINO,DEM,DEMOCRATIC,79.0,4051972.0,AgeOver66,AA2154
ALAMANCE,R,REMOVED,ADAMSWILFORDJARVIS,WILFORDJARVISADAMS,207BANKSST,BLACKorAFRICANAMERICAN,NL,NOTHISPANICorNOTLATINO,DEM,DEMOCRATIC,51.0,10082000.0,Age4165,AA120828
ALAMANCE,R,REMOVED,ADAMSWILLIAMBOYDJR,WILLIAMBOYDADAMSJR,809DILLARDCIR,BLACKorAFRICANAMERICAN,NL,NOTHISPANICorNOTLATINO,DEM,DEMOCRATIC,68.0,1111979.0,AgeOver66,AA2156
ALAMANCE,R,REMOVED,ADAMSWILLIAMROGER,WILLIAMROGERADAMS,409FORESTDR,WHITE,NL,NOTHISPANICorNOTLATINO,UNA,UNAFFILIATED,85.0,7091976.0,AgeOver66,AA2157
ALAMANCE,A,ACTIVE,ADAMSWILLIAMLESLIE,WILLIAMLESLIEADAMS,309IVEYRD,WHITE,NL,NOTHISPANICorNOTLATINO,REP,REPUBLICAN,61.0,10032012.0,Age4165,AA138015
ALAMANCE,A,ACTIVE,ADAMSWILLIAM(NMN)JR,WILLIAM(NMN)ADAMSJR,1603WEDGEWOODDR,WHITE,NL,NOTHISPANICorNOTLATINO,DEM,DEMOCRATIC,68.0,10041976.0,AgeOver66,AA2155
ALAMANCE,A,ACTIVE,ADAMSWILLIAMAJR,WILLIAMAADAMSJR,2107COYST,WHITE,NL,NOTHISPANICorNOTLATINO,REP,REPUBLICAN,67.0,12281994.0,AgeOver66,AA92482
ALAMANCE,A,ACTIVE,ADAMSKICHRISTOPHERRYAN,CHRISTOPHERRYANADAMSKI,601MONROEHOLTRD,WHITE,NL,NOTHISPANICorNOTLATINO,UNA,UNAFFILIATED,27.0,11022004.0,Age2640,AA141426
ALAMANCE,A,ACTIVE,ADAMSONKIMEMITZMOREEN,MITZMOREENADAMSONKIME,1834BROADWAYDR,BLACKorAFRICANAMERICAN,NL,NOTHISPANICorNOTLATINO,DEM,DEMOCRATIC,,9302000.0,Age4165,AA120416
ALAMANCE,A,ACTIVE,ADCOCKDONNALEE,DONNALEEADCOCK,177GINALN,WHITE,NL,NOTHISPANICorNOTLATINO,DEM,DEMOCRATIC,,9191989.0,Age4165,AA69926
ALAMANCE,A,ACTIVE,ADCOCKMARGARETMCCOY,,716BROOKGREENTER,WHITE,NL,NOTHISPANICorNOTLATINO,REP,REPUBLICAN,87.0,5171952.0,AgeOver66,AA2162
ALAMANCE,I,INACTIVE,ADCOCKMICHAELJOE,,,WHITE,NL,NOTHISPANICorNOTLATINO,REP,REPUBLICAN,39.0,3302004.0,Age2640,AA133530
ALAMANCE,A,ACTIVE,ADCOCKSHANNONLEIGH,SHANNONLEIGHADCOCK,403ENGLEMANAVE,WHITE,UN,UNDESIGNATED,UNA,UNAFFILIATED,41.0,1222004.0,Age4165,AA132693
ALAMANCE,A,ACTIVE,ADCOCKTERRYVAUGHN,TERRYVAUGHNADCOCK,2747CRESCENTHILLCT,WHITE,NL,NOTHISPANICorNOTLATINO,REP,REPUBLICAN,54.0,9191994.0,Age4165,AA91251
ALAMANCE,A,ACTIVE,ADCOCKWILLIAMLEEJR,WILLIAMLEEADCOCKJR,177GINALN,WHITE,NL,NOTHISPANICorNOTLATINO,UNA,UNAFFILIATED,,1222004.0,Age4165,AA132776
ALAMANCE,A,ACTIVE,ADDERTIONCHANDLERDAVIS,CHANDLERDAVISADDERTION,3019MATTIEFLORENCEDR,WHITE,UN,UNDESIGNATED,DEM,DEMOCRATIC,19.0,3282012.0,,AA171113
ALAMANCE,I,INACTIVE,ADDERTIONRENEEWICKER,RENEEWICKERADDERTION,3019MATTIEFLORENCEDR,WHITE,NL,NOTHISPANICorNOTLATINO,DEM,DEMOCRATIC,,9182007.0,Age4165,BY233634
ALAMANCE,A,ACTIVE,ADDERTIONWILLIAMRAY,WILLIAMRAYADDERTION,3019MATTIEFLORENCEDR,WHITE,UN,UNDESIGNATED,DEM,DEMOCRATIC,51.0,2202008.0,Age4165,BY233861
ALAMANCE,I,INACTIVE,ADDICHARLENELEE,CHARLENELEEADDI,319CLAPPST,BLACKorAFRICANAMERICAN,NL,NOTHISPANICorNOTLATINO,DEM,DEMOCRATIC,,8082002.0,Age4165,AA127250
ALAMANCE,R,REMOVED,ADDICOTTRONALDCRAIG,RONALDCRAIGADDICOTT,2388FOXFIRELN,WHITE,NL,NOTHISPANICorNOTLATINO,REP,REPUBLICAN,60.0,3272003.0,Age4165,AA129887
ALAMANCE,A,ACTIVE,ADDINGTONDONTAS,DONTASADDINGTON,4229SPOONLOOP,BLACKorAFRICANAMERICAN,UN,UNDESIGNATED,DEM,DEMOCRATIC,34.0,4052008.0,Age2640,AA163869
ALAMANCE,A,ACTIVE,ADDISONDAVIDWINSTON,DAVIDWINSTONADDISON,,BLACKorAFRICANAMERICAN,NL,NOTHISPANICorNOTLATINO,REP,REPUBLICAN,,6132007.0,Age4165,EH228407
ALAMANCE,A,ACTIVE,ADDISONRHONDAANN,RHONDAANNADDISON,2160HAWRIVERHOPEDALERD,WHITE,NL,NOTHISPANICorNOTLATINO,REP,REPUBLICAN,43.0,7242009.0,Age4165,AA164428
ALAMANCE,A,ACTIVE,ADDISSLAURAANN,LAURAANNADDISS,,UNDESIGNATED,UN,UNDESIGNATED,DEM,DEMOCRATIC,22.0,,,AA161307
ALAMANCE,A,ACTIVE,ADEANNMILFORD,ANNMILFORDADE,4013FORESTOAKSLN,WHITE,NL,NOTHISPANICorNOTLATINO,UNA,UNAFFILIATED,65.0,6262007.0,Age4165,AA149947
ALAMANCE,A,ACTIVE,ADEBRIANDAVID,BRIANDAVIDADE,4013FORESTOAKSLN,WHITE,NL,NOTHISPANICorNOTLATINO,UNA,UNAFFILIATED,40.0,9272012.0,Age2640,AA175265
ALAMANCE,A,ACTIVE,ADEDAVIDALLEN,DAVIDALLENADE,4013FORESTOAKSLN,WHITE,NL,NOTHISPANICorNOTLATINO,REP,REPUBLICAN,66.0,11021999.0,AgeOver66,AA115896
ALAMANCE,R,REMOVED,ADELSONBENJAMINJ,BENJAMINJADELSON,223ETROLLINGERAVE,WHITE,UN,UNDESIGNATED,DEM,DEMOCRATIC,31.0,10082002.0,Age2640,AA128022
ALAMANCE,A,ACTIVE,ADELSPERGERDORISCAROL,DORISCAROLADELSPERGER,,WHITE,UN,UNDESIGNATED,REP,REPUBLICAN,56.0,9182012.0,Age4165,AA174712
ALAMANCE,A,ACTIVE,ADERHOLTLAURAHENDRY,LAURAHENDRYADERHOLT,2105BELLEMONTALAMANCERD,WHITE,NL,NOTHISPANICorNOTLATINO,UNA,UNAFFILIATED,33.0,9221997.0,Age2640,AA107597
ALAMANCE,A,ACTIVE,ADERHOLTPAMELASUE,PAMELASUEADERHOLT,580GREENBRIERFARMTRL,WHITE,UN,UNDESIGNATED,UNA,UNAFFILIATED,57.0,11082007.0,Age4165,AA151238
ALAMANCE,A,ACTIVE,ADERHOLTRICHARDPHILLIP,RICHARDPHILLIPADERHOLT,,WHITE,NL,NOTHISPANICorNOTLATINO,DEM,DEMOCRATIC,37.0,4121994.0,Age2640,AA90137
ALAMANCE,A,ACTIVE,ADERHOLTRICHARDNOAH,RICHARDNOAHADERHOLT,158WORKMANRD,WHITE,NL,NOTHISPANICorNOTLATINO,UNA,UNAFFILIATED,55.0,11091983.0,Age4165,AA2164
ALAMANCE,I,INACTIVE,ADKINPAULEDWARD,PAULEDWARDADKIN,2404NMAURYARCH,WHITE,NL,NOTHISPANICorNOTLATINO,UNA,UNAFFILIATED,,10261998.0,Age4165,AA112294
ALAMANCE,I,INACTIVE,ADKINTANYAEILEEN,TANYAEILEENADKIN,2404NMAURYARCH,WHITE,NL,NOTHISPANICorNOTLATINO,REP,REPUBLICAN,43.0,5051998.0,Age4165,AA109973
ALAMANCE,I,INACTIVE,ADKINSAPRILDAWN,APRILDAWNADKINS,,WHITE,NL,NOTHISPANICorNOTLATINO,DEM,DEMOCRATIC,26.0,7062006.0,Age2640,AA146949
ALAMANCE,A,ACTIVE,ADKINSAPRILMICHELLE,APRILMICHELLEADKINS,147HAZELDR,WHITE,UN,UNDESIGNATED,DEM,DEMOCRATIC,44.0,8012012.0,Age4165,AA173093
ALAMANCE,A,ACTIVE,ADKINSARASISWAMICKANNU,ARASISWAMICKANNUADKINS,4034FORBESWAY,ASIAN,NL,NOTHISPANICorNOTLATINO,DEM,DEMOCRATIC,36.0,9272007.0,Age2640,AA150645
ALAMANCE,A,ACTIVE,ADKINSBOYDSTANLEY,BOYDSTANLEYADKINS,3208BROOKSTONEDR,WHITE,UN,UNDESIGNATED,REP,REPUBLICAN,56.0,2191976.0,Age4165,AA2166
ALAMANCE,A,ACTIVE,ADKINSBRADWILLIAM,BRADWILLIAMADKINS,208MANNINGWAY,WHITE,NL,NOTHISPANICorNOTLATINO,REP,REPUBLICAN,42.0,4272012.0,Age4165,BY474652
ALAMANCE,A,ACTIVE,ADKINSBRANTONLOWELL,BRANTONLOWELLADKINS,1840BUXTONWAY,WHITE,NL,NOTHISPANICorNOTLATINO,UNA,UNAFFILIATED,42.0,2042009.0,Age4165,AA163387
ALAMANCE,A,ACTIVE,ADKINSBURAJANINE,BURAJANINEADKINS,,WHITE,NL,NOTHISPANICorNOTLATINO,UNA,UNAFFILIATED,43.0,6251997.0,Age4165,AA106486
ALAMANCE,A,ACTIVE,ADKINSCHRISTINALOUISEREAD,CHRISTINALOUISEREADADKINS,1840BUXTONWAY,WHITE,NL,NOTHISPANICorNOTLATINO,UNA,UNAFFILIATED,42.0,6232008.0,Age4165,AA154895
ALAMANCE,A,ACTIVE,ADKINSCYNTHIADAWN,CYNTHIADAWNADKINS,1607ROLLINGWOODRD,WHITE,NL,NOTHISPANICorNOTLATINO,REP,REPUBLICAN,31.0,9291981.0,Age2640,AA115897
ALAMANCE,A,ACTIVE,ADKINSDENISEFAULKNER,DENISEFAULKNERADKINS,1607ROLLINGWOODRD,WHITE,NL,NOTHISPANICorNOTLATINO,REP,REPUBLICAN,,9281987.0,Age4165,AA62172
ALAMANCE,A,ACTIVE,ADKINSEMILYLOUISE,EMILYLOUISEADKINS,1840BUXTONWAY,WHITE,NL,NOTHISPANICorNOTLATINO,UNA,UNAFFILIATED,18.0,3092012.0,,AA170627
ALAMANCE,A,ACTIVE,ADKINSGLORIAJEAN,GLORIAJEANADKINS,3208BROOKSTONEDR,WHITE,UN,UNDESIGNATED,REP,REPUBLICAN,62.0,10041976.0,Age4165,
ALAMANCE,A,ACTIVE,ADKINSJACKHOYTJR,JACKHOYTADKINSJR,2331HOSKINSRD,WHITE,NL,NOTHISPANICorNOTLATINO,REP,REPUBLICAN,51.0,3111996.0,Age4165,AA98169
ALAMANCE,A,ACTIVE,ADKINSJAMESHERMANJR,JAMESHERMANADKINSJR,4109GILLIAMCHURCHRD,WHITE,NL,NOTHISPANICorNOTLATINO,UNA,UNAFFILIATED,55.0,8202002.0,Age4165,AA127451
ALAMANCE,A,ACTIVE,ADKINSJAMESEDWARD,JAMESEDWARDADKINS,5132SCARLETTCT,WHITE,NL,NOTHISPANICorNOTLATINO,UNA,UNAFFILIATED,53.0,6222006.0,Age4165,AA146809
ALAMANCE,A,ACTIVE,ADKINSJAMESROBERTJR,JAMESROBERTADKINSJR,601DIXONRD,WHITE,NL,NOTHISPANICorNOTLATINO,UNA,UNAFFILIATED,,9062005.0,Age4165,AA144571
ALAMANCE,A,ACTIVE,ADKINSJAMESRYAN,JAMESRYANADKINS,4215HOWLEDR,WHITE,NL,NOTHISPANICorNOTLATINO,REP,REPUBLICAN,21.0,12172008.0,,AA162460
ALAMANCE,A,ACTIVE,ADKINSJAMESWILLIAM,JAMESWILLIAMADKINS,3105ALTAMAHAWUNIONRIDGERD,WHITE,NL,NOTHISPANICorNOTLATINO,REP,REPUBLICAN,34.0,10052012.0,Age2640,AA176353
ALAMANCE,A,ACTIVE,ADKINSJEANIECOGDELL,JEANIECOGDELLADKINS,2331HOSKINSRD,WHITE,NL,NOTHISPANICorNOTLATINO,REP,REPUBLICAN,51.0,5111995.0,Age4165,AA93961
ALAMANCE,A,ACTIVE,ADKINSJOSHUARYAN,JOSHUARYANADKINS,1808GERRINGERMILLRD,WHITE,NL,NOTHISPANICorNOTLATINO,REP,REPUBLICAN,28.0,12302003.0,Age2640,AA132482
ALAMANCE,D,DENIED,ADKINSJOSHUARYAN,JOSHUARYANADKINS,3713ALTAMAHAWCHURCHST,WHITE,NL,NOTHISPANICorNOTLATINO,REP,REPUBLICAN,28.0,1142003.0,Age2640,AA129237
ALAMANCE,A,ACTIVE,ADKINSJUANITACLAYTON,JUANITACLAYTONADKINS,2422SNCHWY1194,WHITE,NL,NOTHISPANICorNOTLATINO,REP,REPUBLICAN,55.0,4112005.0,Age4165,AA143364
ALAMANCE,A,ACTIVE,ADKINSKATHLEENANN,KATHLEENANNADKINS,2220YOUNGST,WHITE,NL,NOTHISPANICorNOTLATINO,UNA,UNAFFILIATED,61.0,9082009.0,Age4165,AA164665
ALAMANCE,A,ACTIVE,ADKINSPATRICIABLACKWELL,PATRICIABLACKWELLADKINS,4109GILLIAMCHURCHRD,WHITE,NL,NOTHISPANICorNOTLATINO,UNA,UNAFFILIATED,56.0,9161980.0,Age4165,
ALAMANCE,A,ACTIVE,ADKINSRANDALLSCOTT,RANDALLSCOTTADKINS,3311HOSKINSCT,WHITE,NL,NOTHISPANICorNOTLATINO,REP,REPUBLICAN,,4172012.0,Age4165,AA171811
ALAMANCE,A,ACTIVE,ADKINSRANDYLEE,RANDYLEEADKINS,2911ETHANPOINTEDR,WHITE,NL,NOTHISPANICorNOTLATINO,REP,REPUBLICAN,,2162007.0,Age4165,AA148938
ALAMANCE,R,REMOVED,ADKINSRICHARDJUICE,RICHARDJUICEADKINS,2008SMEBANEST734G,BLACKorAFRICANAMERICAN,UN,UNDESIGNATED,DEM,DEMOCRATIC,42.0,2082008.0,Age4165,AA152154
ALAMANCE,A,ACTIVE,ADKINSRORERJAMESJR,RORERJAMESADKINSJR,813COLONIALDR,WHITE,NL,NOTHISPANICorNOTLATINO,DEM,DEMOCRATIC,80.0,,AgeOver66,AA2171
ALAMANCE,A,ACTIVE,ADKINSRUBYFAYE,RUBYFAYEADKINS,516WHAGGARDAVE,WHITE,NL,NOTHISPANICorNOTLATINO,UNA,UNAFFILIATED,72.0,10021976.0,AgeOver66,AA10785
ALAMANCE,D,DENIED,ADKINSRUSSELLJR,RUSSELLADKINSJR,2457WILLIEPACERD,WHITE,NL,NOTHISPANICorNOTLATINO,REP,REPUBLICAN,44.0,1312003.0,Age4165,AA129397
ALAMANCE,I,INACTIVE,ADKINSSANDRALEE,SANDRALEEADKINS,2234DURHAMSTEXT,WHITE,UN,UNDESIGNATED,DEM,DEMOCRATIC,,9112007.0,Age4165,BY319492
ALAMANCE,A,ACTIVE,ADKINSSANDRADELAINE,SANDRADELAINEADKINS,623TEXASAVE,WHITE,NL,NOTHISPANICorNOTLATINO,UNA,UNAFFILIATED,51.0,7022008.0,Age4165,AA155128
ALAMANCE,A,ACTIVE,ADKINSSONYALEIGH,SONYALEIGHADKINS,1910SMEBANEST,WHITE,NL,NOTHISPANICorNOTLATINO,DEM,DEMOCRATIC,51.0,3082000.0,Age4165,AA117243
ALAMANCE,A,ACTIVE,ADKINSSTACY,STACYADKINS,4034FORBESWAY,BLACKorAFRICANAMERICAN,UN,UNDESIGNATED,DEM,DEMOCRATIC,41.0,5152008.0,Age4165,BY2867
ALAMANCE,A,ACTIVE,ADKINSSTACYDENISE,STACYDENISEADKINS,,WHITE,NL,NOTHISPANICorNOTLATINO,UNA,UNAFFILIATED,38.0,1052008.0,Age2640,EH712599
ALAMANCE,A,ACTIVE,ADKINSSTEPHENRAY,STEPHENRAYADKINS,1607ROLLINGWOODRD,WHITE,NL,NOTHISPANICorNOTLATINO,REP,REPUBLICAN,54.0,2151993.0,Age4165,AA86591
ALAMANCE,A,ACTIVE,ADKINSSTEVENMITCHELL,STEVENMITCHELLADKINS,1910SMEBANEST,WHITE,NL,NOTHISPANICorNOTLATINO,UNA,UNAFFILIATED,20.0,11022012.0,,AA178743
ALAMANCE,A,ACTIVE,ADKINSSUSIEANDERSON,SUSIEANDERSONADKINS,813COLONIALDR,WHITE,NL,NOTHISPANICorNOTLATINO,DEM,DEMOCRATIC,80.0,,AgeOver66,AA2173
ALAMANCE,A,ACTIVE,ADKINSSUSIEFARTHING,SUSIEFARTHINGADKINS,516WHAGGARDAVE,WHITE,NL,NOTHISPANICorNOTLATINO,DEM,DEMOCRATIC,89.0,5121956.0,AgeOver66,AA2174
ALAMANCE,I,INACTIVE,ADKINSTERRILYNN,TERRILYNNADKINS,,WHITE,NL,NOTHISPANICorNOTLATINO,UNA,UNAFFILIATED,34.0,3242005.0,Age2640,AA143216
ALAMANCE,R,REMOVED,ADKINSWILLIAMKEITH,WILLIAMKEITHADKINS,100ROSEMONTST4C,WHITE,NL,NOTHISPANICorNOTLATINO,REP,REPUBLICAN,58.0,8081997.0,Age4165,AA107108
ALAMANCE,R,REMOVED,ADLERSTEVENBARRY,STEVENBARRYADLER,3551FORESTDALEDRRJ,WHITE,NL,NOTHISPANICorNOTLATINO,REP,REPUBLICAN,31.0,10082004.0,Age2640,AA140176
ALAMANCE,A,ACTIVE,ADMIRECYNTHIAR,CYNTHIARADMIRE,529TROLLINGWOODHAWFIELDSRD,WHITE,NL,NOTHISPANICorNOTLATINO,REP,REPUBLICAN,55.0,1191995.0,Age4165,AA92547
ALAMANCE,A,ACTIVE,ADONAYREYALDOBESA,REYALDOBESAADONAY,405TRAILEIGHT,OTHER,NL,NOTHISPANICorNOTLATINO,UNA,UNAFFILIATED,44.0,5082008.0,Age4165,AA154896
ALAMANCE,A,ACTIVE,AFANADORMARITZAVISBAL,,212ELKCT,WHITE,NL,NOTHISPANICorNOTLATINO,DEM,DEMOCRATIC,54.0,11062000.0,Age4165,AA121978
ALAMANCE,A,ACTIVE,AFANADOROTTO(NMN),OTTO(NMN)AFANADOR,212ELKCT,WHITE,NL,NOTHISPANICorNOTLATINO,REP,REPUBLICAN,55.0,9131992.0,Age4165,AA84736
ALAMANCE,A,ACTIVE,AGAMHANA,HANAAGAM,215SMAPLESTC,ASIAN,NL,NOTHISPANICorNOTLATINO,DEM,DEMOCRATIC,,8172010.0,Age4165,AA166560
ALAMANCE,A,ACTIVE,AGAMEMNONJOHNPAUL,JOHNPAULAGAMEMNON,1313ELDORADOST,WHITE,UN,UNDESIGNATED,REP,REPUBLICAN,65.0,4092008.0,Age4165,AA153394
ALAMANCE,A,ACTIVE,AGAMEMNONSYLVIAROBINSON,SYLVIAROBINSONAGAMEMNON,512PEELESTC,WHITE,NL,NOTHISPANICorNOTLATINO,DEM,DEMOCRATIC,68.0,9081994.0,AgeOver66,AA91090
ALAMANCE,A,ACTIVE,AGARWALRAJAT,RAJATAGARWAL,700EHAGGARDAVE203B,UNDESIGNATED,UN,UNDESIGNATED,UNA,UNAFFILIATED,18.0,10012012.0,,AA175908
ALAMANCE,A,ACTIVE,AGEEANNIEJEAN,ANNIEJEANAGEE,,WHITE,NL,NOTHISPANICorNOTLATINO,DEM,DEMOCRATIC,59.0,1091979.0,Age4165,AA2177
ALAMANCE,A,ACTIVE,AGEECHRISTOPHERPAUL,CHRISTOPHERPAULAGEE,,WHITE,NL,NOTHISPANICorNOTLATINO,REP,REPUBLICAN,38.0,,Age2640,AA142046
ALAMANCE,A,ACTIVE,AGEECRYSTALCHEYANNE,CRYSTALCHEYANNEAGEE,1515SMEBANEST131,WHITE,UN,UNDESIGNATED,REP,REPUBLICAN,22.0,4112008.0,,AA153737
ALAMANCE,R,REMOVED,AGEEJOHNHENRY,JOHNHENRYAGEE,807SHERRIDR,WHITE,,NOTHISPANICorNOTLATINO,REP,REPUBLICAN,83.0,9231981.0,AgeOver66,AA2179
ALAMANCE,A,ACTIVE,AGELLALBERTALOYSIUS,ALBERTALOYSIUSAGELL,1546SANDYCROSSRD,WHITE,,NOTHISPANICorNOTLATINO,UNA,UNAFFILIATED,63.0,9092004.0,Age4165,AA137277
ALAMANCE,A,ACTIVE,AGEYJACQUELINEKAY,JACQUELINEKAYAGEY,511ESTAGECOACHRD,WHITE,NL,NOTHISPANICorNOTLATINO,REP,REPUBLICAN,,7202001.0,Age4165,AA123963
ALAMANCE,I,INACTIVE,AGNEMICHAELCHARLESII,,210KITLN,WHITE,,NOTHISPANICorNOTLATINO,UNA,UNAFFILIATED,32.0,1272010.0,Age2640,BL369731
ALAMANCE,A,ACTIVE,AGNELLOAMYNICOLE,AMYNICOLEAGNELLO,3313SNCHWY119,BLACKorAFRICANAMERICAN,UN,UNDESIGNATED,DEM,DEMOCRATIC,41.0,12091996.0,Age4165,AA104299
ALAMANCE,A,ACTIVE,AGNELLOFRANKJOSEPHJR,FRANKJOSEPHAGNELLOJR,3313SNCHWY11958,WHITE,UN,UNDESIGNATED,DEM,DEMOCRATIC,43.0,8192004.0,Age4165,AA135282
ALAMANCE,A,ACTIVE,AGNELLOSHINIQUAANGELMARIE,SHINIQUAANGELMARIEAGNELLO,3313SNCHWY11958,BLACKorAFRICANAMERICAN,,NOTHISPANICorNOTLATINO,DEM,DEMOCRATIC,18.0,1302012.0,,AA170224
ALAMANCE,A,ACTIVE,AGNELLOTEVINJAMMAL,TEVINJAMMALAGNELLO,3313SNCHWY11958,BLACKorAFRICANAMERICAN,,NOTHISPANICorNOTLATINO,DEM,DEMOCRATIC,21.0,5012009.0,,AA163790
ALAMANCE,A,ACTIVE,AGNELLOTINACOOK,TINACOOKAGNELLO,3313SNCHWY11956,WHITE,,NOTHISPANICorNOTLATINO,REP,REPUBLICAN,35.0,4041996.0,Age2640,AA98786
ALAMANCE,A,ACTIVE,AGNERBRENDAKAY,BRENDAKAYAGNER,5962SNOWCAMPRD,WHITE,UN,UNDESIGNATED,REP,REPUBLICAN,,3132002.0,Age4165,AA125988
ALAMANCE,A,ACTIVE,AGNERBRIANEUGENE,BRIANEUGENEAGNER,5962SNOWCAMPRD,WHITE,UN,UNDESIGNATED,REP,REPUBLICAN,44.0,12192001.0,Age4165,AA125253
ALAMANCE,A,ACTIVE,AGNERJOHNJEFFERY,JOHNJEFFERYAGNER,2505PARRISHST,WHITE,,NOTHISPANICorNOTLATINO,DEM,DEMOCRATIC,42.0,12311997.0,Age4165,AA108570
ALAMANCE,A,ACTIVE,AGNERRACHELHARVELL,RACHELHARVELLAGNER,545HOMEWOODAVE,WHITE,,NOTHISPANICorNOTLATINO,UNA,UNAFFILIATED,39.0,11271996.0,Age2640,AA104301
ALAMANCE,R,REMOVED,AGNERTROYLEE,TROYLEEAGNER,1430RIDGECRESTAVE,WHITE,,NOTHISPANICorNOTLATINO,UNA,UNAFFILIATED,43.0,11271995.0,Age4165,AA96659
ALAMANCE,A,ACTIVE,AGNEWCHARLESDAVID,CHARLESDAVIDAGNEW,3519HAWKEYELN,WHITE,,NOTHISPANICorNOTLATINO,DEM,DEMOCRATIC,32.0,,Age2640,AA167518
ALAMANCE,A,ACTIVE,AGNEWCHARLESMELBORNE,CHARLESMELBORNEAGNEW,2051HATCHERYRD5,WHITE,,NOTHISPANICorNOTLATINO,REP,REPUBLICAN,40.0,3152002.0,Age2640,AA125891
ALAMANCE,A,ACTIVE,AGNEWCHARLESBLAKE,CHARLESBLAKEAGNEW,3210PATRIOTPL,WHITE,UN,UNDESIGNATED,REP,REPUBLICAN,23.0,9292008.0,,AA158086
ALAMANCE,A,ACTIVE,AGNEWCOURTNEYCARROLL,COURTNEYCARROLLAGNEW,,WHITE,UN,UNDESIGNATED,REP,REPUBLICAN,22.0,,,AA176625
ALAMANCE,A,ACTIVE,AGNEWDARRYLKEITH,DARRYLKEITHAGNEW,342ROLLINGWOODDR,WHITE,,NOTHISPANICorNOTLATINO,REP,REPUBLICAN,51.0,3041986.0,Age4165,AA59481
ALAMANCE,A,ACTIVE,AGNEWDONNAPASCHAL,DONNAPASCHALAGNEW,625ATWATERRD,WHITE,,NOTHISPANICorNOTLATINO,UNA,UNAFFILIATED,53.0,9191992.0,Age4165,AA83007
ALAMANCE,R,REMOVED,AGNEWDORISWALDROUP,DORISWALDROUPAGNEW,412HAWTHORNELN,WHITE,,NOTHISPANICorNOTLATINO,DEM,DEMOCRATIC,69.0,5022001.0,AgeOver66,AA123384
ALAMANCE,A,ACTIVE,AGNEWHEATHERPAGE,HEATHERPAGEAGNEW,,UNDESIGNATED,,NOTHISPANICorNOTLATINO,UNA,UNAFFILIATED,40.0,,Age2640,AA121214
ALAMANCE,A,ACTIVE,AGNEWJEFFWILLARD,JEFFWILLARDAGNEW,625ATWATERRD,WHITE,,NOTHISPANICorNOTLATINO,UNA,UNAFFILIATED,63.0,1061998.0,Age4165,AA108905
ALAMANCE,A,ACTIVE,AGNEWJEFFWILLARDJR,JEFFWILLARDAGNEWJR,,UNDESIGNATED,UN,UNDESIGNATED,REP,REPUBLICAN,42.0,,Age4165,AA176915
ALAMANCE,A,ACTIVE,AGNEWJOANNMARIE,JOANNMARIEAGNEW,2051HATCHERYRD5,WHITE,,NOTHISPANICorNOTLATINO,REP,REPUBLICAN,43.0,2231996.0,Age4165,AA97907
ALAMANCE,A,ACTIVE,AGNEWKATLYNTAYLOR,KATLYNTAYLORAGNEW,2051HATCHERYRD5,WHITE,,NOTHISPANICorNOTLATINO,REP,REPUBLICAN,18.0,2242012.0,,AA170437
ALAMANCE,A,ACTIVE,AGNEWLAURENBRYNLEY,LAURENBRYNLEYAGNEW,418ROMARD,WHITE,,NOTHISPANICorNOTLATINO,REP,REPUBLICAN,31.0,11191999.0,Age2640,AA116157
ALAMANCE,A,ACTIVE,AGNEWLEIGHCURTIS,LEIGHCURTISAGNEW,3272ALEXFAYEDR,WHITE,,NOTHISPANICorNOTLATINO,REP,REPUBLICAN,43.0,2231998.0,Age4165,AA109335
ALAMANCE,A,ACTIVE,AGNEWLINDAHUFFINES,LINDAHUFFINESAGNEW,611IVEYRD,WHITE,,NOTHISPANICorNOTLATINO,REP,REPUBLICAN,66.0,2141990.0,AgeOver66,AA70530
ALAMANCE,D,DENIED,AGNEWMATTHEWPATRICK,,615TRACYDR,WHITE,,NOTHISPANICorNOTLATINO,REP,REPUBLICAN,35.0,1171997.0,Age2640,AA104302
ALAMANCE,A,ACTIVE,AGNEWNORMANSHERRELL,NORMANSHERRELLAGNEW,3519HAWKEYELN,WHITE,,NOTHISPANICorNOTLATINO,DEM,DEMOCRATIC,72.0,6211978.0,AgeOver66,AA2193
ALAMANCE,A,ACTIVE,AGNEWRITACLARK,RITACLARKAGNEW,738ASPENWOODDR,WHITE,,NOTHISPANICorNOTLATINO,REP,REPUBLICAN,60.0,8091987.0,Age4165,AA62028
ALAMANCE,A,ACTIVE,AGNEWRODERICKJAMES,RODERICKJAMESAGNEW,2448MORANSTD,BLACKorAFRICANAMERICAN,,NOTHISPANICorNOTLATINO,DEM,DEMOCRATIC,23.0,3112009.0,,AA163556
ALAMANCE,A,ACTIVE,AGNEWRODNEYTODD,RODNEYTODDAGNEW,3272ALEXFAYEDR,WHITE,,NOTHISPANICorNOTLATINO,REP,REPUBLICAN,41.0,2141990.0,Age4165,AA70531
ALAMANCE,A,ACTIVE,AGNEWRONALDJOBE,RONALDJOBEAGNEW,611IVEYRD,WHITE,,NOTHISPANICorNOTLATINO,REP,REPUBLICAN,70.0,2141990.0,AgeOver66,AA70532
ALAMANCE,A,ACTIVE,AGNEWROSALETTAPEARCE,ROSALETTAPEARCEAGNEW,3519HAWKEYELN,WHITE,,NOTHISPANICorNOTLATINO,DEM,DEMOCRATIC,68.0,7012005.0,AgeOver66,AA143893
ALAMANCE,A,ACTIVE,AGNEWTIFFANYMARIE,TIFFANYMARIEAGNEW,660MANNINGAVE33,WHITE,,NOTHISPANICorNOTLATINO,UNA,UNAFFILIATED,23.0,9212009.0,,BY524364
ALAMANCE,A,ACTIVE,AGNEWTRACYSHARPE,TRACYSHARPEAGNEW,3210PATRIOTPL,WHITE,,NOTHISPANICorNOTLATINO,REP,REPUBLICAN,51.0,3281980.0,Age4165,
ALAMANCE,I,INACTIVE,AGOSTINELLIJANETEDYTHE,JANETEDYTHEAGOSTINELLI,708SAMSNEADDR,WHITE,,NOTHISPANICorNOTLATINO,REP,REPUBLICAN,67.0,11072001.0,AgeOver66,AA124872
ALAMANCE,I,INACTIVE,AGOSTINELLIRALPH,RALPHAGOSTINELLI,708SAMSNEADDR,WHITE,,NOTHISPANICorNOTLATINO,REP,REPUBLICAN,70.0,11062001.0,AgeOver66,AA124873
ALAMANCE,A,ACTIVE,AGOSTOJENNAMARIA,JENNAMARIAAGOSTO,1933WFRONTST,UNDESIGNATED,HL,HISPANICorLATINO,REP,REPUBLICAN,26.0,7092009.0,Age2640,BY491872
ALAMANCE,A,ACTIVE,AGOSTOJORDANLAWRENCE,JORDANLAWRENCEAGOSTO,203TARPLEYST,UNDESIGNATED,HL,HISPANICorLATINO,REP,REPUBLICAN,22.0,11042008.0,,AA162474
ALAMANCE,A,ACTIVE,AGOSTORUDYCEASAR,RUDYCEASARAGOSTO,203TARPLEYST,WHITE,,NOTHISPANICorNOTLATINO,REP,REPUBLICAN,57.0,8072001.0,Age4165,AA123964
ALAMANCE,A,ACTIVE,AGOSTOWILFREDO,WILFREDOAGOSTO,203TARPLEYST,OTHER,UN,UNDESIGNATED,REP,REPUBLICAN,60.0,7261994.0,Age4165,AA90680
ALAMANCE,R,REMOVED,AGRESTAANGELOCHARLES,ANGELOCHARLESAGRESTA,3134FORESTDALEDR,WHITE,,NOTHISPANICorNOTLATINO,DEM,DEMOCRATIC,84.0,10061980.0,AgeOver66,AA2196
ALAMANCE,R,REMOVED,AGRESTABETTYBRAWLEY,BETTYBRAWLEYAGRESTA,3134FORESTDALEDR,WHITE,,NOTHISPANICorNOTLATINO,DEM,DEMOCRATIC,81.0,10061980.0,AgeOver66,AA2197
ALAMANCE,D,DENIED,AGUAYODOLORESAMANDA,DOLORESAMANDAAGUAYO,918EMAINST27,WHITE,,NOTHISPANICorNOTLATINO,UNA,UNAFFILIATED,26.0,11242003.0,Age2640,AA132181
ALAMANCE,I,INACTIVE,AGUAYOFABIOLA,FABIOLAAGUAYO,,OTHER,HL,HISPANICorLATINO,REP,REPUBLICAN,36.0,9122000.0,Age2640,AA119669
ALAMANCE,A,ACTIVE,AGUAYOSANTIAGOMARMOLEJO,SANTIAGOMARMOLEJOAGUAYO,918EMAINST27,OTHER,,NOTHISPANICorNOTLATINO,UNA,UNAFFILIATED,,6302006.0,Age4165,AA146864
ALAMANCE,A,ACTIVE,AGUAYOLOPEZDONNIEDANIELL,DONNIEDANIELLAGUAYOLOPEZ,725SBROADSTF,OTHER,HL,HISPANICorLATINO,DEM,DEMOCRATIC,26.0,7232004.0,Age2640,AA136021
ALAMANCE,A,ACTIVE,AGUDOREBECAAMADA,REBECAAMADAAGUDO,304ATWATERST,TWOorMORERACES,HL,HISPANICorLATINO,DEM,DEMOCRATIC,56.0,6282011.0,Age4165,AA168800
ALAMANCE,A,ACTIVE,AGUEDAEVELYN,EVELYNAGUEDA,1925GLENKIRKDR,WHITE,,NOTHISPANICorNOTLATINO,DEM,DEMOCRATIC,,4012008.0,Age4165,AA153214
ALAMANCE,A,ACTIVE,AGUEDAJUANALBERTO,JUANALBERTOAGUEDA,1925GLENKIRKDR,OTHER,HL,HISPANICorLATINO,UNA,UNAFFILIATED,,4012008.0,Age4165,AA153215
ALAMANCE,A,ACTIVE,AGUEDARAFAEL,RAFAELAGUEDA,4027ADAIRLN,OTHER,HL,HISPANICorLATINO,DEM,DEMOCRATIC,35.0,5062008.0,Age2640,AA154897
ALAMANCE,D,DENIED,AGUIARROGELIOLOPEZ,ROGELIOLOPEZAGUIAR,310NIRELANDST,OTHER,,NOTHISPANICorNOTLATINO,REP,REPUBLICAN,36.0,6111999.0,Age2640,AA114513
ALAMANCE,A,ACTIVE,AGUIGUILEILONIMARIE,LEILONIMARIEAGUIGUI,1311LONGDAIRYCT,TWOorMORERACES,UN,UNDESIGNATED,DEM,DEMOCRATIC,30.0,9072011.0,Age2640,BY387179
ALAMANCE,A,ACTIVE,AGUILARANTONIORAFAEL,ANTONIORAFAELAGUILAR,498STONEWALLDR,OTHER,UN,UNDESIGNATED,DEM,DEMOCRATIC,37.0,,Age2640,AA121979
ALAMANCE,A,ACTIVE,AGUILARAPRILLECHRISTINE,APRILLECHRISTINEAGUILAR,6010CHURCHRD,WHITE,UN,UNDESIGNATED,UNA,UNAFFILIATED,32.0,11152007.0,Age2640,DE206758
ALAMANCE,A,ACTIVE,AGUILARBRIANAALEXIS,BRIANAALEXISAGUILAR,701EDOGWOODDR,TWOorMORERACES,HL,HISPANICorLATINO,DEM,DEMOCRATIC,24.0,,,BL335220
ALAMANCE,A,ACTIVE,AGUILARDAWNPHOSIA,DAWNPHOSIAAGUILAR,1528SMEBANEST1202,BLACKorAFRICANAMERICAN,,NOTHISPANICorNOTLATINO,DEM,DEMOCRATIC,41.0,2172011.0,Age4165,AA168075
ALAMANCE,R,REMOVED,AGUILARDAWNPHOSIA,DAWNPHOSIAAGUILAR,202JOYDRA,TWOorMORERACES,HL,HISPANICorLATINO,DEM,DEMOCRATIC,41.0,11141995.0,Age4165,AA96139
ALAMANCE,A,ACTIVE,AGUILARGEORGEANTONIO,GEORGEANTONIOAGUILAR,213WILKINSRD,OTHER,,NOTHISPANICorNOTLATINO,DEM,DEMOCRATIC,61.0,8131993.0,Age4165,AA87789
ALAMANCE,A,ACTIVE,AGUILARHERRSONEZAU,HERRSONEZAUAGUILAR,2605SUMACLN,OTHER,,NOTHISPANICorNOTLATINO,DEM,DEMOCRATIC,18.0,3222012.0,,AA171055
ALAMANCE,A,ACTIVE,AGUILARJUANFRANCISCO,JUANFRANCISCOAGUILAR,,TWOorMORERACES,HL,HISPANICorLATINO,UNA,UNAFFILIATED,24.0,10242008.0,,AA162461
ALAMANCE,A,ACTIVE,AGUILARKARINA,KARINAAGUILAR,2708QUAKERCREEKDR,INDIANAMERICANorALASKANATIVE,HL,HISPANICorLATINO,UNA,UNAFFILIATED,24.0,10292010.0,,DN113422
ALAMANCE,A,ACTIVE,AGUILARKIMBERLYPRINE,KIMBERLYPRINEAGUILAR,498STONEWALLDR,WHITE,,NOTHISPANICorNOTLATINO,REP,REPUBLICAN,37.0,11221993.0,Age2640,AA88724
ALAMANCE,A,ACTIVE,AGUILARMARIAHORTENCIA,,3354ALTAMAHAWCHURCHST,OTHER,HL,HISPANICorLATINO,UNA,UNAFFILIATED,32.0,3192010.0,Age2640,AA165593
ALAMANCE,A,ACTIVE,AGUILARMIREYA,MIREYAAGUILAR,751KERNODLELN105,UNDESIGNATED,HL,HISPANICorLATINO,REP,REPUBLICAN,24.0,5252011.0,,AA168612
ALAMANCE,A,ACTIVE,AGUILARRICARDOJORGE,RICARDOJORGEAGUILAR,710BOONESTATIONDRM,BLACKorAFRICANAMERICAN,,NOTHISPANICorNOTLATINO,UNA,UNAFFILIATED,33.0,3022011.0,Age2640,AA168164
ALAMANCE,A,ACTIVE,AGUILARSHARONROSE,SHARONROSEAGUILAR,213WILKINSRD,BLACKorAFRICANAMERICAN,UN,UNDESIGNATED,DEM,DEMOCRATIC,64.0,,Age4165,AA128273
ALAMANCE,A,ACTIVE,AGUILARYESSENIAIVETTE,YESSENIAIVETTEAGUILAR,157TARLETONAVE,OTHER,HL,HISPANICorLATINO,UNA,UNAFFILIATED,21.0,6232010.0,,AA165803
ALAMANCE,A,ACTIVE,AGUILARSOTOMARIACARMEN,,2041NNCHWY49,OTHER,HL,HISPANICorLATINO,UNA,UNAFFILIATED,28.0,,Age2640,AA167091
ALAMANCE,A,ACTIVE,AGUILERAGLORIADINA,GLORIADINAAGUILERA,,TWOorMORERACES,HL,HISPANICorLATINO,DEM,DEMOCRATIC,,5032007.0,Age4165,AA149513
ALAMANCE,A,ACTIVE,AGUILERARUDYARMANDO,RUDYARMANDOAGUILERA,,WHITE,HL,HISPANICorLATINO,DEM,DEMOCRATIC,,8272007.0,Age4165,AA150483
ALAMANCE,A,ACTIVE,AGUILERARUDYARMANDOJR,RUDYARMANDOAGUILERAJR,,UNDESIGNATED,HL,HISPANICorLATINO,DEM,DEMOCRATIC,21.0,4282009.0,,AA163760
ALAMANCE,A,ACTIVE,AGUIRREDOTTYMARIA,DOTTYMARIAAGUIRRE,404BURLINGTONAVE,WHITE,,NOTHISPANICorNOTLATINO,DEM,DEMOCRATIC,65.0,1131997.0,Age4165,AA104313
ALAMANCE,A,ACTIVE,AGUIRRELUISESR,,1809BEECHCT,WHITE,,NOTHISPANICorNOTLATINO,DEM,DEMOCRATIC,,9212000.0,Age4165,AA120877
ALAMANCE,A,ACTIVE,AGUIRREMELBAMARIA,,1809BEECHCT,OTHER,NL,NOTHISPANICorNOTLATINO,DEM,DEMOCRATIC,,8251999.0,Age4165,AA115376
ALAMANCE,I,INACTIVE,AGUNDISRAULMEDELLIN,RAULMEDELLINAGUNDIS,3088CLAUDESIMPSONRD,OTHER,HL,HISPANICorLATINO,DEM,DEMOCRATIC,55.0,3172003.0,Age4165,AA129811
ALAMANCE,A,ACTIVE,AHERNFLORENCEANN,FLORENCEANNAHERN,,WHITE,NL,NOTHISPANICorNOTLATINO,UNA,UNAFFILIATED,73.0,7102007.0,AgeOver66,AA150099
ALAMANCE,A,ACTIVE,AHERNJEREMIAHEDWARDIII,JEREMIAHEDWARDAHERNIII,,WHITE,NL,NOTHISPANICorNOTLATINO,UNA,UNAFFILIATED,62.0,7102007.0,Age4165,AA150100
ALAMANCE,D,DENIED,AHERNKATHLEENMARY,KATHLEENMARYAHERN,1720STMARK'SCHURCHRD,WHITE,NL,NOTHISPANICorNOTLATINO,UNA,UNAFFILIATED,32.0,5132000.0,Age2640,AA117943
ALAMANCE,A,ACTIVE,AHERONJIMMYWARREN,JIMMYWARRENAHERON,441CEDARWOODDR,WHITE,NL,NOTHISPANICorNOTLATINO,DEM,DEMOCRATIC,81.0,10061973.0,AgeOver66,AA2198
ALAMANCE,A,ACTIVE,AHERONJOHNMARK,JOHNMARKAHERON,2815BURCHBRIDGERD,WHITE,NL,NOTHISPANICorNOTLATINO,REP,REPUBLICAN,60.0,8202009.0,Age4165,AA164584
ALAMANCE,A,ACTIVE,AHERONNANCYMCNEESE,NANCYMCNEESEAHERON,2815BURCHBRIDGERD,WHITE,NL,NOTHISPANICorNOTLATINO,REP,REPUBLICAN,58.0,8202009.0,Age4165,AA164582
ALAMANCE,A,ACTIVE,AHERONSONDRAVESTAL,SONDRAVESTALAHERON,441CEDARWOODDR,WHITE,NL,NOTHISPANICorNOTLATINO,DEM,DEMOCRATIC,73.0,9101973.0,AgeOver66,AA2199
ALAMANCE,I,INACTIVE,AHLEDWINNALILLIE,EDWINNALILLIEAHL,1311CEDARCRESTDR,WHITE,NL,NOTHISPANICorNOTLATINO,DEM,DEMOCRATIC,53.0,8292002.0,Age4165,AA127670
ALAMANCE,A,ACTIVE,AHLMORRISDANIEL,MORRISDANIELAHL,410EMCPHERSONDR,WHITE,NL,NOTHISPANICorNOTLATINO,REP,REPUBLICAN,26.0,8022004.0,Age2640,AA136022
ALAMANCE,A,ACTIVE,AHLERINGGRACELENDEN,GRACELENDENAHLERING,,UNDESIGNATED,UN,UNDESIGNATED,REP,REPUBLICAN,19.0,,Age1825,AA176933
ALAMANCE,R,REMOVED,AHLGRENDOROTHYGENTRY,DOROTHYGENTRYAHLGREN,2467OSSIPEEFRONTST,WHITE,NL,NOTHISPANICorNOTLATINO,REP,REPUBLICAN,,9111992.0,Age4165,AA82874
ALAMANCE,A,ACTIVE,AHLGRENJOSHUALEWIS,JOSHUALEWISAHLGREN,2467OSSIPEEFRONTST,WHITE,NL,NOTHISPANICorNOTLATINO,REP,REPUBLICAN,26.0,4052004.0,Age2640,AA133692
ALAMANCE,A,ACTIVE,AHLGRENMICHAELJOSEPH,,2467OSSIPEEFRONTST,WHITE,NL,NOTHISPANICorNOTLATINO,REP,REPUBLICAN,,10231992.0,Age4165,AA85722
ALAMANCE,A,ACTIVE,AHLGRENTERRIJEANNE,TERRIJEANNEAHLGREN,710BOONESTATIONDRK,WHITE,NL,NOTHISPANICorNOTLATINO,LIB,LIBERTARIAN,52.0,3222011.0,Age4165,BY303476
ALAMANCE,A,ACTIVE,AHLGRIMPAULWESLEY,PAULWESLEYAHLGRIM,602EHAGGARDAVE18,WHITE,NL,NOTHISPANICorNOTLATINO,REP,REPUBLICAN,25.0,11042008.0,Age1825,AA162812
ALAMANCE,R,REMOVED,AHLRICHERINELIZABETH,ERINELIZABETHAHLRICH,734IVEYRDF,WHITE,NL,NOTHISPANICorNOTLATINO,REP,REPUBLICAN,32.0,10072002.0,Age2640,AA128308
ALAMANCE,A,ACTIVE,AHMADEVELYNL,EVELYNLAHMAD,406WASHINGTONST,BLACKorAFRICANAMERICAN,UN,UNDESIGNATED,DEM,DEMOCRATIC,65.0,11072006.0,Age4165,CZ49179
ALAMANCE,A,ACTIVE,AHMADSYEDSHAKIL,SYEDSHAKILAHMAD,805MEADOWOODDR,ASIAN,,NOTHISPANICorNOTLATINO,DEM,DEMOCRATIC,,8171999.0,Age4165,AA114864
ALAMANCE,A,ACTIVE,AHMEDASHRAF,ASHRAFAHMED,,ASIAN,UN,UNDESIGNATED,UNA,UNAFFILIATED,32.0,9192008.0,Age2640,AA158846
ALAMANCE,A,ACTIVE,AHMEDAZAD,AZADAHMED,,ASIAN,UN,UNDESIGNATED,DEM,DEMOCRATIC,29.0,9192008.0,Age2640,AA161166
ALAMANCE,A,ACTIVE,AHMEDAZIM,AZIMAHMED,,ASIAN,,NOTHISPANICorNOTLATINO,UNA,UNAFFILIATED,24.0,10032008.0,,AA158847
ALAMANCE,A,ACTIVE,AHNREDDINGHEATHERMICHELLE,HEATHERMICHELLEAHNREDDING,2111GLENKIRKDR,ASIAN,,NOTHISPANICorNOTLATINO,DEM,DEMOCRATIC,34.0,1042007.0,Age2640,DE210366
ALAMANCE,R,REMOVED,AIELLOMASSIMO,,222SHADOWBROOKDR,WHITE,,NOTHISPANICorNOTLATINO,UNA,UNAFFILIATED,67.0,10062009.0,AgeOver66,BY395604
ALAMANCE,A,ACTIVE,AIKALASHERMANROY,SHERMANROYAIKALA,1504THAMESCT,WHITE,,NOTHISPANICorNOTLATINO,UNA,UNAFFILIATED,53.0,7022009.0,Age4165,AA164322
ALAMANCE,A,ACTIVE,AIKENAMBERDAWN,AMBERDAWNAIKEN,817HARRISST,WHITE,,NOTHISPANICorNOTLATINO,UNA,UNAFFILIATED,38.0,6241993.0,Age2640,AA87319
ALAMANCE,A,ACTIVE,AIKENANNIEISLEY,ANNIEISLEYAIKEN,5364MTHERMONROCKCREEKRD,WHITE,,NOTHISPANICorNOTLATINO,DEM,DEMOCRATIC,82.0,4101995.0,AgeOver66,AA93537
ALAMANCE,A,ACTIVE,AIKENDAVIDWYATTIII,DAVIDWYATTAIKENIII,1542FARNINGHAMLN,WHITE,,NOTHISPANICorNOTLATINO,REP,REPUBLICAN,42.0,2021988.0,Age4165,AA63553
ALAMANCE,A,ACTIVE,AIKENJAMESEDGAR,JAMESEDGARAIKEN,215JOHNSONST,WHITE,,NOTHISPANICorNOTLATINO,DEM,DEMOCRATIC,83.0,10051978.0,AgeOver66,AA2206
ALAMANCE,A,ACTIVE,AIKENJAMESWALTER,JAMESWALTERAIKEN,,WHITE,UN,UNDESIGNATED,REP,REPUBLICAN,62.0,12201996.0,Age4165,AA104323
ALAMANCE,A,ACTIVE,AIKENJAMESEDGARJR,JAMESEDGARAIKENJR,3733FLEMINGGRAHAMRD,WHITE,,NOTHISPANICorNOTLATINO,UNA,UNAFFILIATED,43.0,9141994.0,Age4165,AA91182
ALAMANCE,A,ACTIVE,AIKENJOSHUA,JOSHUAAIKEN,201SO'KELLYAVE,WHITE,,NOTHISPANICorNOTLATINO,DEM,DEMOCRATIC,26.0,9172004.0,Age2640,AA137821
ALAMANCE,A,ACTIVE,AIKENLINDALANKFORD,LINDALANKFORDAIKEN,215JOHNSONST,WHITE,,NOTHISPANICorNOTLATINO,DEM,DEMOCRATIC,66.0,11081990.0,AgeOver66,AA76303
ALAMANCE,A,ACTIVE,AIKENMISTYMICHELLE,MISTYMICHELLEAIKEN,1542FARNINGHAMLN,WHITE,,NOTHISPANICorNOTLATINO,REP,REPUBLICAN,30.0,,Age2640,AA124791
ALAMANCE,A,ACTIVE,AIKENNATHANSEKOU,NATHANSEKOUAIKEN,301WILLOWBROOKCT,BLACKorAFRICANAMERICAN,UN,UNDESIGNATED,REP,REPUBLICAN,40.0,,Age2640,AA159753
ALAMANCE,A,ACTIVE,AIKENOLIVIACRAWFORD,OLIVIACRAWFORDAIKEN,817HARRISST,WHITE,,NOTHISPANICorNOTLATINO,DEM,DEMOCRATIC,71.0,8271997.0,AgeOver66,AA107339
ALAMANCE,I,INACTIVE,AIKENSHARETHEALATEYA,SHARETHEALATEYAAIKEN,706HUFFMANMILLRDG6,BLACKorAFRICANAMERICAN,,NOTHISPANICorNOTLATINO,DEM,DEMOCRATIC,33.0,6232010.0,Age2640,BY558222
ALAMANCE,A,ACTIVE,AIKENTRUDYFAUCETTE,TRUDYFAUCETTEAIKEN,,WHITE,,NOTHISPANICorNOTLATINO,REP,REPUBLICAN,60.0,10241996.0,Age4165,AA104317
ALAMANCE,I,INACTIVE,AIKHORINOLUWASEUNDESMOND,OLUWASEUNDESMONDAIKHORIN,701DEERFIELDTRCE,BLACKorAFRICANAMERICAN,,NOTHISPANICorNOTLATINO,DEM,DEMOCRATIC,33.0,5262011.0,Age2640,AA168615
ALAMANCE,A,ACTIVE,AILEOALESIANICOLE,ALESIANICOLEAILEO,6920ELICT,WHITE,,NOTHISPANICorNOTLATINO,UNA,UNAFFILIATED,35.0,9112002.0,Age2640,AA127601
ALAMANCE,R,REMOVED,AILEONATHANNOEL,NATHANNOELAILEO,6920ELICT,WHITE,,NOTHISPANICorNOTLATINO,UNA,UNAFFILIATED,36.0,9112002.0,Age2640,AA127602
ALAMANCE,R,REMOVED,AINSWORTHMEGHANNSHAW,,720BANKSST,WHITE,UN,UNDESIGNATED,REP,REPUBLICAN,35.0,,Age2640,AA121216
ALAMANCE,I,INACTIVE,AITCHESONARCHIEBRIAN,ARCHIEBRIANAITCHESON,70KINGSTONCT,WHITE,,NOTHISPANICorNOTLATINO,DEM,DEMOCRATIC,64.0,7141993.0,Age4165,AA87569
ALAMANCE,I,INACTIVE,AITCHESONELISABETHWOOLSEY,ELISABETHWOOLSEYAITCHESON,70KINGSTONCT,WHITE,NL,NOTHISPANICorNOTLATINO,DEM,DEMOCRATIC,66.0,11181993.0,AgeOver66,AA88557
ALAMANCE,A,ACTIVE,AITCHESONWORRELLANTHONY,WORRELLANTHONYAITCHESON,203COLONNADEDR,BLACKorAFRICANAMERICAN,NL,NOTHISPANICorNOTLATINO,DEM,DEMOCRATIC,39.0,8032011.0,Age2640,AA169008
ALAMANCE,A,ACTIVE,AJDINISKENDER,SKENDERAJDINI,1643ELMST,WHITE,UN,UNDESIGNATED,DEM,DEMOCRATIC,42.0,7132009.0,Age4165,AA164353
ALAMANCE,A,ACTIVE,AKBARMOTLEYKHADIJAHANEESA,KHADIJAHANEESAAKBARMOTLEY,1316WWEBBAVE,WHITE,NL,NOTHISPANICorNOTLATINO,DEM,DEMOCRATIC,18.0,8082012.0,,AA173731
ALAMANCE,A,ACTIVE,AKEMONANGELALEA,ANGELALEAAKEMON,365BOGGSRANCHRD,WHITE,NL,NOTHISPANICorNOTLATINO,REP,REPUBLICAN,40.0,9052012.0,Age2640,AA174622
ALAMANCE,A,ACTIVE,AKERSAMBERMICHELLE,AMBERMICHELLEAKERS,3135MIDWAYCHURCHRD,WHITE,NL,NOTHISPANICorNOTLATINO,UNA,UNAFFILIATED,19.0,12092010.0,Age1825,AA167722
ALAMANCE,A,ACTIVE,AKERSBRENDAJONES,BRENDAJONESAKERS,440SPRINGVALLEYDR,WHITE,NL,NOTHISPANICorNOTLATINO,REP,REPUBLICAN,65.0,12112009.0,Age4165,AA165117
ALAMANCE,A,ACTIVE,AKERSCHARLESRANDOLPH,CHARLESRANDOLPHAKERS,440SPRINGVALLEYDR,WHITE,NL,NOTHISPANICorNOTLATINO,UNA,UNAFFILIATED,71.0,12112009.0,AgeOver66,AA165116
ALAMANCE,A,ACTIVE,AKERSCURTISJOE,CURTISJOEAKERS,2941LAKEDR,WHITE,UN,UNDESIGNATED,DEM,DEMOCRATIC,53.0,,Age4165,AA159524
ALAMANCE,A,ACTIVE,AKERSELIZABETHANN,ELIZABETHANNAKERS,2941LAKEDR,WHITE,UN,UNDESIGNATED,DEM,DEMOCRATIC,53.0,,Age4165,AA159525
ALAMANCE,A,ACTIVE,AKERSERICVINCENT,ERICVINCENTAKERS,136WCRESCENTSQUAREDRD,WHITE,NL,NOTHISPANICorNOTLATINO,UNA,UNAFFILIATED,29.0,10082004.0,Age2640,AA141277
ALAMANCE,A,ACTIVE,AKERSJASONANDREW,JASONANDREWAKERS,1411GREENWOODTER,WHITE,NL,NOTHISPANICorNOTLATINO,REP,REPUBLICAN,37.0,8272002.0,Age2640,AA127503
ALAMANCE,A,ACTIVE,AKERSJORDANLEA,JORDANLEAAKERS,2941LAKEDR,WHITE,NL,NOTHISPANICorNOTLATINO,DEM,DEMOCRATIC,25.0,10302012.0,Age1825,BL373472
ALAMANCE,A,ACTIVE,AKERSLISAGARNER,,3135MIDWAYCHURCHRD,WHITE,NL,NOTHISPANICorNOTLATINO,UNA,UNAFFILIATED,,7031997.0,Age4165,AA106674
ALAMANCE,A,ACTIVE,AKERSLISHAGORMAN,,1411GREENWOODTER,WHITE,NL,NOTHISPANICorNOTLATINO,REP,REPUBLICAN,,10071987.0,Age4165,AA62974
ALAMANCE,A,ACTIVE,AKERSTERESABETH,TERESABETHAKERS,1741FARNINGHAMLN,WHITE,NL,NOTHISPANICorNOTLATINO,DEM,DEMOCRATIC,,6112004.0,Age4165,AA134672
ALAMANCE,A,ACTIVE,AKERSVALERIENICOLE,VALERIENICOLEAKERS,1741FARNINGHAMLN,WHITE,NL,NOTHISPANICorNOTLATINO,DEM,DEMOCRATIC,27.0,6112004.0,Age2640,AA134673
ALAMANCE,A,ACTIVE,AKHLAGHIARASHULISES,ARASHULISESAKHLAGHI,516SWILLIAMSONAVE,TWOorMORERACES,UN,UNDESIGNATED,REP,REPUBLICAN,22.0,4102008.0,,AA154029
ALAMANCE,A,ACTIVE,AKHLAGHIARYAEMANUELALCOCER,ARYAEMANUELALCOCERAKHLAGHI,516SWILLIAMSONAVE,OTHER,UN,UNDESIGNATED,UNA,UNAFFILIATED,19.0,3072012.0,,AA170526
ALAMANCE,A,ACTIVE,AKHLAGHIMASOUD,,516SWILLIAMSONAVE,OTHER,NL,NOTHISPANICorNOTLATINO,REP,REPUBLICAN,58.0,7271995.0,Age4165,AA95042
ALAMANCE,A,ACTIVE,AKHLAGHITERRYALCOCER,TERRYALCOCERAKHLAGHI,516SWILLIAMSONAVE,OTHER,NL,NOTHISPANICorNOTLATINO,REP,REPUBLICAN,53.0,9111996.0,Age4165,AA102074
ALAMANCE,I,INACTIVE,AKINAMYJO,AMYJOAKIN,665ISLEYRD,WHITE,NL,NOTHISPANICorNOTLATINO,REP,REPUBLICAN,,7082005.0,Age4165,AA143976
ALAMANCE,I,INACTIVE,AKINJEFFREYJACKSON,JEFFREYJACKSONAKIN,665ISLEYRD,WHITE,UN,UNDESIGNATED,REP,REPUBLICAN,,9162006.0,Age4165,DE209077
ALAMANCE,A,ACTIVE,AKINSAILENESHATTERLY,AILENESHATTERLYAKINS,224WEBSTERRD,WHITE,NL,NOTHISPANICorNOTLATINO,DEM,DEMOCRATIC,61.0,2241972.0,Age4165,AA2214
ALAMANCE,A,ACTIVE,AKINSDAVIDEUGENE,DAVIDEUGENEAKINS,1728CONNERSCT,WHITE,NL,NOTHISPANICorNOTLATINO,UNA,UNAFFILIATED,61.0,10041976.0,Age4165,AA2215
ALAMANCE,A,ACTIVE,AKINSJEANELIZABETH,JEANELIZABETHAKINS,436LAKEVIEWAVE,WHITE,UN,UNDESIGNATED,REP,REPUBLICAN,34.0,10012012.0,Age2640,DE252308
ALAMANCE,A,ACTIVE,AKINSJEREMYKEITH,JEREMYKEITHAKINS,436LAKEVIEWAVE,WHITE,NL,NOTHISPANICorNOTLATINO,REP,REPUBLICAN,32.0,4041998.0,Age2640,AA109830
ALAMANCE,A,ACTIVE,AKINSKATHERINESTEELE,KATHERINESTEELEAKINS,2913CRESTWOODCT,WHITE,NL,NOTHISPANICorNOTLATINO,UNA,UNAFFILIATED,57.0,3201974.0,Age4165,AA2217
ALAMANCE,A,ACTIVE,AKINSLAURENL,LAURENLAKINS,1801HIGHVIEWST,WHITE,NL,NOTHISPANICorNOTLATINO,DEM,DEMOCRATIC,59.0,9051995.0,Age4165,AA95607
ALAMANCE,A,ACTIVE,AKINSLEONARDKEITH,LEONARDKEITHAKINS,224WEBSTERRD,WHITE,NL,NOTHISPANICorNOTLATINO,DEM,DEMOCRATIC,58.0,3241980.0,Age4165,AA2218
ALAMANCE,A,ACTIVE,AKINSLYNNWOOD,,1728CONNERSCT,WHITE,NL,NOTHISPANICorNOTLATINO,DEM,DEMOCRATIC,61.0,2111976.0,Age4165,AA35554
ALAMANCE,A,ACTIVE,AKINSMACKWILLIAM,,5041MRSWHITELN,BLACKorAFRICANAMERICAN,UN,UNDESIGNATED,UNA,UNAFFILIATED,26.0,4072004.0,Age2640,AA133670
ALAMANCE,A,ACTIVE,AKINSMARYG,,5041MRSWHITELN,BLACKorAFRICANAMERICAN,UN,UNDESIGNATED,DEM,DEMOCRATIC,57.0,8241995.0,Age4165,AA95294
ALAMANCE,A,ACTIVE,AKINSSHIRLEYHICKS,SHIRLEYHICKSAKINS,,WHITE,UN,UNDESIGNATED,UNA,UNAFFILIATED,57.0,,Age4165,AA159543
ALAMANCE,A,ACTIVE,ALCHACARASHERRAMEZNICOLAS,ASHERRAMEZNICOLASALCHACAR,204NNINTHST,WHITE,NL,NOTHISPANICorNOTLATINO,REP,REPUBLICAN,19.0,1182011.0,,AA167877
ALAMANCE,A,ACTIVE,ALCHACARJOSEFHOYLENICOLAS,JOSEFHOYLENICOLASALCHACAR,204NNINTHST,WHITE,NL,NOTHISPANICorNOTLATINO,REP,REPUBLICAN,24.0,7132006.0,,AA146950
ALAMANCE,A,ACTIVE,ALCHACARMIKHAELSELVEYNICOLAS,,204NNINTHST,WHITE,NL,NOTHISPANICorNOTLATINO,REP,REPUBLICAN,22.0,2212008.0,,AA152406
ALAMANCE,A,ACTIVE,ALCHACARRAMINICOLAS,RAMINICOLASALCHACAR,1816RENDALLST,WHITE,NL,NOTHISPANICorNOTLATINO,REP,REPUBLICAN,26.0,9282004.0,Age2640,AA138476
ALAMANCE,A,ACTIVE,ALAMODIANAJ,DIANAJALAMO,323BALDWINRD,WHITE,UN,UNDESIGNATED,UNA,UNAFFILIATED,69.0,3142008.0,AgeOver66,AA152822
ALAMANCE,A,ACTIVE,ALAMONADIAMARIE,NADIAMARIEALAMO,914WFRONTST,UNDESIGNATED,UN,UNDESIGNATED,DEM,DEMOCRATIC,35.0,4042007.0,Age2640,AA149317
ALAMANCE,A,ACTIVE,ALASWENDYRAQUEL,WENDYRAQUELALAS,705SSELLARSMILLRD,OTHER,HL,HISPANICorLATINO,UNA,UNAFFILIATED,18.0,6262012.0,,AA172215
ALAMANCE,A,ACTIVE,ALATORREPEDROBELTRAN,PEDROBELTRANALATORRE,423EPARKERST,WHITE,HL,HISPANICorLATINO,DEM,DEMOCRATIC,43.0,5062008.0,Age4165,AA155809
ALAMANCE,A,ACTIVE,ALAYSANDRA,SANDRAALAY,1414KNOLLWOODDR,UNDESIGNATED,UN,UNDESIGNATED,UNA,UNAFFILIATED,37.0,2232010.0,Age2640,AA165444
ALAMANCE,I,INACTIVE,ALAYNAVASWAGNEROBDULIO,WAGNEROBDULIOALAYNAVAS,1418CLOVERDALEST,UNDESIGNATED,HL,HISPANICorLATINO,UNA,UNAFFILIATED,43.0,,Age4165,AA150646
ALAMANCE,A,ACTIVE,ALBALADEJOGRACIANOVELEZ,GRACIANOVELEZALBALADEJO,2912ETHANPOINTEDR10106,OTHER,HL,HISPANICorLATINO,UNA,UNAFFILIATED,61.0,7202012.0,Age4165,AA172363
ALAMANCE,A,ACTIVE,ALBAREZNOAHADAMJR,NOAHADAMALBAREZJR,,WHITE,UN,UNDESIGNATED,REP,REPUBLICAN,66.0,8292002.0,AgeOver66,AA127671
ALAMANCE,I,INACTIVE,ALBAUGHJEROMEYCHRISTOPHER,JEROMEYCHRISTOPHERALBAUGH,1752DIXONSWIMMINGPOOLRD17,WHITE,NL,NOTHISPANICorNOTLATINO,UNA,UNAFFILIATED,34.0,3281996.0,Age2640,AA98489
ALAMANCE,A,ACTIVE,ALBAUGHJUSTINCAMERON,JUSTINCAMERONALBAUGH,5330CUCUMBERBRANCHRD,WHITE,UN,UNDESIGNATED,REP,REPUBLICAN,25.0,10032012.0,,AA175986
ALAMANCE,A,ACTIVE,ALBEAADRIANWATERS,ADRIANWATERSALBEA,2015WOODLANDAVE,WHITE,NL,NOTHISPANICorNOTLATINO,DEM,DEMOCRATIC,72.0,10261968.0,AgeOver66,AA2222
ALAMANCE,A,ACTIVE,ALBERSWILLIAMRICHARD,WILLIAMRICHARDALBERS,1931MORROWSCHOOLRD,WHITE,NL,NOTHISPANICorNOTLATINO,DEM,DEMOCRATIC,59.0,7142008.0,Age4165,DE231115
ALAMANCE,A,ACTIVE,ALBERTEDMUNDBROCK,EDMUNDBROCKALBERT,4431WHITELEVELRD,BLACKorAFRICANAMERICAN,NL,NOTHISPANICorNOTLATINO,DEM,DEMOCRATIC,,10081990.0,Age4165,AA74494
ALAMANCE,I,INACTIVE,ALBERTKATHYTURNER,KATHYTURNERALBERT,1515SMEBANEST38,WHITE,NL,NOTHISPANICorNOTLATINO,REP,REPUBLICAN,55.0,4292009.0,Age4165,AA163764
ALAMANCE,A,ACTIVE,ALBERTLEONOREPHILLIPS,LEONOREPHILLIPSALBERT,4431WHITELEVELRD,WHITE,NL,NOTHISPANICorNOTLATINO,DEM,DEMOCRATIC,73.0,4051980.0,AgeOver66,AA2224
ALAMANCE,A,ACTIVE,ALBERTROY,ROYALBERT,4431WHITELEVELRD,BLACKorAFRICANAMERICAN,NL,NOTHISPANICorNOTLATINO,DEM,DEMOCRATIC,75.0,4051980.0,AgeOver66,AA2225
ALAMANCE,A,ACTIVE,ALBERTIAMANDAROSE,AMANDAROSEALBERTI,3313MARLBOROUGHRD,WHITE,NL,NOTHISPANICorNOTLATINO,REP,REPUBLICAN,22.0,10012008.0,,AA158443
ALAMANCE,A,ACTIVE,ALBERTIANDREWVINCENT,ANDREWVINCENTALBERTI,,WHITE,NL,NOTHISPANICorNOTLATINO,REP,REPUBLICAN,58.0,1222004.0,Age4165,AA132777
ALAMANCE,A,ACTIVE,ALBERTICHERYLANN,CHERYLANNALBERTI,3313MARLBOROUGHRD,WHITE,NL,NOTHISPANICorNOTLATINO,REP,REPUBLICAN,,3041993.0,Age4165,AA86764
ALAMANCE,A,ACTIVE,ALBERTICHRISTOPHERJOSEPH,CHRISTOPHERJOSEPHALBERTI,3313MARLBOROUGHRD,WHITE,NL,NOTHISPANICorNOTLATINO,UNA,UNAFFILIATED,19.0,5142012.0,,AA172733
ALAMANCE,A,ACTIVE,ALBERTIJOSEPHSALVATORE,JOSEPHSALVATOREALBERTI,3313MARLBOROUGHRD,WHITE,NL,NOTHISPANICorNOTLATINO,DEM,DEMOCRATIC,58.0,3041993.0,Age4165,AA86765
ALAMANCE,A,ACTIVE,ALBERTIKATHERINEBOWDEN,KATHERINEBOWDENALBERTI,,WHITE,NL,NOTHISPANICorNOTLATINO,REP,REPUBLICAN,52.0,5062004.0,Age4165,AA134135
ALAMANCE,I,INACTIVE,ALBERTOMATTHEWGINO,,404WLEBANONAVEB,WHITE,UN,UNDESIGNATED,UNA,UNAFFILIATED,26.0,9052008.0,Age2640,AA158848
ALAMANCE,A,ACTIVE,ALBERTSENCHRISTIANMAURICE,CHRISTIANMAURICEALBERTSEN,243WSHANNONDR,WHITE,NL,NOTHISPANICorNOTLATINO,REP,REPUBLICAN,68.0,12181990.0,AgeOver66,AA75949
ALAMANCE,R,REMOVED,ALBERTSENJANETMCCORMACK,JANETMCCORMACKALBERTSEN,243WSHANNONDR,WHITE,NL,NOTHISPANICorNOTLATINO,UNA,UNAFFILIATED,65.0,12101991.0,Age4165,AA79137
ALAMANCE,A,ACTIVE,ALBERTSONANDREAHARRIS,ANDREAHARRISALBERTSON,203WOODALEDR,WHITE,NL,NOTHISPANICorNOTLATINO,DEM,DEMOCRATIC,62.0,1061979.0,Age4165,AA2226
ALAMANCE,A,ACTIVE,ALBERTSONMARKROBERT,,203WOODALEDR,WHITE,NL,NOTHISPANICorNOTLATINO,REP,REPUBLICAN,65.0,1061979.0,Age4165,AA2227
ALAMANCE,A,ACTIVE,ALBERTSONREBECCAVANZANDT,REBECCAVANZANDTALBERTSON,2017SMAINST,WHITE,UN,UNDESIGNATED,UNA,UNAFFILIATED,33.0,5042012.0,Age2640,BN308762
ALAMANCE,A,ACTIVE,ALBERTSONZACHARYDAVID,ZACHARYDAVIDALBERTSON,2017SMAINST,WHITE,NL,NOTHISPANICorNOTLATINO,UNA,UNAFFILIATED,32.0,5042012.0,Age2640,BN256423
ALAMANCE,A,ACTIVE,ALBINILESLIER,LESLIERALBINI,,WHITE,NL,NOTHISPANICorNOTLATINO,REP,REPUBLICAN,62.0,9171997.0,Age4165,AA107540
ALAMANCE,A,ACTIVE,ALBINIMARKWAYNE,,,WHITE,UN,UNDESIGNATED,REP,REPUBLICAN,59.0,9151997.0,Age4165,AA107494
ALAMANCE,A,ACTIVE,ALBINIZACHARYMARK,ZACHARYMARKALBINI,,WHITE,NL,NOTHISPANICorNOTLATINO,REP,REPUBLICAN,23.0,7182012.0,,AA171812
ALAMANCE,A,ACTIVE,ALBINSONJAMESCHRISTIAN,JAMESCHRISTIANALBINSON,2434WWEBBAVE303,WHITE,NL,NOTHISPANICorNOTLATINO,DEM,DEMOCRATIC,24.0,,,AA159526
ALAMANCE,A,ACTIVE,ALBRIGHTALANFRANK,ALANFRANKALBRIGHT,215CALTAMAHAWUNIONRIDGERD,WHITE,NL,NOTHISPANICorNOTLATINO,REP,REPUBLICAN,,5221991.0,Age4165,AA77394
ALAMANCE,R,REMOVED,ALBRIGHTALICEEDWARDS,ALICEEDWARDSALBRIGHT,615WARDST,WHITE,UN,UNDESIGNATED,REP,REPUBLICAN,66.0,9282002.0,AgeOver66,AA127872
ALAMANCE,A,ACTIVE,ALBRIGHTALLEGRAKING,ALLEGRAKINGALBRIGHT,2541GREENVALLEYBLVD,BLACKorAFRICANAMERICAN,NL,NOTHISPANICorNOTLATINO,DEM,DEMOCRATIC,67.0,9281988.0,AgeOver66,AA66406
ALAMANCE,A,ACTIVE,ALBRIGHTAMANDALOU,AMANDALOUALBRIGHT,2235KIMREYRD,BLACKorAFRICANAMERICAN,NL,NOTHISPANICorNOTLATINO,UNA,UNAFFILIATED,57.0,1171986.0,Age4165,AA59405
ALAMANCE,I,INACTIVE,ALBRIGHTAMANDARENEE,AMANDARENEEALBRIGHT,405HARDENST,WHITE,NL,NOTHISPANICorNOTLATINO,UNA,UNAFFILIATED,25.0,3242005.0,,AA143217
ALAMANCE,A,ACTIVE,ALBRIGHTAMYHOBSON,AMYHOBSONALBRIGHT,309DOGGETTDR,WHITE,NL,NOTHISPANICorNOTLATINO,REP,REPUBLICAN,37.0,,Age2640,AA91708
ALAMANCE,A,ACTIVE,ALBRIGHTANDYSPENCER,ANDYSPENCERALBRIGHT,215ALTAMAHAWUNIONRIDGERDC,WHITE,NL,NOTHISPANICorNOTLATINO,REP,REPUBLICAN,,2171997.0,Age4165,AA105380
ALAMANCE,A,ACTIVE,ALBRIGHTANGELVIRGINIA,ANGELVIRGINIAALBRIGHT,832SARAHWILLIAMSAVE,BLACKorAFRICANAMERICAN,UN,UNDESIGNATED,DEM,DEMOCRATIC,26.0,9222004.0,Age2640,AA138038
ALAMANCE,A,ACTIVE,ALBRIGHTANGELAWOOD,ANGELAWOODALBRIGHT,1309NNCHWY87,WHITE,NL,NOTHISPANICorNOTLATINO,REP,REPUBLICAN,34.0,8261998.0,Age2640,AA111421
ALAMANCE,A,ACTIVE,ALBRIGHTANGELAFAULKNER,ANGELAFAULKNERALBRIGHT,1526SHALLOWFORDCHURCHRD,WHITE,NL,NOTHISPANICorNOTLATINO,REP,REPUBLICAN,44.0,11201989.0,Age4165,AA70229
ALAMANCE,A,ACTIVE,ALBRIGHTANGELAHUNTER,ANGELAHUNTERALBRIGHT,505BALDWINRD,BLACKorAFRICANAMERICAN,NL,,DEM,DEMOCRATIC,42.0,3252011.0,Age4165,AA168277
ALAMANCE,R,REMOVED,ALBRIGHTANNIELAURA,ANNIELAURAALBRIGHT,2502SNCHWY119,WHITE,NL,,UNA,UNAFFILIATED,81.0,8181970.0,AgeOver66,AA2231
ALAMANCE,A,ACTIVE,ALBRIGHTANTHONYEUGENE,ANTHONYEUGENEALBRIGHT,1718HILTONRD,BLACKorAFRICANAMERICAN,UN,UNDESIGNATED,DEM,DEMOCRATIC,19.0,6062012.0,,AA172365
ALAMANCE,A,ACTIVE,ALBRIGHTBARBARAANN,BARBARAANNALBRIGHT,419NSELLARSMILLRD,BLACKorAFRICANAMERICAN,NL,,DEM,DEMOCRATIC,70.0,3302012.0,AgeOver66,AA171139
ALAMANCE,A,ACTIVE,ALBRIGHTBARBARAA,BARBARAAALBRIGHT,2833SNCHWY8795,BLACKorAFRICANAMERICAN,UN,UNDESIGNATED,DEM,DEMOCRATIC,70.0,6252004.0,AgeOver66,AA135132
ALAMANCE,A,ACTIVE,ALBRIGHTBENVESTAL,BENVESTALALBRIGHT,2716WOODBURYDR,WHITE,NL,,DEM,DEMOCRATIC,80.0,12141995.0,AgeOver66,AA96759
ALAMANCE,A,ACTIVE,ALBRIGHTBENJAMINFRANKLIN,BENJAMINFRANKLINALBRIGHT,940HUFFMANLN,WHITE,NL,,REP,REPUBLICAN,24.0,2182008.0,,AA152306
ALAMANCE,R,REMOVED,ALBRIGHTBENNYLEE,BENNYLEEALBRIGHT,2235KIMREYRD,BLACKorAFRICANAMERICAN,UN,UNDESIGNATED,UNA,UNAFFILIATED,36.0,9272004.0,Age2640,AA138474
ALAMANCE,R,REMOVED,ALBRIGHTBETSYSMITH,BETSYSMITHALBRIGHT,1609AQUINASCT,WHITE,NL,,DEM,DEMOCRATIC,86.0,9152001.0,AgeOver66,AA124414
ALAMANCE,A,ACTIVE,ALBRIGHTBETTYWILLIAMS,BETTYWILLIAMSALBRIGHT,4056SCHURCHST,WHITE,NL,,DEM,DEMOCRATIC,78.0,5121962.0,AgeOver66,AA2236
ALAMANCE,A,ACTIVE,ALBRIGHTBOYCERALPH,BOYCERALPHALBRIGHT,3461COOKST,WHITE,NL,,DEM,DEMOCRATIC,58.0,4071972.0,Age4165,AA2237
ALAMANCE,A,ACTIVE,ALBRIGHTBRANDONVANCE,BRANDONVANCEALBRIGHT,6905SNCHWY87,WHITE,NL,,UNA,UNAFFILIATED,30.0,,Age2640,AA177070
ALAMANCE,A,ACTIVE,ALBRIGHTBRYANCURTIS,BRYANCURTISALBRIGHT,5812ANDOVERDR,WHITE,UN,UNDESIGNATED,REP,REPUBLICAN,,10032012.0,Age4165,AA175988
ALAMANCE,A,ACTIVE,ALBRIGHTCANDICEMEGAN,CANDICEMEGANALBRIGHT,2702RILEYSTRL,WHITE,NL,,DEM,DEMOCRATIC,27.0,9162005.0,Age2640,AA144794
ALAMANCE,I,INACTIVE,ALBRIGHTCARMENGONZALEZ,CARMENGONZALEZALBRIGHT,324BIDNEYDR,OTHER,NL,,DEM,DEMOCRATIC,61.0,10081996.0,Age4165,AA103029
ALAMANCE,A,ACTIVE,ALBRIGHTCECILIABRYNN,CECILIABRYNNALBRIGHT,5870SNCHWY49,WHITE,NL,,REP,REPUBLICAN,18.0,9212012.0,,AA175100
ALAMANCE,I,INACTIVE,ALBRIGHTCHARLESEDWARDIV,CHARLESEDWARDALBRIGHTIV,309ISLEYAVE,WHITE,NL,,REP,REPUBLICAN,39.0,9271993.0,Age2640,AA88235
ALAMANCE,A,ACTIVE,ALBRIGHTCHARLESCOLON,CHARLESCOLONALBRIGHT,4056SCHURCHST,WHITE,NL,,DEM,DEMOCRATIC,76.0,10291960.0,AgeOver66,AA2240
ALAMANCE,A,ACTIVE,ALBRIGHTCHASESCOTT,CHASESCOTTALBRIGHT,,WHITE,NL,,REP,REPUBLICAN,24.0,6022008.0,,AA154898
ALAMANCE,A,ACTIVE,ALBRIGHTCHELSEYTIERRA,CHELSEYTIERRAALBRIGHT,645BRASSFIELDDR,BLACKorAFRICANAMERICAN,NL,,DEM,DEMOCRATIC,22.0,5062008.0,,AA154899
ALAMANCE,A,ACTIVE,ALBRIGHTCHRISTINALYNN,CHRISTINALYNNALBRIGHT,2617FLEMINGGRAHAMRD4,WHITE,UN,UNDESIGNATED,DEM,DEMOCRATIC,33.0,,Age2640,AA137331
ALAMANCE,A,ACTIVE,ALBRIGHTCLAUDIAHARVEY,CLAUDIAHARVEYALBRIGHT,713RICHMONDAVE,BLACKorAFRICANAMERICAN,NL,,DEM,DEMOCRATIC,82.0,12041998.0,AgeOver66,AA112295
ALAMANCE,A,ACTIVE,ALBRIGHTCLINTONBARRY,CLINTONBARRYALBRIGHT,1013HANNAHCT,WHITE,NL,,REP,REPUBLICAN,60.0,1041972.0,Age4165,AA2242
ALAMANCE,A,ACTIVE,ALBRIGHTCRYSTALSUE,CRYSTALSUEALBRIGHT,2922AUBURNDR201,WHITE,UN,UNDESIGNATED,REP,REPUBLICAN,27.0,7232008.0,Age2640,AA156173
ALAMANCE,A,ACTIVE,ALBRIGHTCYNTHIADIANNE,CYNTHIADIANNEALBRIGHT,1541KIRKPATRICKRD,WHITE,UN,UNDESIGNATED,REP,REPUBLICAN,66.0,,AgeOver66,AA140180
ALAMANCE,A,ACTIVE,ALBRIGHTDANIELGRAHAM,DANIELGRAHAMALBRIGHT,2540SNCHWY1192,WHITE,NL,,REP,REPUBLICAN,83.0,4121968.0,AgeOver66,AA2243
ALAMANCE,A,ACTIVE,ALBRIGHTDARRELLTHOMAS,DARRELLTHOMASALBRIGHT,2541GREENVALLEYBLVD,BLACKorAFRICANAMERICAN,NL,,DEM,DEMOCRATIC,70.0,9281988.0,AgeOver66,AA66407
ALAMANCE,A,ACTIVE,ALBRIGHTDAVIDSIDNEY,DAVIDSIDNEYALBRIGHT,6062ASNCHWY49,WHITE,NL,,REP,REPUBLICAN,,1101990.0,Age4165,AA70428
ALAMANCE,A,ACTIVE,ALBRIGHTDAVIDALLEN,DAVIDALLENALBRIGHT,7453BUCKINGHAMMOUNTAINDR,WHITE,UN,UNDESIGNATED,REP,REPUBLICAN,,9212011.0,Age4165,BN303019
ALAMANCE,A,ACTIVE,ALBRIGHTDORCASPAGE,DORCASPAGEALBRIGHT,1013HANNAHCT,WHITE,NL,,REP,REPUBLICAN,55.0,10241994.0,Age4165,AA92048
ALAMANCE,A,ACTIVE,ALBRIGHTDOUGLASANTHONY,DOUGLASANTHONYALBRIGHT,421ENOCHST,BLACKorAFRICANAMERICAN,NL,,DEM,DEMOCRATIC,60.0,12021997.0,Age4165,AA108558
ALAMANCE,A,ACTIVE,ALBRIGHTELLENKIMBALL,ELLENKIMBALLALBRIGHT,2041SNCHWY119,WHITE,NL,,DEM,DEMOCRATIC,87.0,5151948.0,AgeOver66,AA2251
ALAMANCE,A,ACTIVE,ALBRIGHTERICLYLE,ERICLYLEALBRIGHT,5205SWEPSONVILLESAXAPAHAWRD,WHITE,NL,,REP,REPUBLICAN,54.0,,Age4165,AA2252
ALAMANCE,A,ACTIVE,ALBRIGHTERICSTEPHEN,ERICSTEPHENALBRIGHT,6062SNCHWY49A,WHITE,NL,,REP,REPUBLICAN,22.0,5022008.0,,AA154900
ALAMANCE,A,ACTIVE,ALBRIGHTERICABROOKS,ERICABROOKSALBRIGHT,3130BROOKVALLEYCT,WHITE,NL,,REP,REPUBLICAN,42.0,5191993.0,Age4165,AA87012
ALAMANCE,I,INACTIVE,ALBRIGHTERINR,ERINRALBRIGHT,5464SNCHWY49,WHITE,UN,UNDESIGNATED,UNA,UNAFFILIATED,39.0,10042004.0,Age2640,AA139491
ALAMANCE,A,ACTIVE,ALBRIGHTETHANLEE,ETHANLEEALBRIGHT,5205SWEPSONVILLESAXAPAHAWRD,WHITE,UN,UNDESIGNATED,REP,REPUBLICAN,19.0,8162012.0,,AA174243
ALAMANCE,A,ACTIVE,ALBRIGHTFAYEMUNDY,FAYEMUNDYALBRIGHT,1913SNCHWY119,WHITE,NL,,DEM,DEMOCRATIC,88.0,5171952.0,AgeOver66,AA2254
ALAMANCE,R,REMOVED,ALBRIGHTFREDWALTER,FREDWALTERALBRIGHT,1609AQUINASCT,WHITE,NL,,DEM,DEMOCRATIC,90.0,9152001.0,AgeOver66,AA124415
ALAMANCE,A,ACTIVE,ALBRIGHTGLENNKAY,GLENNKAYALBRIGHT,1645BRUCEWOODRD,BLACKorAFRICANAMERICAN,NL,,UNA,UNAFFILIATED,63.0,7111991.0,Age4165,AA77750
ALAMANCE,R,REMOVED,ALBRIGHTHAZELW,HAZELWALBRIGHT,2317KIMREYRD,BLACKorAFRICANAMERICAN,UN,UNDESIGNATED,DEM,DEMOCRATIC,77.0,2231978.0,AgeOver66,AA2258
ALAMANCE,A,ACTIVE,ALBRIGHTIVORYJEWEL,IVORYJEWELALBRIGHT,,BLACKorAFRICANAMERICAN,NL,,DEM,DEMOCRATIC,55.0,3031984.0,Age4165,
ALAMANCE,A,ACTIVE,ALBRIGHTJACQUELINELYNCH,JACQUELINELYNCHALBRIGHT,1560TROLLINGWOODHAWFIELDSRD,WHITE,NL,,DEM,DEMOCRATIC,83.0,10271956.0,AgeOver66,AA2262
ALAMANCE,A,ACTIVE,ALBRIGHTJACQUELINELEWIS,JACQUELINELEWISALBRIGHT,5870SNCHWY49,WHITE,UN,UNDESIGNATED,REP,REPUBLICAN,71.0,9102004.0,AgeOver66,AA137290
ALAMANCE,A,ACTIVE,ALBRIGHTJALEESADANIQUA,JALEESADANIQUAALBRIGHT,2065MILESCHAPELRD,BLACKorAFRICANAMERICAN,NL,,DEM,DEMOCRATIC,19.0,6272011.0,,AA168792
ALAMANCE,A,ACTIVE,ALBRIGHTJAMALNICHOLAS,JAMALNICHOLASALBRIGHT,1718HILTONRD,BLACKorAFRICANAMERICAN,UN,UNDESIGNATED,DEM,DEMOCRATIC,18.0,,,AA177491
ALAMANCE,R,REMOVED,ALBRIGHTJAMESEVERETTE,JAMESEVERETTEALBRIGHT,1913SNCHWY119,WHITE,NL,NOTHISPANICorNOTLATINO,DEM,DEMOCRATIC,89.0,5171952.0,AgeOver66,AA2266
ALAMANCE,R,REMOVED,ALBRIGHTJAMESNATHANIELJR,JAMESNATHANIELALBRIGHTJR,615WARDST,WHITE,UN,UNDESIGNATED,REP,REPUBLICAN,65.0,9282002.0,Age4165,AA127873
ALAMANCE,I,INACTIVE,ALBRIGHTJAMESMYRON,JAMESMYRONALBRIGHT,847SMAINSTC,WHITE,UN,UNDESIGNATED,DEM,DEMOCRATIC,57.0,4112008.0,Age4165,AA154297
ALAMANCE,A,ACTIVE,ALBRIGHTJAMESMONROE,JAMESMONROEALBRIGHT,1906ELMWOODDR,WHITE,UN,UNDESIGNATED,REP,REPUBLICAN,51.0,1111979.0,Age4165,AA2267
ALAMANCE,A,ACTIVE,ALBRIGHTJAMESEDWARD,JAMESEDWARDALBRIGHT,,WHITE,NL,NOTHISPANICorNOTLATINO,DEM,DEMOCRATIC,62.0,3191990.0,Age4165,AA70894
ALAMANCE,A,ACTIVE,ALBRIGHTJANEHOOKS,JANEHOOKSALBRIGHT,215ALTAMAHAWUNIONRIDGERDC,WHITE,UN,UNDESIGNATED,REP,REPUBLICAN,,11022004.0,Age4165,AA141427
ALAMANCE,R,REMOVED,ALBRIGHTJANICEBROWN,JANICEBROWNALBRIGHT,717SFIFTHST,WHITE,NL,,DEM,DEMOCRATIC,74.0,7051978.0,AgeOver66,AA2269
ALAMANCE,A,ACTIVE,ALBRIGHTJASMINEANTONNIALASHAY,JASMINEANTONNIALASHAYALBRIGHT,421ENOCHST,BLACKorAFRICANAMERICAN,NL,,DEM,DEMOCRATIC,19.0,9272012.0,,AA176967
ALAMANCE,A,ACTIVE,ALBRIGHTJASMINENICOLE,JASMINENICOLEALBRIGHT,1718HILTONRD,BLACKorAFRICANAMERICAN,UN,UNDESIGNATED,DEM,DEMOCRATIC,18.0,5292012.0,,AA172367
ALAMANCE,A,ACTIVE,ALBRIGHTJEFFREYDWAYNE,JEFFREYDWAYNEALBRIGHT,136HALLAVE,WHITE,NL,NOTHISPANICorNOTLATINO,UNA,UNAFFILIATED,40.0,9182012.0,Age2640,BY421267
ALAMANCE,I,INACTIVE,ALBRIGHTJEFFREYGONZALEZ,JEFFREYGONZALEZALBRIGHT,324BIDNEYDR,WHITE,NL,NOTHISPANICorNOTLATINO,UNA,UNAFFILIATED,33.0,12201999.0,Age2640,AA116535
ALAMANCE,A,ACTIVE,ALBRIGHTJENNIFERBLYTHE,JENNIFERBLYTHEALBRIGHT,,WHITE,UN,UNDESIGNATED,LIB,LIBERTARIAN,19.0,,,AA177582
ALAMANCE,A,ACTIVE,ALBRIGHTJOKITSINGER,JOKITSINGERALBRIGHT,2366TIMBERTRL,WHITE,NL,NOTHISPANICorNOTLATINO,DEM,DEMOCRATIC,65.0,10041980.0,Age4165,AA2270
ALAMANCE,A,ACTIVE,ALBRIGHTJOELEE,JOELEEALBRIGHT,4527SNCHWY87,WHITE,NL,NOTHISPANICorNOTLATINO,UNA,UNAFFILIATED,64.0,,Age4165,AA70022
ALAMANCE,A,ACTIVE,ALBRIGHTJOHNWILLIAM,JOHNWILLIAMALBRIGHT,3130BROOKVALLEYCT,WHITE,NL,NOTHISPANICorNOTLATINO,REP,REPUBLICAN,,11191996.0,Age4165,AA104333
ALAMANCE,A,ACTIVE,ALBRIGHTJOHNWILLIAM,JOHNWILLIAMALBRIGHT,522LANGST,WHITE,NL,NOTHISPANICorNOTLATINO,REP,REPUBLICAN,61.0,6081995.0,Age4165,AA94362
ALAMANCE,A,ACTIVE,ALBRIGHTJOHN(NMN)JR,JOHN(NMN)ALBRIGHTJR,212GRAVESRD,WHITE,NL,NOTHISPANICorNOTLATINO,REP,REPUBLICAN,80.0,,AgeOver66,AA2273
ALAMANCE,A,ACTIVE,ALBRIGHTJOHNCHARLESJR,JOHNCHARLESALBRIGHTJR,6709DAVIDMOORERD,WHITE,NL,,UNA,UNAFFILIATED,64.0,5302003.0,Age4165,AA130411
ALAMANCE,A,ACTIVE,ALBRIGHTJOHNNYROBERT,JOHNNYROBERTALBRIGHT,4304MAGGIECT,WHITE,NL,,REP,REPUBLICAN,55.0,9071996.0,Age4165,AA101705
ALAMANCE,I,INACTIVE,ALBRIGHTJUANITAMORGAN,JUANITAMORGANALBRIGHT,824INDIANVALLEYDR,WHITE,NL,,DEM,DEMOCRATIC,95.0,5171952.0,AgeOver66,AA2277
ALAMANCE,A,ACTIVE,ALBRIGHTKEITHLASHADE,KEITHLASHADEALBRIGHT,353NSELLARSMILLRD,BLACKorAFRICANAMERICAN,NL,,DEM,DEMOCRATIC,23.0,5212009.0,Age1825,AA164116
ALAMANCE,A,ACTIVE,ALBRIGHTKENNETHTYLER,KENNETHTYLERALBRIGHT,311APPLEST,WHITE,NL,,DEM,DEMOCRATIC,64.0,10022000.0,Age4165,AA120498
ALAMANCE,A,ACTIVE,ALBRIGHTKRISTINACATES,KRISTINACATESALBRIGHT,405STONEWALLDR,WHITE,NL,,REP,REPUBLICAN,33.0,9302008.0,Age2640,DE194130
ALAMANCE,A,ACTIVE,ALBRIGHTLARRYSCOTT,LARRYSCOTTALBRIGHT,5870SNCHWY49,WHITE,UN,UNDESIGNATED,REP,REPUBLICAN,74.0,9102004.0,AgeOver66,AA137291
ALAMANCE,A,ACTIVE,ALBRIGHTLARRYSCOTTJR,LARRYSCOTTALBRIGHTJR,2904JUSTONDR,WHITE,NL,,REP,REPUBLICAN,51.0,3071984.0,Age4165,
ALAMANCE,A,ACTIVE,ALBRIGHTLEGENAHESTER,LEGENAHESTERALBRIGHT,321WWHITSETTSTL,BLACKorAFRICANAMERICAN,UN,UNDESIGNATED,DEM,DEMOCRATIC,,8022012.0,Age4165,AA173094
ALAMANCE,R,REMOVED,ALBRIGHTLESTA,LESTAALBRIGHT,2127WESTOVERTER,WHITE,NL,,DEM,DEMOCRATIC,110.0,5091964.0,AgeOver66,AA2280
ALAMANCE,A,ACTIVE,ALBRIGHTLINDASYKES,LINDASYKESALBRIGHT,829SEIGHTHST,WHITE,NL,,DEM,DEMOCRATIC,69.0,10071972.0,AgeOver66,
ALAMANCE,A,ACTIVE,ALBRIGHTLINDASELF,LINDASELFALBRIGHT,,WHITE,UN,UNDESIGNATED,UNA,UNAFFILIATED,62.0,10042004.0,Age4165,AA139124
ALAMANCE,A,ACTIVE,ALBRIGHTLISAFAYE,,6062SNCHWY49A,WHITE,NL,,UNA,UNAFFILIATED,,3062012.0,Age4165,DE159226
ALAMANCE,I,INACTIVE,ALBRIGHTLULALLOYD,,5240MRSWHITELN,BLACKorAFRICANAMERICAN,NL,,DEM,DEMOCRATIC,77.0,10051986.0,AgeOver66,AA61174
ALAMANCE,A,ACTIVE,ALBRIGHTLYNDAJOY,,323WOODLAWNDR,WHITE,NL,,REP,REPUBLICAN,64.0,11091985.0,Age4165,AA59329
ALAMANCE,A,ACTIVE,ALBRIGHTMARSHAELLEE,,2541GREENVALLEYBLVD,BLACKorAFRICANAMERICAN,NL,,DEM,DEMOCRATIC,39.0,9051991.0,Age2640,AA78439
ALAMANCE,A,ACTIVE,ALBRIGHTMARYHODGES,,2604ELDERMONTST,WHITE,NL,,DEM,DEMOCRATIC,76.0,,AgeOver66,AA2279
ALAMANCE,A,ACTIVE,ALBRIGHTMICHAELACHARLEEN,,1717DURHAMST31,WHITE,NL,,UNA,UNAFFILIATED,18.0,7272012.0,,AA173095
ALAMANCE,A,ACTIVE,ALBRIGHTMOLLYELIZABETH,MOLLYELIZABETHALBRIGHT,2251SUNBERRYDR,WHITE,UN,UNDESIGNATED,UNA,UNAFFILIATED,24.0,4072008.0,,AA154513
ALAMANCE,A,ACTIVE,ALBRIGHTNANCYSTADLER,NANCYSTADLERALBRIGHT,5205SWEPSONVILLESAXAPAHAWRD,WHITE,NL,NOTHISPANICorNOTLATINO,DEM,DEMOCRATIC,51.0,10081984.0,Age4165,AA57711
ALAMANCE,A,ACTIVE,ALBRIGHTNATASHAPOOLE,NATASHAPOOLEALBRIGHT,,BLACKorAFRICANAMERICAN,NL,NOTHISPANICorNOTLATINO,DEM,DEMOCRATIC,29.0,1292010.0,Age2640,AA132247
ALAMANCE,A,ACTIVE,ALBRIGHTPATRICIAANN,PATRICIAANNALBRIGHT,522LANGST,WHITE,NL,NOTHISPANICorNOTLATINO,REP,REPUBLICAN,52.0,8221997.0,Age4165,AA107341
ALAMANCE,A,ACTIVE,ALBRIGHTREBECCAFENTON,REBECCAFENTONALBRIGHT,2540SNCHWY1192,WHITE,NL,NOTHISPANICorNOTLATINO,REP,REPUBLICAN,82.0,10231965.0,AgeOver66,AA2294
ALAMANCE,A,ACTIVE,ALBRIGHTROYSIDNEY,ROYSIDNEYALBRIGHT,6062SNCHWY49,WHITE,NL,NOTHISPANICorNOTLATINO,UNA,UNAFFILIATED,69.0,4041995.0,AgeOver66,AA93538
ALAMANCE,A,ACTIVE,ALBRIGHTROYJAMES,ROYJAMESALBRIGHT,6062SNCHWY49D,WHITE,NL,NOTHISPANICorNOTLATINO,DEM,DEMOCRATIC,25.0,2162007.0,,AA148939
ALAMANCE,A,ACTIVE,ALBRIGHTRUTHLLOYD,RUTHLLOYDALBRIGHT,4048ASJIMMINORRD,BLACKorAFRICANAMERICAN,NL,NOTHISPANICorNOTLATINO,DEM,DEMOCRATIC,67.0,2041994.0,AgeOver66,AA89150
ALAMANCE,R,REMOVED,ALBRIGHTRUTHB,RUTHBALBRIGHT,231SMARSHALLST,WHITE,NL,NOTHISPANICorNOTLATINO,DEM,DEMOCRATIC,94.0,5081940.0,AgeOver66,AA2295
ALAMANCE,A,ACTIVE,ALBRIGHTSANDRAWHITAKER,SANDRAWHITAKERALBRIGHT,6709DAVIDMOORERD,WHITE,NL,NOTHISPANICorNOTLATINO,DEM,DEMOCRATIC,63.0,6021994.0,Age4165,AA90288
ALAMANCE,A,ACTIVE,ALBRIGHTSANDRAMICHELLE,SANDRAMICHELLEALBRIGHT,,BLACKorAFRICANAMERICAN,UN,UNDESIGNATED,DEM,DEMOCRATIC,44.0,9251993.0,Age4165,AA88236
ALAMANCE,A,ACTIVE,ALBRIGHTSARAH,SARAHALBRIGHT,,BLACKorAFRICANAMERICAN,NL,NOTHISPANICorNOTLATINO,DEM,DEMOCRATIC,31.0,,Age2640,BD88177
ALAMANCE,A,ACTIVE,ALBRIGHTSONIAMICHELLE,SONIAMICHELLEALBRIGHT,4040CEDARHILLDR,WHITE,NL,NOTHISPANICorNOTLATINO,UNA,UNAFFILIATED,37.0,2122010.0,Age2640,AA165404
ALAMANCE,A,ACTIVE,ALBRIGHTSUSANNANCE,SUSANNANCEALBRIGHT,311APPLEST2416,WHITE,NL,NOTHISPANICorNOTLATINO,DEM,DEMOCRATIC,57.0,4181984.0,Age4165,
ALAMANCE,A,ACTIVE,ALBRIGHTTAMEKASHERRELL,TAMEKASHERRELLALBRIGHT,2235KIMREYRD,BLACKorAFRICANAMERICAN,NL,NOTHISPANICorNOTLATINO,UNA,UNAFFILIATED,35.0,8151997.0,Age2640,AA107178
ALAMANCE,A,ACTIVE,ALBRIGHTTAMMYPERKINS,TAMMYPERKINSALBRIGHT,2930JUSTONDR,WHITE,NL,NOTHISPANICorNOTLATINO,REP,REPUBLICAN,51.0,10051992.0,Age4165,AA84005
ALAMANCE,A,ACTIVE,ALBRIGHTTAMMYRENEE,TAMMYRENEEALBRIGHT,2239ROCKLANEDR,WHITE,NL,NOTHISPANICorNOTLATINO,UNA,UNAFFILIATED,41.0,8261991.0,Age4165,AA78236
ALAMANCE,A,ACTIVE,ALBRIGHTTERESAAUSTIN,TERESAAUSTINALBRIGHT,7453BUCKINGHAMMOUNTAINDR,WHITE,NL,NOTHISPANICorNOTLATINO,REP,REPUBLICAN,50.0,4011980.0,Age4165,AA3581
ALAMANCE,A,ACTIVE,ALBRIGHTTHEODORE,THEODOREALBRIGHT,2317KIMREYRD,BLACKorAFRICANAMERICAN,UN,UNDESIGNATED,DEM,DEMOCRATIC,68.0,10072004.0,AgeOver66,AA139834
ALAMANCE,R,REMOVED,ALBRIGHTTHEODORE(NMN),THEODORE(NMN)ALBRIGHT,607NEWST,BLACKorAFRICANAMERICAN,NL,NOTHISPANICorNOTLATINO,DEM,DEMOCRATIC,70.0,4091982.0,AgeOver66,AA2299
ALAMANCE,A,ACTIVE,ALBRIGHTTODDMORAN,TODDMORANALBRIGHT,147HUFFINESST11,WHITE,NL,NOTHISPANICorNOTLATINO,UNA,UNAFFILIATED,,10232008.0,Age4165,AA161607
ALAMANCE,A,ACTIVE,ALBRIGHTTOMMYHENRY,TOMMYHENRYALBRIGHT,304WGRAHAMST,WHITE,NL,NOTHISPANICorNOTLATINO,REP,REPUBLICAN,74.0,,AgeOver66,AA76079
ALAMANCE,A,ACTIVE,ALBRIGHTTRACYGENEVIEVE,TRACYGENEVIEVEALBRIGHT,2003MORNINGSIDEDRE,BLACKorAFRICANAMERICAN,NL,NOTHISPANICorNOTLATINO,DEM,DEMOCRATIC,,10081990.0,Age4165,AA74492
ALAMANCE,A,ACTIVE,ALBRIGHTTRAVISLYDELL,TRAVISLYDELLALBRIGHT,,UNDESIGNATED,UN,UNDESIGNATED,DEM,DEMOCRATIC,42.0,,Age4165,BL354133
ALAMANCE,A,ACTIVE,ALBRIGHTTYSON,TYSONALBRIGHT,2541GREENVALLEYBLVD,BLACKorAFRICANAMERICAN,NL,NOTHISPANICorNOTLATINO,UNA,UNAFFILIATED,32.0,4142000.0,Age2640,AA117977
ALAMANCE,A,ACTIVE,ALBRIGHTVIRGINIAANN,VIRGINIAANNALBRIGHT,2322LAVISTADR23,BLACKorAFRICANAMERICAN,NL,NOTHISPANICorNOTLATINO,UNA,UNAFFILIATED,51.0,2281995.0,Age4165,AA92549
ALAMANCE,A,ACTIVE,ALBRIGHTWESLEYTHOMAS,WESLEYTHOMASALBRIGHT,468CEDARLN,WHITE,UN,UNDESIGNATED,REP,REPUBLICAN,37.0,6292005.0,Age2640,AA143894
ALAMANCE,A,ACTIVE,ALBRIGHTWILLIAMKYLE,WILLIAMKYLEALBRIGHT,405STONEWALLDR,WHITE,NL,NOTHISPANICorNOTLATINO,REP,REPUBLICAN,34.0,4021996.0,Age2640,AA98683
ALAMANCE,A,ACTIVE,ALBRIGHTWILLIAMHARRY,WILLIAMHARRYALBRIGHT,2041SNCHWY119,WHITE,NL,NOTHISPANICorNOTLATINO,UNA,UNAFFILIATED,66.0,10011992.0,AgeOver66,AA84751
ALAMANCE,A,ACTIVE,ALBRIGHTWILLIAMCALVIN,WILLIAMCALVINALBRIGHT,2366TIMBERTRL,WHITE,NL,NOTHISPANICorNOTLATINO,DEM,DEMOCRATIC,68.0,10041980.0,AgeOver66,AA2304
ALAMANCE,A,ACTIVE,ALBRIGHTWILLIAMMALONE,WILLIAMMALONEALBRIGHT,829SEIGHTHST,WHITE,NL,NOTHISPANICorNOTLATINO,DEM,DEMOCRATIC,74.0,5051962.0,AgeOver66,AA2306
ALAMANCE,A,ACTIVE,ALBRIGHTWILLIAMLIONEL,WILLIAMLIONELALBRIGHT,,BLACKorAFRICANAMERICAN,NL,NOTHISPANICorNOTLATINO,DEM,DEMOCRATIC,,3061984.0,Age4165,
ALAMANCE,R,REMOVED,ALBRIGHTWILLIAMLINWOOD,WILLIAMLINWOODALBRIGHT,2041SNCHWY119,WHITE,NL,NOTHISPANICorNOTLATINO,DEM,DEMOCRATIC,94.0,5101940.0,AgeOver66,AA2305
ALAMANCE,A,ACTIVE,ALBRIGHTWILLIEJR,WILLIEALBRIGHTJR,713RICHMONDAVE,BLACKorAFRICANAMERICAN,UN,UNDESIGNATED,DEM,DEMOCRATIC,68.0,10071998.0,AgeOver66,AA112015
ALAMANCE,A,ACTIVE,ALBRIGHTZACKARYBRYAN,ZACKARYBRYANALBRIGHT,,WHITE,UN,UNDESIGNATED,REP,REPUBLICAN,24.0,,,AA176434
ALAMANCE,A,ACTIVE,ALBRIGHTJOHNSONDANASUE,DANASUEALBRIGHTJOHNSON,4066SCHURCHST,WHITE,NL,NOTHISPANICorNOTLATINO,REP,REPUBLICAN,39.0,11022004.0,Age2640,AA141428
ALAMANCE,A,ACTIVE,ALBRITTONDANARICHELLE,DANARICHELLEALBRITTON,1528SMEBANEST1305,BLACKorAFRICANAMERICAN,NL,NOTHISPANICorNOTLATINO,DEM,DEMOCRATIC,32.0,4112008.0,Age2640,AA153830
ALAMANCE,A,ACTIVE,ALBRITTONJEREMIAHJAMISEN,JEREMIAHJAMISENALBRITTON,1528SMEBANEST1305,BLACKorAFRICANAMERICAN,UN,UNDESIGNATED,DEM,DEMOCRATIC,36.0,4112008.0,Age2640,BY434766
ALAMANCE,I,INACTIVE,ALBRITTONSHAWNMARVEL,SHAWNMARVELALBRITTON,1420BIRKDALECIR,BLACKorAFRICANAMERICAN,NL,NOTHISPANICorNOTLATINO,DEM,DEMOCRATIC,41.0,10072008.0,Age4165,AA158881
ALAMANCE,A,ACTIVE,ALBRITTONSTERLINGWAYNEJR,STERLINGWAYNEALBRITTONJR,3436DOCTORPICKETTRD1,WHITE,NL,NOTHISPANICorNOTLATINO,UNA,UNAFFILIATED,31.0,12312009.0,Age2640,AA165206
ALAMANCE,A,ACTIVE,ALBRITTONTRAVISJENKINS,TRAVISJENKINSALBRITTON,,BLACKorAFRICANAMERICAN,NL,NOTHISPANICorNOTLATINO,DEM,DEMOCRATIC,36.0,,Age2640,BL318172
ALAMANCE,A,ACTIVE,ALBURYDIAMONDMARIE,DIAMONDMARIEALBURY,2010MORNINGSIDEDR,BLACKorAFRICANAMERICAN,UN,UNDESIGNATED,DEM,DEMOCRATIC,20.0,7252012.0,,AA173096
ALAMANCE,A,ACTIVE,ALBURYPRAVIDENCIADIGLORIA,PRAVIDENCIADIGLORIAALBURY,302APPLEST,BLACKorAFRICANAMERICAN,NL,NOTHISPANICorNOTLATINO,DEM,DEMOCRATIC,18.0,,,AA178102
ALAMANCE,A,ACTIVE,ALCANTARIANCARLOS,IANCARLOSALCANTAR,2436FOXFIRELN,WHITE,HL,HISPANICorLATINO,DEM,DEMOCRATIC,19.0,4132012.0,,AA171441
ALAMANCE,A,ACTIVE,ALCHACARKARENHOYLE,KARENHOYLEALCHACAR,204NNINTHST,WHITE,NL,NOTHISPANICorNOTLATINO,REP,REPUBLICAN,51.0,10081985.0,Age4165,AA59221
ALAMANCE,A,ACTIVE,ALCHACARNICOLASRAMEZ,NICOLASRAMEZALCHACAR,204NNINTHST,WHITE,NL,NOTHISPANICorNOTLATINO,REP,REPUBLICAN,,6251993.0,Age4165,AA87551
ALAMANCE,A,ACTIVE,ALCONASHLYNNICOLE,ASHLYNNICOLEALCON,149CUTLERTRL19,WHITE,NL,NOTHISPANICorNOTLATINO,REP,REPUBLICAN,22.0,,,AA176435
ALAMANCE,A,ACTIVE,ALCONBARRYWAYNE,BARRYWAYNEALCON,2251STONEYCREEKCHURCHRD,WHITE,NL,NOTHISPANICorNOTLATINO,REP,REPUBLICAN,50.0,3071980.0,Age4165,AA2309
ALAMANCE,A,ACTIVE,ALCONBILLYGENE,BILLYGENEALCON,1447ELONOSSIPEERD,WHITE,NL,NOTHISPANICorNOTLATINO,REP,REPUBLICAN,73.0,4181968.0,AgeOver66,AA2310
ALAMANCE,A,ACTIVE,ALCONDEBBIELAMM,DEBBIELAMMALCON,2746OLDNCHWY87,WHITE,UN,UNDESIGNATED,REP,REPUBLICAN,,8192002.0,Age4165,AA127771
ALAMANCE,A,ACTIVE,ALCONDEBRALYNN,DEBRALYNNALCON,3009WINSTONDRAPT84,WHITE,NL,NOTHISPANICorNOTLATINO,REP,REPUBLICAN,55.0,4182005.0,Age4165,AA143475
ALAMANCE,A,ACTIVE,ALCONETHAN,ETHANALCON,1349MILESCHAPELRD,WHITE,NL,NOTHISPANICorNOTLATINO,UNA,UNAFFILIATED,20.0,9292012.0,,AA175824
ALAMANCE,A,ACTIVE,ALCONFAYETAYLOR,FAYETAYLORALCON,2335VENIEST,WHITE,NL,NOTHISPANICorNOTLATINO,REP,REPUBLICAN,78.0,,AgeOver66,AA2315
ALAMANCE,A,ACTIVE,ALCONJACKIEEUGENE,JACKIEEUGENEALCON,2746OLDNCHWY87,WHITE,UN,UNDESIGNATED,DEM,DEMOCRATIC,58.0,,Age4165,AA131647
ALAMANCE,A,ACTIVE,ALCONJAMESMARK,JAMESMARKALCON,2400ROGERSRD,WHITE,NL,NOTHISPANICorNOTLATINO,REP,REPUBLICAN,,10051987.0,Age4165,AA62397
ALAMANCE,A,ACTIVE,ALCONJENNIFERMAE,JENNIFERMAEALCON,2400ROGERSRD,WHITE,NL,NOTHISPANICorNOTLATINO,UNA,UNAFFILIATED,25.0,,,AA158835
ALAMANCE,A,ACTIVE,ALCONJESSICALAYNE,JESSICALAYNEALCON,3553ALTAMAHAWRACETRACKRD,WHITE,UN,UNDESIGNATED,DEM,DEMOCRATIC,32.0,8272004.0,Age2640,AA136709
ALAMANCE,A,ACTIVE,ALCONJOSHUAMICHAEL,JOSHUAMICHAELALCON,1349MILESCHAPELRD,WHITE,UN,UNDESIGNATED,REP,REPUBLICAN,24.0,10232012.0,,AA178232
ALAMANCE,A,ACTIVE,ALCONLISAMOORE,,2400ROGERSRD,WHITE,NL,NOTHISPANICorNOTLATINO,REP,REPUBLICAN,,10051987.0,Age4165,AA62398
ALAMANCE,A,ACTIVE,ALCONLISAWHITLEY,,2251STONEYCREEKCHURCHRD,WHITE,NL,NOTHISPANICorNOTLATINO,REP,REPUBLICAN,,11171983.0,Age4165,
ALAMANCE,A,ACTIVE,ALCONLOISLOWE,,1447ELONOSSIPEERD,WHITE,NL,NOTHISPANICorNOTLATINO,REP,REPUBLICAN,72.0,4181968.0,AgeOver66,AA2318
ALAMANCE,R,REMOVED,ALCONLUCYJONES,,1670WESTBROOKAVE,WHITE,NL,NOTHISPANICorNOTLATINO,REP,REPUBLICAN,88.0,10071972.0,AgeOver66,AA2319
ALAMANCE,A,ACTIVE,ALCONMATTHEWWAYNE,,2251STONEYCREEKCHURCHRD,WHITE,UN,UNDESIGNATED,REP,REPUBLICAN,25.0,11072005.0,,AA145129
ALAMANCE,A,ACTIVE,ALCONMICHAELRAY,,4444NNCHWY87,WHITE,NL,NOTHISPANICorNOTLATINO,UNA,UNAFFILIATED,52.0,3232000.0,Age4165,AA117488
ALAMANCE,A,ACTIVE,ALCONMICHAELWAYNE,,3617SUTTONST,WHITE,UN,UNDESIGNATED,REP,REPUBLICAN,57.0,11012008.0,Age4165,AA162340
ALAMANCE,A,ACTIVE,ALCONPEGGYGAY,PEGGYGAYALCON,4444NNCHWY87,WHITE,UN,UNDESIGNATED,REP,REPUBLICAN,53.0,,Age4165,AA140181
ALAMANCE,A,ACTIVE,ALCONSUSANBOONE,SUSANBOONEALCON,1518TROLLINGWOODHAWFIELDSRD11,WHITE,NL,NOTHISPANICorNOTLATINO,REP,REPUBLICAN,58.0,9082008.0,Age4165,AA156779
ALAMANCE,A,ACTIVE,ALCONTAMMYSIMPSON,TAMMYSIMPSONALCON,3617SUTTONST,WHITE,NL,NOTHISPANICorNOTLATINO,REP,REPUBLICAN,,12181990.0,Age4165,AA75862
ALAMANCE,A,ACTIVE,ALCORNBRIANSCOTT,BRIANSCOTTALCORN,,WHITE,NL,NOTHISPANICorNOTLATINO,REP,REPUBLICAN,43.0,,Age4165,AA112296
ALAMANCE,A,ACTIVE,ALCORNNANCYCHATHAM,NANCYCHATHAMALCORN,,WHITE,NL,NOTHISPANICorNOTLATINO,DEM,DEMOCRATIC,53.0,10031986.0,Age4165,AA60998
ALAMANCE,A,ACTIVE,ALCORNPATRICIAANN,PATRICIAANNALCORN,2744TRAILTWO,WHITE,NL,NOTHISPANICorNOTLATINO,REP,REPUBLICAN,72.0,,AgeOver66,AA2325
ALAMANCE,A,ACTIVE,ALCORNRICHARDIRVIN,RICHARDIRVINALCORN,2744TRAILTWO,WHITE,NL,NOTHISPANICorNOTLATINO,REP,REPUBLICAN,77.0,,AgeOver66,AA2326
ALAMANCE,A,ACTIVE,ALCORNSANDRAKAY,SANDRAKAYALCORN,220THADDR,WHITE,NL,NOTHISPANICorNOTLATINO,DEM,DEMOCRATIC,,10061980.0,Age4165,AA2327
ALAMANCE,A,ACTIVE,ALDERCHRISTINEMARIE,CHRISTINEMARIEALDER,419TIGHFIELDDR,WHITE,NL,NOTHISPANICorNOTLATINO,DEM,DEMOCRATIC,55.0,,Age4165,EH572831
ALAMANCE,A,ACTIVE,ALDERRICHARDE,RICHARDEALDER,419TIGHFIELDDR,WHITE,UN,UNDESIGNATED,UNA,UNAFFILIATED,62.0,11132006.0,Age4165,EH575832
ALAMANCE,A,ACTIVE,ALDERETELISAMARIE,,2156JAMESBOSWELLRD112,OTHER,HL,HISPANICorLATINO,UNA,UNAFFILIATED,32.0,2032004.0,Age2640,AA132850
ALAMANCE,D,DENIED,ALDERETELISAMARIE,,2417USHWY70,ASIAN,HL,HISPANICorLATINO,UNA,UNAFFILIATED,32.0,7032002.0,Age2640,AA126867
ALAMANCE,A,ACTIVE,ALDERMANCALLIEKEAMS,CALLIEKEAMSALDERMAN,700EHAGGARDAVE202,WHITE,NL,NOTHISPANICorNOTLATINO,REP,REPUBLICAN,19.0,,,AA176786
ALAMANCE,A,ACTIVE,ALDERMANCANDYCAROL,CANDYCAROLALDERMAN,2933AALFREDRD,WHITE,NL,NOTHISPANICorNOTLATINO,REP,REPUBLICAN,43.0,7091999.0,Age4165,AA114761
ALAMANCE,A,ACTIVE,ALDERMANCASEYJORDAN,CASEYJORDANALDERMAN,2933ALFREDRDA,WHITE,NL,NOTHISPANICorNOTLATINO,REP,REPUBLICAN,20.0,10282010.0,,AA167319
ALAMANCE,A,ACTIVE,ALDERMANCHARLESWALTER,CHARLESWALTERALDERMAN,2933ALFREDRD,WHITE,NL,NOTHISPANICorNOTLATINO,UNA,UNAFFILIATED,70.0,,AgeOver66,AA96142
ALAMANCE,A,ACTIVE,ALDERMANCLARAGARDNER,CLARAGARDNERALDERMAN,2933ALFREDRD,WHITE,NL,NOTHISPANICorNOTLATINO,UNA,UNAFFILIATED,70.0,1161998.0,AgeOver66,AA108906
ALAMANCE,A,ACTIVE,ALDERMANDARLENECLAPP,DARLENECLAPPALDERMAN,3030MAPLEAVE,WHITE,NL,NOTHISPANICorNOTLATINO,REP,REPUBLICAN,64.0,7171991.0,Age4165,AA77751
ALAMANCE,A,ACTIVE,ALDERMANDAWNCLARKE,DAWNCLARKEALDERMAN,2833SNCHWY8737,WHITE,UN,UNDESIGNATED,REP,REPUBLICAN,37.0,9251996.0,Age2640,AA102304
ALAMANCE,I,INACTIVE,ALDERMANFREDELBERTJR,FREDELBERTALDERMANJR,2833SNCHWY8737,WHITE,NL,NOTHISPANICorNOTLATINO,UNA,UNAFFILIATED,38.0,1311996.0,Age2640,AA97184
ALAMANCE,R,REMOVED,ALDERMANJOYCEELLEN,JOYCEELLENALDERMAN,1835CONNERSCT,WHITE,NL,NOTHISPANICorNOTLATINO,UNA,UNAFFILIATED,59.0,6302004.0,Age4165,AA136023
ALAMANCE,A,ACTIVE,ALDERMANPATTIJ,PATTIJALDERMAN,,WHITE,NL,NOTHISPANICorNOTLATINO,REP,REPUBLICAN,61.0,3031992.0,Age4165,AA80063
ALAMANCE,A,ACTIVE,ALDERMANROGERHAMILTON,ROGERHAMILTONALDERMAN,3030MAPLEAVE,WHITE,NL,NOTHISPANICorNOTLATINO,REP,REPUBLICAN,66.0,,AgeOver66,AA103427
ALAMANCE,I,INACTIVE,ALDERMANRONNYPAUL,RONNYPAULALDERMAN,1835CONNERSCT,WHITE,NL,NOTHISPANICorNOTLATINO,REP,REPUBLICAN,63.0,10082003.0,Age4165,AA131524
ALAMANCE,D,DENIED,ALDERSONJESSICALEAH,JESSICALEAHALDERSON,,WHITE,NL,NOTHISPANICorNOTLATINO,UNA,UNAFFILIATED,28.0,3042003.0,Age2640,AA129642
ALAMANCE,I,INACTIVE,ALDERSONKENNETHRAY,KENNETHRAYALDERSON,636PLANTATIONDR,UNDESIGNATED,UN,UNDESIGNATED,UNA,UNAFFILIATED,37.0,3141997.0,Age2640,AA105711
ALAMANCE,R,REMOVED,ALDOUSMAEKIDMAN,,2817BLANCHEDR,WHITE,NL,NOTHISPANICorNOTLATINO,DEM,DEMOCRATIC,76.0,12071973.0,AgeOver66,AA2342
ALAMANCE,A,ACTIVE,ALDRICHALICHIAWRIGHT,ALICHIAWRIGHTALDRICH,507EVERETTST109A,WHITE,UN,UNDESIGNATED,REP,REPUBLICAN,58.0,10252012.0,Age4165,AA178311
ALAMANCE,R,REMOVED,ALDRICHALICHIAWRIGHT,ALICHIAWRIGHTALDRICH,4124NCHWY5433,WHITE,NL,NOTHISPANICorNOTLATINO,REP,REPUBLICAN,58.0,4182001.0,Age4165,AA123385
ALAMANCE,A,ACTIVE,ALDRICHBRANDONCRAIG,BRANDONCRAIGALDRICH,3107CALLOWAYDR,WHITE,NL,NOTHISPANICorNOTLATINO,UNA,UNAFFILIATED,28.0,11052002.0,Age2640,AA128478
ALAMANCE,A,ACTIVE,ALDRICHJAMESWILLIAM,JAMESWILLIAMALDRICH,260DAKOTADR,WHITE,NL,NOTHISPANICorNOTLATINO,REP,REPUBLICAN,54.0,8292002.0,Age4165,AA127505
ALAMANCE,R,REMOVED,ALDRICHRODNEYARNOLD,RODNEYARNOLDALDRICH,4124NCHWY5433,WHITE,NL,NOTHISPANICorNOTLATINO,REP,REPUBLICAN,59.0,9252000.0,Age4165,AA120238
ALAMANCE,R,REMOVED,ALDRICHTIMOTHYANDREW,TIMOTHYANDREWALDRICH,513WILDWOODLN,WHITE,NL,NOTHISPANICorNOTLATINO,REP,REPUBLICAN,,8201996.0,Age4165,AA101214
ALAMANCE,A,ACTIVE,ALDRIDGEAMANDAWOOD,AMANDAWOODALDRIDGE,7123VIRGINIALAMMDR,WHITE,UN,UNDESIGNATED,REP,REPUBLICAN,30.0,6162008.0,Age2640,CG74029
ALAMANCE,A,ACTIVE,ALDRIDGEAMBERNEAL,AMBERNEALALDRIDGE,6109STOCKARDRD,WHITE,NL,NOTHISPANICorNOTLATINO,UNA,UNAFFILIATED,26.0,10082004.0,Age2640,AA140185
ALAMANCE,A,ACTIVE,ALDRIDGEANGELBYRD,ANGELBYRDALDRIDGE,5381SPRINGVIEWCT,WHITE,NL,NOTHISPANICorNOTLATINO,REP,REPUBLICAN,39.0,11231992.0,Age2640,AA86108
ALAMANCE,A,ACTIVE,ALDRIDGEBARBARADARNELL,BARBARADARNELLALDRIDGE,,WHITE,NL,NOTHISPANICorNOTLATINO,REP,REPUBLICAN,39.0,5182004.0,Age2640,AA134377
ALAMANCE,I,INACTIVE,ALDRIDGEBETTYWRIGHT,BETTYWRIGHTALDRIDGE,721CENTERAVE,WHITE,NL,NOTHISPANICorNOTLATINO,DEM,DEMOCRATIC,,1291983.0,Age4165,
ALAMANCE,A,ACTIVE,ALDRIDGEBLAIRDONEVAN,BLAIRDONEVANALDRIDGE,4164JIMMYBOWLESRD,WHITE,UN,UNDESIGNATED,DEM,DEMOCRATIC,28.0,4182008.0,Age2640,AT20179
ALAMANCE,A,ACTIVE,ALDRIDGEBRETT,BRETTALDRIDGE,2318WOODDUCKDR,WHITE,UN,UNDESIGNATED,REP,REPUBLICAN,28.0,4302008.0,Age2640,AA154902
ALAMANCE,A,ACTIVE,ALDRIDGEBRIANMICHAEL,BRIANMICHAELALDRIDGE,6018CHURCHRD,WHITE,NL,NOTHISPANICorNOTLATINO,DEM,DEMOCRATIC,31.0,5122006.0,Age2640,AA146376
ALAMANCE,A,ACTIVE,ALDRIDGECAROLMEDLIN,CAROLMEDLINALDRIDGE,6161STOCKARDRD,WHITE,NL,NOTHISPANICorNOTLATINO,DEM,DEMOCRATIC,62.0,9261982.0,Age4165,AA2345
ALAMANCE,A,ACTIVE,ALDRIDGECAROLRUDD,CAROLRUDDALDRIDGE,885YAMOTARD,WHITE,NL,NOTHISPANICorNOTLATINO,DEM,DEMOCRATIC,63.0,9141972.0,Age4165,AA2346
ALAMANCE,A,ACTIVE,ALDRIDGECHADELLIS,CHADELLISALDRIDGE,4164JIMMYBOWLESRD,WHITE,NL,NOTHISPANICorNOTLATINO,REP,REPUBLICAN,28.0,12112008.0,Age2640,AA162462
ALAMANCE,A,ACTIVE,ALDRIDGECHARLESKENNETH,CHARLESKENNETHALDRIDGE,1876BURCHBRIDGERD,WHITE,NL,NOTHISPANICorNOTLATINO,REP,REPUBLICAN,64.0,3271980.0,Age4165,AA2348
ALAMANCE,A,ACTIVE,ALDRIDGECHRISTINERUDD,CHRISTINERUDDALDRIDGE,502STONEWALLDR,WHITE,NL,NOTHISPANICorNOTLATINO,REP,REPUBLICAN,37.0,9022008.0,Age2640,DK32499
ALAMANCE,A,ACTIVE,ALDRIDGECHRISTOPHERROSS,CHRISTOPHERROSSALDRIDGE,2228GWYNRD,WHITE,NL,NOTHISPANICorNOTLATINO,DEM,DEMOCRATIC,32.0,4191999.0,Age2640,AA114045
ALAMANCE,A,ACTIVE,ALDRIDGECYNTHIAMICHELLE,CYNTHIAMICHELLEALDRIDGE,2315MELFIELDDR,BLACKorAFRICANAMERICAN,UN,UNDESIGNATED,DEM,DEMOCRATIC,,3192007.0,Age4165,AT18982
ALAMANCE,I,INACTIVE,ALDRIDGEDAVIDHUNTER,DAVIDHUNTERALDRIDGE,721CENTERAVE,WHITE,NL,NOTHISPANICorNOTLATINO,REP,REPUBLICAN,55.0,6211989.0,Age4165,AA69585
ALAMANCE,A,ACTIVE,ALDRIDGEDEBORAHBOONE,DEBORAHBOONEALDRIDGE,1876BURCHBRIDGERD,WHITE,NL,NOTHISPANICorNOTLATINO,REP,REPUBLICAN,57.0,1241973.0,Age4165,AA2350
ALAMANCE,A,ACTIVE,ALDRIDGEEVERLENEOLIVE,EVERLENEOLIVEALDRIDGE,3118HOLLYWOODDR,WHITE,UN,UNDESIGNATED,REP,REPUBLICAN,77.0,,AgeOver66,AA2353
ALAMANCE,A,ACTIVE,ALDRIDGEFAYEHUTCHERSON,FAYEHUTCHERSONALDRIDGE,910HILLCRESTAVE,WHITE,NL,NOTHISPANICorNOTLATINO,UNA,UNAFFILIATED,59.0,2101997.0,Age4165,AA105381
ALAMANCE,A,ACTIVE,ALDRIDGEGARYVAUGHN,GARYVAUGHNALDRIDGE,1843SMAINST,WHITE,NL,NOTHISPANICorNOTLATINO,DEM,DEMOCRATIC,63.0,4141992.0,Age4165,AA81193
ALAMANCE,A,ACTIVE,ALDRIDGEGENELAYTONJR,GENELAYTONALDRIDGEJR,3224STALEYSTORERD,WHITE,NL,NOTHISPANICorNOTLATINO,REP,REPUBLICAN,52.0,1051983.0,Age4165,AA2354
ALAMANCE,A,ACTIVE,ALDRIDGEGEORGEKEENAN,GEORGEKEENANALDRIDGE,6132STOCKARDRD,WHITE,UN,UNDESIGNATED,REP,REPUBLICAN,53.0,8242012.0,Age4165,AA174421
ALAMANCE,A,ACTIVE,ALDRIDGEGLENNSAM,GLENNSAMALDRIDGE,6161STOCKARDRD,WHITE,NL,NOTHISPANICorNOTLATINO,DEM,DEMOCRATIC,63.0,3281972.0,Age4165,AA2356
ALAMANCE,A,ACTIVE,ALDRIDGEHEITHDWAYNE,HEITHDWAYNEALDRIDGE,2424DRYCREEKLN15,WHITE,NL,NOTHISPANICorNOTLATINO,UNA,UNAFFILIATED,24.0,6232010.0,,AA165804
ALAMANCE,A,ACTIVE,ALDRIDGEJAMESHARRISJR,JAMESHARRISALDRIDGEJR,885YAMOTARD,WHITE,NL,NOTHISPANICorNOTLATINO,DEM,DEMOCRATIC,64.0,9011972.0,Age4165,AA2359
ALAMANCE,A,ACTIVE,ALDRIDGEJAMESMICHAEL,JAMESMICHAELALDRIDGE,6018CHURCHRD,WHITE,NL,NOTHISPANICorNOTLATINO,DEM,DEMOCRATIC,58.0,3281972.0,Age4165,AA2360
ALAMANCE,A,ACTIVE,ALDRIDGEJAMESPHILLIP,JAMESPHILLIPALDRIDGE,255BILLALDRIDGERD,WHITE,NL,NOTHISPANICorNOTLATINO,REP,REPUBLICAN,71.0,4291968.0,AgeOver66,AA2382
ALAMANCE,I,INACTIVE,ALDRIDGEJAMESALBERT,JAMESALBERTALDRIDGE,409WINCHESTERDR,WHITE,UN,UNDESIGNATED,REP,REPUBLICAN,40.0,11022004.0,Age2640,AA141429
ALAMANCE,A,ACTIVE,ALDRIDGEJANEVAUGHN,JANEVAUGHNALDRIDGE,1843SMAINST,WHITE,NL,NOTHISPANICorNOTLATINO,DEM,DEMOCRATIC,85.0,10251952.0,AgeOver66,AA2361
ALAMANCE,A,ACTIVE,ALDRIDGEJEFFREYTODD,JEFFREYTODDALDRIDGE,206WMCKINLEYST,WHITE,NL,NOTHISPANICorNOTLATINO,DEM,DEMOCRATIC,41.0,6142011.0,Age4165,AA168732
ALAMANCE,A,ACTIVE,ALDRIDGEJENNIFERLARAINE,JENNIFERLARAINEALDRIDGE,3006MANSFIELDRD,WHITE,UN,UNDESIGNATED,DEM,DEMOCRATIC,27.0,7082004.0,Age2640,AA135188
ALAMANCE,A,ACTIVE,ALDRIDGEJEREMYDANIEL,JEREMYDANIELALDRIDGE,3331MISTYHOLLOWCT,WHITE,NL,NOTHISPANICorNOTLATINO,UNA,UNAFFILIATED,27.0,1292010.0,Age2640,AA165347
ALAMANCE,A,ACTIVE,ALDRIDGEJERRYMICHAEL,JERRYMICHAELALDRIDGE,,WHITE,NL,NOTHISPANICorNOTLATINO,DEM,DEMOCRATIC,54.0,12071993.0,Age4165,AA88784
ALAMANCE,A,ACTIVE,ALDRIDGEJUDYANN,JUDYANNALDRIDGE,6543SNCHWY87,WHITE,UN,UNDESIGNATED,REP,REPUBLICAN,67.0,10012008.0,AgeOver66,AA158444
ALAMANCE,A,ACTIVE,ALDRIDGEKATHRINELYNN,KATHRINELYNNALDRIDGE,612SIDEVIEWST,WHITE,NL,NOTHISPANICorNOTLATINO,UNA,UNAFFILIATED,28.0,5102002.0,Age2640,AA126322
ALAMANCE,A,ACTIVE,ALDRIDGELESLIEBRADLEY,LESLIEBRADLEYALDRIDGE,2228GWYNRD,WHITE,NL,NOTHISPANICorNOTLATINO,REP,REPUBLICAN,32.0,10242000.0,Age2640,AA122051
ALAMANCE,A,ACTIVE,ALDRIDGELEWISBENJAMINIV,LEWISBENJAMINALDRIDGEIV,,WHITE,UN,UNDESIGNATED,REP,REPUBLICAN,,11022004.0,Age4165,AA141430
ALAMANCE,A,ACTIVE,ALDRIDGELEWISBENJAMINIII,LEWISBENJAMINALDRIDGEIII,6543SNCHWY87,WHITE,NL,NOTHISPANICorNOTLATINO,UNA,UNAFFILIATED,69.0,3301972.0,AgeOver66,AA2366
ALAMANCE,A,ACTIVE,ALDRIDGELINDAGARNER,LINDAGARNERALDRIDGE,6018CHURCHRD,WHITE,NL,NOTHISPANICorNOTLATINO,DEM,DEMOCRATIC,55.0,4141976.0,Age4165,AA2367
ALAMANCE,A,ACTIVE,ALDRIDGEMARVINMALCOLMJR,,3212MEBANEROGERSRD,WHITE,NL,NOTHISPANICorNOTLATINO,REP,REPUBLICAN,57.0,12022009.0,Age4165,AA165078
ALAMANCE,R,REMOVED,ALDRIDGEMARVINMALCOM,,3039MEBANEROGERSRD,WHITE,NL,NOTHISPANICorNOTLATINO,DEM,DEMOCRATIC,86.0,5151948.0,AgeOver66,AA2370
ALAMANCE,R,REMOVED,ALDRIDGEMARYKATHERINEWI,,6108STOCKARDRD,WHITE,NL,NOTHISPANICorNOTLATINO,DEM,DEMOCRATIC,89.0,5061944.0,AgeOver66,AA2372
ALAMANCE,A,ACTIVE,ALDRIDGEMARYHELENKECK,,255BILLALDRIDGERD,WHITE,NL,NOTHISPANICorNOTLATINO,REP,REPUBLICAN,66.0,4201968.0,AgeOver66,AA2371
ALAMANCE,A,ACTIVE,ALDRIDGEMELISSALYNNE,,624WDAVISST3D,WHITE,NL,NOTHISPANICorNOTLATINO,DEM,DEMOCRATIC,30.0,7182000.0,Age2640,AA118781
ALAMANCE,A,ACTIVE,ALDRIDGENANCYDANIELS,NANCYDANIELSALDRIDGE,3224STALEYSTORERD,WHITE,NL,NOTHISPANICorNOTLATINO,REP,REPUBLICAN,52.0,10041980.0,Age4165,AA2374
ALAMANCE,A,ACTIVE,ALDRIDGENANCYSHEPHERD,NANCYSHEPHERDALDRIDGE,8139SNOWCAMPRD,WHITE,NL,NOTHISPANICorNOTLATINO,REP,REPUBLICAN,60.0,1061972.0,Age4165,
ALAMANCE,A,ACTIVE,ALDRIDGENELLMARGARET,NELLMARGARETALDRIDGE,2960MEBANEROGERSRD,WHITE,NL,NOTHISPANICorNOTLATINO,DEM,DEMOCRATIC,89.0,,AgeOver66,AA2375
ALAMANCE,A,ACTIVE,ALDRIDGEPATRICIACOBB,PATRICIACOBBALDRIDGE,310ALBANYST,WHITE,NL,NOTHISPANICorNOTLATINO,DEM,DEMOCRATIC,64.0,4081980.0,Age4165,AA2379
ALAMANCE,A,ACTIVE,ALDRIDGEPAULTIMOTHY,PAULTIMOTHYALDRIDGE,6543SNCHWY87,WHITE,NL,NOTHISPANICorNOTLATINO,REP,REPUBLICAN,,10041992.0,Age4165,AA84009
ALAMANCE,A,ACTIVE,ALDRIDGEPEGGYLUETTA,PEGGYLUETTAALDRIDGE,2737ARMFIELDAVE,WHITE,NL,NOTHISPANICorNOTLATINO,DEM,DEMOCRATIC,59.0,2051979.0,Age4165,AA2381
ALAMANCE,A,ACTIVE,ALDRIDGEROGERALBERT,ROGERALBERTALDRIDGE,910HILLCRESTAVE,WHITE,NL,NOTHISPANICorNOTLATINO,REP,REPUBLICAN,62.0,11051996.0,Age4165,AA104338
ALAMANCE,A,ACTIVE,ALDRIDGEROGERBRIAN,ROGERBRIANALDRIDGE,502STONEWALLDR,WHITE,NL,NOTHISPANICorNOTLATINO,REP,REPUBLICAN,39.0,8272008.0,Age2640,DK32500
ALAMANCE,R,REMOVED,ALDRIDGEROGERBRIAN,ROGERBRIANALDRIDGE,1823ROBBIECT,WHITE,NL,NOTHISPANICorNOTLATINO,REP,REPUBLICAN,39.0,8241993.0,Age2640,AA87883
ALAMANCE,A,ACTIVE,ALDRIDGERONALDLEE,RONALDLEEALDRIDGE,3006MANSFIELDRD,WHITE,NL,NOTHISPANICorNOTLATINO,DEM,DEMOCRATIC,59.0,3031997.0,Age4165,AA105382
ALAMANCE,A,ACTIVE,ALDRIDGESHARONLEWIS,SHARONLEWISALDRIDGE,401DERBYCT,WHITE,UN,UNDESIGNATED,REP,REPUBLICAN,,10081990.0,Age4165,AA74493
ALAMANCE,A,ACTIVE,ALDRIDGESHELBYRONEY,SHELBYRONEYALDRIDGE,1711BDEEPCREEKCHURCHRD,WHITE,NL,NOTHISPANICorNOTLATINO,REP,REPUBLICAN,73.0,9271980.0,AgeOver66,AA2384
ALAMANCE,A,ACTIVE,ALDRIDGESTEVIELYNN,STEVIELYNNALDRIDGE,2207BURCHBRIDGERD22,WHITE,NL,NOTHISPANICorNOTLATINO,UNA,UNAFFILIATED,24.0,6232010.0,,AA165805
ALAMANCE,A,ACTIVE,ALDRIDGESUSANGREEN,SUSANGREENALDRIDGE,2318WOODDUCKDR,WHITE,NL,NOTHISPANICorNOTLATINO,DEM,DEMOCRATIC,28.0,6062002.0,Age2640,AA126668
ALAMANCE,A,ACTIVE,ALDRIDGESYLVANUSELLISONJR,SYLVANUSELLISONALDRIDGEJR,8139SNOWCAMPRD,WHITE,NL,NOTHISPANICorNOTLATINO,REP,REPUBLICAN,65.0,10011980.0,Age4165,AA2386
ALAMANCE,A,ACTIVE,ALDRIDGETOMMYLEE,TOMMYLEEALDRIDGE,401DERBYCT,WHITE,NL,NOTHISPANICorNOTLATINO,REP,REPUBLICAN,,9142004.0,Age4165,AA137698
ALAMANCE,A,ACTIVE,ALDRIDGEWINFREDEUGENE,WINFREDEUGENEALDRIDGE,3118HOLLYWOODDR,WHITE,NL,NOTHISPANICorNOTLATINO,REP,REPUBLICAN,78.0,5051962.0,AgeOver66,AA2391
ALAMANCE,A,ACTIVE,ALEFEMILYLITMAN,EMILYLITMANALEF,1601AQUINASCT,WHITE,NL,NOTHISPANICorNOTLATINO,REP,REPUBLICAN,73.0,11152011.0,AgeOver66,BY3299
ALAMANCE,A,ACTIVE,ALEFJOSEPHTHOMASJR,JOSEPHTHOMASALEFJR,1601AQUINASCT,WHITE,NL,NOTHISPANICorNOTLATINO,UNA,UNAFFILIATED,75.0,11152011.0,AgeOver66,BY3300
ALAMANCE,A,ACTIVE,ALEGRIADOLLYHORNER,DOLLYHORNERALEGRIA,4432WILDLIFELN,WHITE,NL,NOTHISPANICorNOTLATINO,REP,REPUBLICAN,67.0,2131989.0,AgeOver66,AA68976
ALAMANCE,I,INACTIVE,ALEGRIAJOSELUIS,JOSELUISALEGRIA,,OTHER,HL,HISPANICorLATINO,DEM,DEMOCRATIC,38.0,1292009.0,Age2640,AA163356
ALAMANCE,A,ACTIVE,ALEJOANTHONYCAMILO,ANTHONYCAMILOALEJO,700EHAGGARDAVEH104,UNDESIGNATED,UN,UNDESIGNATED,UNA,UNAFFILIATED,18.0,10032012.0,,AA175807
ALAMANCE,A,ACTIVE,ALEJOGABRIELCANUTO,GABRIELCANUTOALEJO,613AUDREYLN,OTHER,HL,HISPANICorLATINO,DEM,DEMOCRATIC,,7022008.0,Age4165,AA164104
ALAMANCE,A,ACTIVE,ALEJOPEDRO,PEDROALEJO,613AUDREYLN,OTHER,HL,HISPANICorLATINO,UNA,UNAFFILIATED,18.0,9262012.0,,AA175319
ALAMANCE,A,ACTIVE,ALEJOROBERTOTAPIA,ROBERTOTAPIAALEJO,,UNDESIGNATED,HL,HISPANICorLATINO,UNA,UNAFFILIATED,42.0,6062012.0,Age4165,AA172370
ALAMANCE,A,ACTIVE,ALEMANMELISSAANN,,2779LONGPINERD,WHITE,UN,UNDESIGNATED,DEM,DEMOCRATIC,28.0,9202010.0,Age2640,AA166820
ALAMANCE,A,ACTIVE,ALESHIREEMMETTLORINGJR,EMMETTLORINGALESHIREJR,601BROOKFIELDDR,WHITE,NL,,DEM,DEMOCRATIC,65.0,6021994.0,Age4165,AA90289
ALAMANCE,A,ACTIVE,ALESHIREJONATHANDANIEL,JONATHANDANIELALESHIRE,1720OLDSTMARK'SCHURCHRD23A,WHITE,NL,,DEM,DEMOCRATIC,28.0,6152007.0,Age2640,AA149836
ALAMANCE,A,ACTIVE,ALESHIRELYNDARAINEY,,601BROOKFIELDDR,WHITE,NL,,DEM,DEMOCRATIC,70.0,4071994.0,AgeOver66,AA89811
ALAMANCE,D,DENIED,ALESSANDROGUYTHOMAS,GUYTHOMASALESSANDRO,600NMARSHALLST,WHITE,NL,,UNA,UNAFFILIATED,33.0,2161999.0,Age2640,AA113639
ALAMANCE,A,ACTIVE,ALEXANDERAMYS,AMYSALEXANDER,,WHITE,NL,,DEM,DEMOCRATIC,58.0,11181997.0,Age4165,AA108012
ALAMANCE,A,ACTIVE,ALEXANDERAMYLEEANN,AMYLEEANNALEXANDER,3826TIMBERRIDGELAKERD,WHITE,NL,,UNA,UNAFFILIATED,28.0,6112003.0,Age2640,AA130479
ALAMANCE,R,REMOVED,ALEXANDERARVENABURNETTE,ARVENABURNETTEALEXANDER,534ROCKWOODDR,BLACKorAFRICANAMERICAN,NL,,DEM,DEMOCRATIC,88.0,8171992.0,AgeOver66,AA82709
ALAMANCE,A,ACTIVE,ALEXANDERATCHLEYADSON,ATCHLEYADSONALEXANDER,2470SNCHWY87,WHITE,NL,,DEM,DEMOCRATIC,82.0,3131980.0,AgeOver66,AA2395
ALAMANCE,A,ACTIVE,ALEXANDERBARBARALYNNE,BARBARALYNNEALEXANDER,1710WEDGEWOODDR,WHITE,UN,UNDESIGNATED,DEM,DEMOCRATIC,72.0,9082011.0,AgeOver66,DB194390
ALAMANCE,A,ACTIVE,ALEXANDERBETSYK,BETSYKALEXANDER,2567SNCHWY1199,WHITE,NL,,REP,REPUBLICAN,,,Age4165,AA68671
ALAMANCE,A,ACTIVE,ALEXANDERBETTYANDERSON,BETTYANDERSONALEXANDER,3727WADECOBLEDR314,WHITE,NL,,DEM,DEMOCRATIC,87.0,,AgeOver66,AA2396
ALAMANCE,A,ACTIVE,ALEXANDERCHARLESLESTERII,CHARLESLESTERALEXANDERII,1765CARLNOAHRD,WHITE,NL,,REP,REPUBLICAN,51.0,9131996.0,Age4165,AA101900
ALAMANCE,A,ACTIVE,ALEXANDERCHRISTINALARA,CHRISTINALARAALEXANDER,,WHITE,NL,,REP,REPUBLICAN,34.0,6041999.0,Age2640,AA114349
ALAMANCE,A,ACTIVE,ALEXANDERCHRISTINAJEANEEN,CHRISTINAJEANEENALEXANDER,606QUAKERCREEKDR,TWOorMORERACES,UN,UNDESIGNATED,UNA,UNAFFILIATED,25.0,,,AA159147
ALAMANCE,A,ACTIVE,ALEXANDERCHRISTYDIANE,CHRISTYDIANEALEXANDER,719SBROADST,WHITE,NL,,UNA,UNAFFILIATED,42.0,4161996.0,Age4165,AA99278
ALAMANCE,A,ACTIVE,ALEXANDERCRYSTALWHITE,CRYSTALWHITEALEXANDER,610MEADOWST,WHITE,NL,,REP,REPUBLICAN,31.0,9291999.0,Age2640,AA115890
ALAMANCE,A,ACTIVE,ALEXANDERDANIELRAY,DANIELRAYALEXANDER,603TRACYDRD,WHITE,NL,,DEM,DEMOCRATIC,31.0,6232010.0,Age2640,AA165806
ALAMANCE,A,ACTIVE,ALEXANDERDAVIDJAMES,DAVIDJAMESALEXANDER,3437SHEPHERDRD18,WHITE,NL,,UNA,UNAFFILIATED,28.0,9282012.0,Age2640,AA163440
ALAMANCE,R,REMOVED,ALEXANDERDAVIDNEWBERRY,DAVIDNEWBERRYALEXANDER,39SHERRYDR,UNDESIGNATED,UN,UNDESIGNATED,REP,REPUBLICAN,53.0,9042008.0,Age4165,AA156714
ALAMANCE,A,ACTIVE,ALEXANDERDAVINALENORA,DAVINALENORAALEXANDER,2575ELDERMONTST102,TWOorMORERACES,NL,,DEM,DEMOCRATIC,44.0,2132012.0,Age4165,DE242184
ALAMANCE,A,ACTIVE,ALEXANDERDEBORAHKAY,DEBORAHKAYALEXANDER,809VIRGINIAAVE,WHITE,UN,UNDESIGNATED,DEM,DEMOCRATIC,42.0,10302008.0,Age4165,AA162107
ALAMANCE,A,ACTIVE,ALEXANDERDEBRASTEPHENS,DEBRASTEPHENSALEXANDER,,BLACKorAFRICANAMERICAN,UN,UNDESIGNATED,DEM,DEMOCRATIC,,11191998.0,Age4165,AA112962
ALAMANCE,A,ACTIVE,ALEXANDERDERRICKVASHON,DERRICKVASHONALEXANDER,232SLATEDR,BLACKorAFRICANAMERICAN,NL,,DEM,DEMOCRATIC,34.0,11132007.0,Age2640,AA151239
ALAMANCE,A,ACTIVE,ALEXANDERDONNASPRINGER,DONNASPRINGERALEXANDER,,WHITE,NL,,UNA,UNAFFILIATED,62.0,8012006.0,Age4165,BN142578
ALAMANCE,A,ACTIVE,ALEXANDERDORTHYLYN,DORTHYLYNALEXANDER,410SUNLANDDR,WHITE,NL,,DEM,DEMOCRATIC,40.0,11222006.0,Age2640,AA148131
ALAMANCE,A,ACTIVE,ALEXANDEREDITHFRANCIS,EDITHFRANCISALEXANDER,523SHADOWBROOKDR,WHITE,UN,UNDESIGNATED,REP,REPUBLICAN,63.0,1151972.0,Age4165,AA2404
ALAMANCE,A,ACTIVE,ALEXANDEREMMETJR,EMMETALEXANDERJR,1001CAMDENST,BLACKorAFRICANAMERICAN,UN,UNDESIGNATED,DEM,DEMOCRATIC,40.0,6252004.0,Age2640,AA135133
ALAMANCE,R,REMOVED,ALEXANDEREMMETSR,EMMETALEXANDERSR,1001CAMDENST,BLACKorAFRICANAMERICAN,NL,,DEM,DEMOCRATIC,74.0,11021982.0,AgeOver66,AA2406
ALAMANCE,I,INACTIVE,ALEXANDEREPHRIAMJR,EPHRIAMALEXANDERJR,,WHITE,NL,,DEM,DEMOCRATIC,42.0,,Age4165,AA95950
ALAMANCE,A,ACTIVE,ALEXANDERFAITHGABRIELLE,FAITHGABRIELLEALEXANDER,613CAMERONST,BLACKorAFRICANAMERICAN,NL,,DEM,DEMOCRATIC,25.0,7092007.0,,AA150084
ALAMANCE,A,ACTIVE,ALEXANDERFAYEYPAYNE,FAYEYPAYNEALEXANDER,3900KNOXCT,WHITE,NL,,UNA,UNAFFILIATED,86.0,1172003.0,AgeOver66,AA129230
ALAMANCE,R,REMOVED,ALEXANDERFRANKDOUGLAS,FRANKDOUGLASALEXANDER,534ROCKWOODDR,BLACKorAFRICANAMERICAN,NL,,REP,REPUBLICAN,91.0,2181992.0,AgeOver66,AA79699
ALAMANCE,A,ACTIVE,ALEXANDERGAILDURHAM,GAILDURHAMALEXANDER,1765CARLNOAHRD,WHITE,NL,,REP,REPUBLICAN,51.0,3311992.0,Age4165,AA80544
ALAMANCE,A,ACTIVE,ALEXANDERGAYLETHOMAS,GAYLETHOMASALEXANDER,1880BROOKWOODAVE103,WHITE,UN,UNDESIGNATED,DEM,DEMOCRATIC,81.0,10271962.0,AgeOver66,AA2408
ALAMANCE,R,REMOVED,ALEXANDERHAROLDEDWARD,HAROLDEDWARDALEXANDER,1627WYCLIFFCT,WHITE,NL,,DEM,DEMOCRATIC,88.0,,AgeOver66,AA2411
ALAMANCE,A,ACTIVE,ALEXANDERHEATHERJACKSON,HEATHERJACKSONALEXANDER,609CARRAWAYDR,WHITE,NL,,REP,REPUBLICAN,34.0,3192009.0,Age2640,DX17857
ALAMANCE,A,ACTIVE,ALEXANDERHOYLEBRADLEYJR,HOYLEBRADLEYALEXANDERJR,,WHITE,NL,,REP,REPUBLICAN,71.0,2031999.0,AgeOver66,AA113129
ALAMANCE,A,ACTIVE,ALEXANDERJACOBCLAY,JACOBCLAYALEXANDER,3301SNCHWY87,WHITE,NL,,REP,REPUBLICAN,59.0,9291988.0,Age4165,AA66559
ALAMANCE,A,ACTIVE,ALEXANDERJACQUELINEMICHELLE,JACQUELINEMICHELLEALEXANDER,315WILLIAMSONST,WHITE,NL,,UNA,UNAFFILIATED,,2202009.0,Age4165,BY508011
ALAMANCE,A,ACTIVE,ALEXANDERJACQUELINECAROLINE,JACQUELINECAROLINEALEXANDER,1608EDOGWOODDR,BLACKorAFRICANAMERICAN,NL,,DEM,DEMOCRATIC,42.0,9182000.0,Age4165,AA119928
ALAMANCE,A,ACTIVE,ALEXANDERJANEHARRISON,JANEHARRISONALEXANDER,623CABLERD,WHITE,NL,,DEM,DEMOCRATIC,78.0,5161964.0,AgeOver66,AA2414
ALAMANCE,A,ACTIVE,ALEXANDERJANICESTEPHENS,JANICESTEPHENSALEXANDER,3307CARRIAGEPL,WHITE,NL,,REP,REPUBLICAN,63.0,1111979.0,Age4165,AA2416
ALAMANCE,A,ACTIVE,ALEXANDERJEANETTEWOOD,JEANETTEWOODALEXANDER,3301SNCHWY87,WHITE,NL,,REP,REPUBLICAN,58.0,9291988.0,Age4165,AA66560
ALAMANCE,A,ACTIVE,ALEXANDERJENNIFERLYNN,JENNIFERLYNNALEXANDER,1258CHERRYLNRD,WHITE,NL,,UNA,UNAFFILIATED,36.0,,Age2640,AA148039
ALAMANCE,I,INACTIVE,ALEXANDERJEWELKAYMARIE,JEWELKAYMARIEALEXANDER,603TRACYDRD,WHITE,NL,,DEM,DEMOCRATIC,29.0,6232010.0,Age2640,AA165807
ALAMANCE,R,REMOVED,ALEXANDERJILLCHRISTIANSEN,JILLCHRISTIANSENALEXANDER,726IVEYRDE,WHITE,NL,,UNA,UNAFFILIATED,37.0,6191998.0,Age2640,AA110625
ALAMANCE,A,ACTIVE,ALEXANDERJODENISE,JODENISEALEXANDER,217CARRIAGELOOP,BLACKorAFRICANAMERICAN,NL,,DEM,DEMOCRATIC,56.0,9291999.0,Age4165,AA115634
ALAMANCE,A,ACTIVE,ALEXANDERJOANNEGANT,JOANNEGANTALEXANDER,1010SHORTST,BLACKorAFRICANAMERICAN,UN,UNDESIGNATED,DEM,DEMOCRATIC,60.0,8212000.0,Age4165,AA119327
ALAMANCE,A,ACTIVE,ALEXANDERJOECARROLL,JOECARROLLALEXANDER,423OLSENDR,WHITE,NL,,DEM,DEMOCRATIC,73.0,9191992.0,AgeOver66,AA83009
ALAMANCE,A,ACTIVE,ALEXANDERJOSEPHEDWARD,JOSEPHEDWARDALEXANDER,100WINGEDFOOTCT,WHITE,UN,UNDESIGNATED,REP,REPUBLICAN,29.0,,Age2640,CH39827
ALAMANCE,A,ACTIVE,ALEXANDERJOSEPHINEMOORE,JOSEPHINEMOOREALEXANDER,2470SNCHWY87,WHITE,NL,,DEM,DEMOCRATIC,88.0,8261956.0,AgeOver66,AA2417
ALAMANCE,A,ACTIVE,ALEXANDERJOSHUACHRISTOPHER,JOSHUACHRISTOPHERALEXANDER,,WHITE,NL,,UNA,UNAFFILIATED,37.0,3022000.0,Age2640,AA117158
ALAMANCE,A,ACTIVE,ALEXANDERJOSHUACLAY,JOSHUACLAYALEXANDER,609CARRAWAYDR,WHITE,NL,,UNA,UNAFFILIATED,36.0,10052012.0,Age2640,EH519340
ALAMANCE,A,ACTIVE,ALEXANDERKATHRYNSTUTTS,KATHRYNSTUTTSALEXANDER,1880BROOKWOODAVE103,WHITE,UN,UNDESIGNATED,DEM,DEMOCRATIC,84.0,5091964.0,AgeOver66,AA2420
ALAMANCE,A,ACTIVE,ALEXANDERKEITHLEDON,KEITHLEDONALEXANDER,629NEWST,BLACKorAFRICANAMERICAN,UN,UNDESIGNATED,DEM,DEMOCRATIC,38.0,10062008.0,Age2640,BY411593
ALAMANCE,R,REMOVED,ALEXANDERKIMBERLYANN,KIMBERLYANNALEXANDER,1700ROSLYNDR27A,WHITE,NL,,DEM,DEMOCRATIC,,9122002.0,Age4165,AA127772
ALAMANCE,I,INACTIVE,ALEXANDERKRISTENDELANE,KRISTENDELANEALEXANDER,,WHITE,NL,,DEM,DEMOCRATIC,31.0,12102007.0,Age2640,DE230712
ALAMANCE,A,ACTIVE,ALEXANDERLAWRENCEBRENT,LAWRENCEBRENTALEXANDER,1765CARLNOAHRD,WHITE,NL,,UNA,UNAFFILIATED,26.0,5312012.0,Age2640,AA138788
ALAMANCE,A,ACTIVE,ALEXANDERLECILEMMETT,LECILEMMETTALEXANDER,,WHITE,NL,,UNA,UNAFFILIATED,64.0,7102006.0,Age4165,BN140993
ALAMANCE,A,ACTIVE,ALEXANDERLINDSEYFERRELL,,1720OLDSTMARK'SCHURCHRD81A,WHITE,NL,,UNA,UNAFFILIATED,29.0,9222004.0,Age2640,AA138077
ALAMANCE,A,ACTIVE,ALEXANDERLINDSEYCORNETTE,,100WINGEDFOOTCT,WHITE,NL,,DEM,DEMOCRATIC,28.0,10032007.0,Age2640,AA135309
ALAMANCE,A,ACTIVE,ALEXANDERLORENE,,,WHITE,NL,,REP,REPUBLICAN,59.0,11241997.0,Age4165,AA108013
ALAMANCE,A,ACTIVE,ALEXANDERLYNDANICOLE,,1804BELMONTST,BLACKorAFRICANAMERICAN,NL,,DEM,DEMOCRATIC,56.0,10072002.0,Age4165,AA128214
ALAMANCE,A,ACTIVE,ALEXANDERMAGGIELOUISE,,1523MAPLEAVE,BLACKorAFRICANAMERICAN,NL,,DEM,DEMOCRATIC,64.0,,Age4165,AA2867
ALAMANCE,R,REMOVED,ALEXANDERMARVIN,,206NIRELANDSTE,BLACKorAFRICANAMERICAN,NL,,DEM,DEMOCRATIC,44.0,10061986.0,Age4165,AA60734
ALAMANCE,A,ACTIVE,ALEXANDERMARYRUTH,,233SGURNEYST,WHITE,NL,,,DEMOCRATIC,85.0,10051987.0,AgeOver66,AA62443
ALAMANCE,A,ACTIVE,ALEXANDERMARYMOELLER,,,WHITE,NL,,UNA,UNAFFILIATED,70.0,2031999.0,AgeOver66,AA113130
ALAMANCE,A,ACTIVE,ALEXANDERMATTHEWJAMES,,1710SYKESST,WHITE,NL,,UNA,UNAFFILIATED,36.0,2162009.0,Age2640,BY508008
ALAMANCE,A,ACTIVE,ALEXANDERMICHAELJAMES,,1258CHERRYLN,UNDESIGNATED,UN,UNDESIGNATED,REP,REPUBLICAN,35.0,5082012.0,Age2640,AA171687
ALAMANCE,A,ACTIVE,ALEXANDERMYRTICEMOULTON,MYRTICEMOULTONALEXANDER,1505JONHUSCT,WHITE,NL,,UNA,UNAFFILIATED,83.0,1121978.0,AgeOver66,AA2423
ALAMANCE,A,ACTIVE,ALEXANDERPAULJACKSON,PAULJACKSONALEXANDER,523SHADOWBROOKDR,WHITE,NL,,REP,REPUBLICAN,69.0,1131972.0,AgeOver66,AA2424
ALAMANCE,I,INACTIVE,ALEXANDERRANDALLCHARLESJR,RANDALLCHARLESALEXANDERJR,7857WOLFELN,WHITE,NL,,UNA,UNAFFILIATED,35.0,2242003.0,Age2640,AA129599
ALAMANCE,A,ACTIVE,ALEXANDERRHONDAKAYE,RHONDAKAYEALEXANDER,,WHITE,UN,UNDESIGNATED,DEM,DEMOCRATIC,52.0,9082004.0,Age4165,AA137292
ALAMANCE,A,ACTIVE,ALEXANDERRICKYPARCELL,RICKYPARCELLALEXANDER,,BLACKorAFRICANAMERICAN,UN,UNDESIGNATED,DEM,DEMOCRATIC,52.0,4212010.0,Age4165,CW833997
ALAMANCE,R,REMOVED,ALEXANDERRICKYE,RICKYEALEXANDER,416NEWST,BLACKorAFRICANAMERICAN,NL,,DEM,DEMOCRATIC,,9131996.0,Age4165,AA101902
ALAMANCE,A,ACTIVE,ALEXANDERRUHLROMAINE,RUHLROMAINEALEXANDER,2007TRAILFIVE,WHITE,NL,,DEM,DEMOCRATIC,68.0,9181980.0,AgeOver66,AA2428
ALAMANCE,A,ACTIVE,ALEXANDERRYANMATTHEW,RYANMATTHEWALEXANDER,,WHITE,NL,,UNA,UNAFFILIATED,28.0,9232002.0,Age2640,AA128011
ALAMANCE,R,REMOVED,ALEXANDERSCOTTJACKSON,SCOTTJACKSONALEXANDER,726IVEYRDE,WHITE,NL,,DEM,DEMOCRATIC,37.0,9042002.0,Age2640,AA127773
ALAMANCE,R,REMOVED,ALEXANDERSCOTTCOLLINS,SCOTTCOLLINSALEXANDER,,WHITE,NL,,UNA,UNAFFILIATED,30.0,2102000.0,Age2640,AA116811
ALAMANCE,A,ACTIVE,ALEXANDERSEANEEGARRIS,SEANEEGARRISALEXANDER,232SLATEDR,BLACKorAFRICANAMERICAN,NL,,DEM,DEMOCRATIC,37.0,8032007.0,Age2640,BL287451
ALAMANCE,A,ACTIVE,ALEXANDERSHIRLEYTURNER,SHIRLEYTURNERALEXANDER,423OLSENDR,WHITE,NL,,DEM,DEMOCRATIC,74.0,1181991.0,AgeOver66,AA76708
ALAMANCE,I,INACTIVE,ALEXANDERSTEVENDUDLEY,STEVENDUDLEYALEXANDER,1622FLORAAVE,WHITE,NL,,UNA,UNAFFILIATED,44.0,8031998.0,Age4165,AA111089
ALAMANCE,A,ACTIVE,ALEXANDERSUSANELAINE,SUSANELAINEALEXANDER,1720OLDSTMARK'SCHURCHRD93A,WHITE,NL,,DEM,DEMOCRATIC,27.0,5022012.0,Age2640,BB81345
ALAMANCE,A,ACTIVE,ALEXANDERTINAMARIE,TINAMARIEALEXANDER,1328RAYONST,BLACKorAFRICANAMERICAN,UN,UNDESIGNATED,UNA,UNAFFILIATED,54.0,,Age4165,AA140291
ALAMANCE,A,ACTIVE,ALEXANDERTREAVISMATHUS,TREAVISMATHUSALEXANDER,1523MAPLEAVE,BLACKorAFRICANAMERICAN,NL,,DEM,DEMOCRATIC,64.0,10041976.0,Age4165,AA2429
ALAMANCE,A,ACTIVE,ALEXANDERTREVORJAMES,TREVORJAMESALEXANDER,410SUNLANDDR,BLACKorAFRICANAMERICAN,NL,,DEM,DEMOCRATIC,,9182006.0,Age4165,AA147601
ALAMANCE,R,REMOVED,ALEXANDERVELSIEANDERSON,VELSIEANDERSONALEXANDER,2533TOMANDERSONRD,BLACKorAFRICANAMERICAN,NL,,DEM,DEMOCRATIC,78.0,9161997.0,AgeOver66,AA107541
ALAMANCE,A,ACTIVE,ALEXANDERVIRGINIATAYLOR,VIRGINIATAYLORALEXANDER,2007TRAILFIVE,WHITE,NL,,UNA,UNAFFILIATED,64.0,9251980.0,Age4165,AA2430
ALAMANCE,A,ACTIVE,ALEXANDERWILLIAMHALLIEIII,WILLIAMHALLIEALEXANDERIII,610MEADOWST,WHITE,NL,,DEM,DEMOCRATIC,32.0,4202000.0,Age2640,AA117957
ALAMANCE,A,ACTIVE,ALEXANDERGREENECHRISTINEMARIE,CHRISTINEMARIEALEXANDERGREENE,2475LYNCHSTORERD,BLACKorAFRICANAMERICAN,NL,,DEM,DEMOCRATIC,43.0,6162005.0,Age4165,AA143868
ALAMANCE,A,ACTIVE,ALEXANDERGREENERICHARDWADE,RICHARDWADEALEXANDERGREENE,2475LYNCHSTORERD,BLACKorAFRICANAMERICAN,NL,,DEM,DEMOCRATIC,44.0,8302004.0,Age4165,AA136961
ALAMANCE,A,ACTIVE,ALFANOCHRISTOPHERSCOTT,CHRISTOPHERSCOTTALFANO,1543CHARLEIGHCT,WHITE,UN,UNDESIGNATED,,DEMOCRATIC,41.0,8282008.0,Age4165,AA138040
ALAMANCE,A,ACTIVE,ALFANOCONSTANCESCOTT,CONSTANCESCOTTALFANO,1543CHARLEIGHCT,WHITE,NL,,REP,REPUBLICAN,63.0,10041992.0,Age4165,AA84754
ALAMANCE,A,ACTIVE,ALFANOHEATHERCHRISTINE,HEATHERCHRISTINEALFANO,1543CHARLEIGHCT,WHITE,NL,,DEM,DEMOCRATIC,18.0,3092012.0,Age1825,AA170628
ALAMANCE,A,ACTIVE,ALFANOJOHNANTHONY,JOHNANTHONYALFANO,1543CHARLEIGHCT,WHITE,NL,,UNA,UNAFFILIATED,69.0,10041992.0,AgeOver66,AA84756
ALAMANCE,A,ACTIVE,ALFAROIRISESTHER,IRISESTHERALFARO,617TRACYDRF,OTHER,HL,HISPANICorLATINO,,DEMOCRATIC,42.0,6172005.0,Age4165,AA143833
ALAMANCE,A,ACTIVE,ALFAROCRUZANAYOLANDA,ANAYOLANDAALFAROCRUZ,3571PHILLIPSCHAPELRD,UNDESIGNATED,HL,HISPANICorLATINO,UNA,UNAFFILIATED,21.0,6232010.0,Age1825,AA165939
ALAMANCE,A,ACTIVE,ALFAROMALDINERAHERBERT,HERBERTALFAROMALDINERA,2159CANTERBURYDR,UNDESIGNATED,HL,HISPANICorLATINO,,DEMOCRATIC,28.0,,Age2640,AA177075
ALAMANCE,A,ACTIVE,ALFMANLAURENHOPE,LAURENHOPEALFMAN,306SAWGRASSCT,WHITE,UN,UNDESIGNATED,UNA,UNAFFILIATED,20.0,9182012.0,Age1825,AA174935
ALAMANCE,A,ACTIVE,ALFONSOALEJANDROARGELIO,ALEJANDROARGELIOALFONSO,,WHITE,NL,,UNA,UNAFFILIATED,36.0,6022011.0,Age2640,AA168672
ALAMANCE,A,ACTIVE,ALFONSOMARCELINOLOPEZ,,6901BIGWOODSRD,OTHER,HL,HISPANICorLATINO,,DEMOCRATIC,19.0,1132012.0,Age1825,AA170078
ALAMANCE,A,ACTIVE,ALFORDBETTYBECK,BETTYBECKALFORD,2306FAUCETTELN,WHITE,NL,,UNA,UNAFFILIATED,69.0,10081973.0,AgeOver66,AA2434
ALAMANCE,A,ACTIVE,ALFORDBEVERLYJEAN,BEVERLYJEANALFORD,1514SHADYLAWNDR,WHITE,NL,,,DEMOCRATIC,64.0,11191971.0,Age4165,AA2435
ALAMANCE,A,ACTIVE,ALFORDDONNAGRIFFIN,DONNAGRIFFINALFORD,1618FINNSBURYDR,WHITE,NL,,REP,REPUBLICAN,44.0,9061994.0,Age4165,AA91092
ALAMANCE,A,ACTIVE,ALFORDJACQUELYNTHOMPSON,JACQUELYNTHOMPSONALFORD,1710HIGHVIEWST,WHITE,NL,,,DEMOCRATIC,86.0,1101979.0,AgeOver66,AA2437
ALAMANCE,A,ACTIVE,ALFORDJAMESDONALD,JAMESDONALDALFORD,2306FAUCETTELN,WHITE,NL,,REP,REPUBLICAN,71.0,4091979.0,AgeOver66,AA2438
ALAMANCE,A,ACTIVE,ALFORDJERRYFRANKLIN,JERRYFRANKLINALFORD,512SFLANNERST,WHITE,NL,,,DEMOCRATIC,69.0,10041976.0,AgeOver66,AA2440
ALAMANCE,A,ACTIVE,ALFORDKARENJOY,KARENJOYALFORD,2318CHURCHILLDR,WHITE,NL,,UNA,UNAFFILIATED,60.0,9022004.0,Age4165,AA137061
ALAMANCE,A,ACTIVE,ALFORDKEVINEUGENE,KEVINEUGENEALFORD,1618FINNSBURYDR,WHITE,NL,,REP,REPUBLICAN,44.0,12052011.0,Age4165,AA169847
ALAMANCE,A,ACTIVE,ALFORDLESHAWNTERRELL,LESHAWNTERRELLALFORD,1920NCOSBYCT,BLACKorAFRICANAMERICAN,NL,,,DEMOCRATIC,39.0,5112001.0,Age2640,AA123386
ALAMANCE,A,ACTIVE,ALFORDMARCELLAMOORE,,1920NCOSBYCT,BLACKorAFRICANAMERICAN,NL,,,DEMOCRATIC,37.0,12161994.0,Age2640,AA92267
ALAMANCE,A,ACTIVE,ALFORDNELLIEMARIE,NELLIEMARIEALFORD,1615MORNINGSIDEDRB,BLACKorAFRICANAMERICAN,NL,,,DEMOCRATIC,82.0,7032007.0,AgeOver66,AA150049
ALAMANCE,A,ACTIVE,ALFORDPATSYCHANDLER,PATSYCHANDLERALFORD,913PATTONST,BLACKorAFRICANAMERICAN,UN,UNDESIGNATED,,DEMOCRATIC,57.0,12041991.0,Age4165,AA79138
ALAMANCE,R,REMOVED,ALFORDRUBYWADDELL,RUBYWADDELLALFORD,,WHITE,NL,NOTHISPANICorNOTLATINO,REP,REPUBLICAN,76.0,8241988.0,AgeOver66,AA65624
ALAMANCE,A,ACTIVE,ALFORDWILLIAMLIII,WILLIAMLALFORDIII,1710HIGHVIEWST,WHITE,UN,UNDESIGNATED,,DEMOCRATIC,67.0,9242012.0,AgeOver66,AA174936
ALAMANCE,A,ACTIVE,ALFORDWILLIAMCORY,WILLIAMCORYALFORD,2318CHURCHILLDR,WHITE,NL,NOTHISPANICorNOTLATINO,UNA,UNAFFILIATED,30.0,9042004.0,Age2640,AA137111
ALAMANCE,A,ACTIVE,ALFORDWILLIAM,WILLIAMALFORD,2318CHURCHILLDR,WHITE,NL,NOTHISPANICorNOTLATINO,UNA,UNAFFILIATED,61.0,7122004.0,Age4165,AA137504
ALAMANCE,A,ACTIVE,ALFREDFRANKABBOTTJR,FRANKABBOTTALFREDJR,6616TREELINEDCT,WHITE,NL,NOTHISPANICorNOTLATINO,REP,REPUBLICAN,76.0,5042006.0,AgeOver66,AA146377
ALAMANCE,A,ACTIVE,ALFREDGREGORYSCOTT,GREGORYSCOTTALFRED,6616TREELINEDCT,WHITE,UN,UNDESIGNATED,UNA,UNAFFILIATED,39.0,1302006.0,Age2640,AA145799
ALAMANCE,A,ACTIVE,ALFREDKERRYMICHAEL,KERRYMICHAELALFRED,8520BLACKWALNUTCT,WHITE,NL,NOTHISPANICorNOTLATINO,REP,REPUBLICAN,43.0,6021987.0,Age4165,AA62250
ALAMANCE,A,ACTIVE,ALFREDTINARENE,TINARENEALFRED,8520BLACKWALNUTCT,WHITE,NL,NOTHISPANICorNOTLATINO,REP,REPUBLICAN,44.0,,Age4165,AA131810
ALAMANCE,A,ACTIVE,ALFREDWILMACHEEK,WILMACHEEKALFRED,6616TREELINEDCT,WHITE,NL,NOTHISPANICorNOTLATINO,REP,REPUBLICAN,73.0,5042006.0,AgeOver66,AA146378
ALAMANCE,A,ACTIVE,ALFREDRUSSELLELLENTOY,ELLENTOYALFREDRUSSELL,2418ADAMSFARMCT,WHITE,NL,NOTHISPANICorNOTLATINO,REP,REPUBLICAN,,9141996.0,Age4165,AA101904
ALAMANCE,A,ACTIVE,ALIHUDAMAHMOUD,HUDAMAHMOUDALI,208REDSTONECT,BLACKorAFRICANAMERICAN,NL,NOTHISPANICorNOTLATINO,,DEMOCRATIC,39.0,10272008.0,Age2640,AA161820
ALAMANCE,A,ACTIVE,ALIFFROBERTALEE,ROBERTALEEALIFF,343BALDWINRDD24,WHITE,NL,NOTHISPANICorNOTLATINO,,DEMOCRATIC,71.0,6042003.0,AgeOver66,AA130412
ALAMANCE,D,DENIED,ALKSNISMICHAELARENDS,,1902SAXAPAHAWBETHLEHEMCHURCHRDC,WHITE,NL,NOTHISPANICorNOTLATINO,UNA,UNAFFILIATED,27.0,9022005.0,Age2640,AA144549
ALAMANCE,A,ACTIVE,ALKULADEBORAHWICK,DEBORAHWICKALKULA,502SFOURTHST,WHITE,NL,NOTHISPANICorNOTLATINO,UNA,UNAFFILIATED,60.0,6071996.0,Age4165,AA99986
ALAMANCE,I,INACTIVE,ALKULAJACQUELINEEVETT,JACQUELINEEVETTALKULA,1414TERRYWOODRD307,WHITE,NL,NOTHISPANICorNOTLATINO,REP,REPUBLICAN,59.0,10011996.0,Age4165,AA102587
ALAMANCE,A,ACTIVE,ALLABACHGRETCHENMARIE,GRETCHENMARIEALLABACH,837KIMBERLYRD,WHITE,UN,UNDESIGNATED,,DEMOCRATIC,27.0,7192004.0,Age2640,AA136945
ALAMANCE,A,ACTIVE,ALLANCORTNEYMARIE,CORTNEYMARIEALLAN,405SFIFTHST,WHITE,NL,NOTHISPANICorNOTLATINO,REP,REPUBLICAN,30.0,3212000.0,Age2640,AA117350
ALAMANCE,R,REMOVED,ALLANFRANKJOSEPH,FRANKJOSEPHALLAN,405SFIFTHST,WHITE,NL,NOTHISPANICorNOTLATINO,REP,REPUBLICAN,26.0,4162004.0,Age2640,AA133929
ALAMANCE,A,ACTIVE,ALLANMIRANDAELIZABETH,MIRANDAELIZABETHALLAN,,WHITE,UN,UNDESIGNATED,,DEMOCRATIC,20.0,,Age1825,AA176932
ALAMANCE,A,ACTIVE,ALLANPHYLLISTHOMPSON,PHYLLISTHOMPSONALLAN,1328TUCKERST,WHITE,UN,UNDESIGNATED,REP,REPUBLICAN,54.0,9181976.0,Age4165,AA12353
ALAMANCE,A,ACTIVE,ALLANTHEODOREJAMES,THEODOREJAMESALLAN,1328TUCKERST,WHITE,NL,NOTHISPANICorNOTLATINO,REP,REPUBLICAN,,12081994.0,Age4165,AA91931
ALAMANCE,A,ACTIVE,ALLARDBRANDYKAY,BRANDYKAYALLARD,305SMITHST,WHITE,NL,NOTHISPANICorNOTLATINO,UNA,UNAFFILIATED,34.0,12051996.0,Age2640,AA104343
ALAMANCE,A,ACTIVE,ALLARDCHARLESDAVID,CHARLESDAVIDALLARD,305SMITHST,WHITE,NL,NOTHISPANICorNOTLATINO,DEM,DEMOCRATIC,34.0,12051996.0,Age2640,AA104345
ALAMANCE,A,ACTIVE,ALLARDKARENELAINE,KARENELAINEALLARD,1402EHARDENST5,WHITE,NL,NOTHISPANICorNOTLATINO,REP,REPUBLICAN,,3032010.0,Age4165,AA165483
ALAMANCE,A,ACTIVE,ALLBERTAMBERROSE,AMBERROSEALLBERT,,WHITE,UN,UNDESIGNATED,UNA,UNAFFILIATED,26.0,5172012.0,Age2640,AA172374
ALAMANCE,I,INACTIVE,ALLBRITTONANGELAJEAN,ANGELAJEANALLBRITTON,212WILKINSRD,WHITE,NL,NOTHISPANICorNOTLATINO,REP,REPUBLICAN,42.0,1131993.0,Age4165,AA86160
ALAMANCE,A,ACTIVE,ALLBRITTONBETTYJEANBRADSHE,BETTYJEANBRADSHEALLBRITTON,212WILKINSRD,WHITE,NL,NOTHISPANICorNOTLATINO,DEM,DEMOCRATIC,75.0,,AgeOver66,AA2449
ALAMANCE,A,ACTIVE,ALLBRITTONDAVIDKEITH,DAVIDKEITHALLBRITTON,212WILKINSRD,WHITE,NL,NOTHISPANICorNOTLATINO,DEM,DEMOCRATIC,,9081986.0,Age4165,AA60350
ALAMANCE,A,ACTIVE,ALLBRITTONISAACDENNIS,ISAACDENNISALLBRITTON,212WILKINSRD,WHITE,NL,NOTHISPANICorNOTLATINO,DEM,DEMOCRATIC,77.0,10261968.0,AgeOver66,AA2450
ALAMANCE,A,ACTIVE,ALLBRITTONJULIEAMANDA,JULIEAMANDAALLBRITTON,305VICKERSST,WHITE,NL,NOTHISPANICorNOTLATINO,UNA,UNAFFILIATED,44.0,3081994.0,Age4165,AA89547
ALAMANCE,A,ACTIVE,ALLBRITTONKIMBERLYJEAN,KIMBERLYJEANALLBRITTON,314HERRONWOODDR,WHITE,NL,NOTHISPANICorNOTLATINO,REP,REPUBLICAN,23.0,3212007.0,Age1825,AA149209
ALAMANCE,A,ACTIVE,ALLBRITTONTIMOTHYDENNIS,TIMOTHYDENNISALLBRITTON,314HERRONWOODDR,WHITE,NL,NOTHISPANICorNOTLATINO,DEM,DEMOCRATIC,,10031983.0,Age4165,AA2451
ALAMANCE,A,ACTIVE,ALLBRITTONWENDYBARKER,WENDYBARKERALLBRITTON,314HERRONWOODDR,WHITE,NL,NOTHISPANICorNOTLATINO,REP,REPUBLICAN,,4301982.0,Age4165,
ALAMANCE,A,ACTIVE,ALLEGRETTOANDREA,ANDREAALLEGRETTO,2414SOMERSAVE,WHITE,NL,NOTHISPANICorNOTLATINO,UNA,UNAFFILIATED,37.0,4291996.0,Age2640,AA99760
ALAMANCE,A,ACTIVE,ALLEGRETTOJACLYNPRIDE,JACLYNPRIDEALLEGRETTO,1809DORSETTST,WHITE,NL,NOTHISPANICorNOTLATINO,REP,REPUBLICAN,35.0,4262002.0,Age2640,AA126295
ALAMANCE,A,ACTIVE,ALLEGRETTOJAMESTHOMAS,JAMESTHOMASALLEGRETTO,1809DORSETTST,WHITE,NL,NOTHISPANICorNOTLATINO,UNA,UNAFFILIATED,40.0,8292002.0,Age2640,AA127507
ALAMANCE,A,ACTIVE,ALLEGRETTOTHOMASDANIEL,THOMASDANIELALLEGRETTO,2414SOMERSAVE,WHITE,NL,NOTHISPANICorNOTLATINO,REP,REPUBLICAN,38.0,6131996.0,Age2640,AA99977
ALAMANCE,A,ACTIVE,ALLEMANCHANDRAFAUST,CHANDRAFAUSTALLEMAN,2038NNCHWY492,UNDESIGNATED,UN,UNDESIGNATED,DEM,DEMOCRATIC,54.0,9142012.0,Age4165,AA174833
ALAMANCE,A,ACTIVE,ALLEMANJENNIFERROSE,JENNIFERROSEALLEMAN,1502EMAINST,WHITE,NL,NOTHISPANICorNOTLATINO,DEM,DEMOCRATIC,35.0,3182008.0,Age2640,BY374147
ALAMANCE,A,ACTIVE,ALLENADELLMEBANE,ADELLMEBANEALLEN,2649WILLIAMALLENRD,BLACKorAFRICANAMERICAN,NL,NOTHISPANICorNOTLATINO,DEM,DEMOCRATIC,78.0,10241960.0,AgeOver66,AA2453
ALAMANCE,R,REMOVED,ALLENAGNESCOMPTON,AGNESCOMPTONALLEN,2502SNCHWY119,WHITE,UN,UNDESIGNATED,DEM,DEMOCRATIC,94.0,9201988.0,AgeOver66,AA66122
ALAMANCE,A,ACTIVE,ALLENALANDREWRAY,ALANDREWRAYALLEN,2649WILLIAMALLENRD,BLACKorAFRICANAMERICAN,NL,NOTHISPANICorNOTLATINO,DEM,DEMOCRATIC,51.0,10302008.0,Age4165,AA162112
ALAMANCE,A,ACTIVE,ALLENALICELYNN,ALICELYNNALLEN,2132YOUNGST,WHITE,NL,NOTHISPANICorNOTLATINO,DEM,DEMOCRATIC,43.0,10051992.0,Age4165,AA84759
ALAMANCE,A,ACTIVE,ALLENALISSAKEREEN,ALISSAKEREENALLEN,,WHITE,NL,,UNA,UNAFFILIATED,30.0,,Age2640,AA131839
ALAMANCE,A,ACTIVE,ALLENALLENISHABEATRICE,ALLENISHABEATRICEALLEN,219BANKSST,BLACKorAFRICANAMERICAN,NL,,UNA,UNAFFILIATED,22.0,7182008.0,Age1825,AA155576
ALAMANCE,A,ACTIVE,ALLENAMBERMCVEY,AMBERMCVEYALLEN,2536CAROLINARD,WHITE,NL,,UNA,UNAFFILIATED,35.0,3211996.0,Age2640,AA98428
ALAMANCE,A,ACTIVE,ALLENAMYWHITT,AMYWHITTALLEN,611STHIRDST,WHITE,NL,,DEM,DEMOCRATIC,50.0,1241984.0,Age4165,AA2456
ALAMANCE,A,ACTIVE,ALLENANDREAMARIE,ANDREAMARIEALLEN,,WHITE,NL,,REP,REPUBLICAN,30.0,6092005.0,Age2640,AA143895
ALAMANCE,A,ACTIVE,ALLENANDREWSTEVEN,ANDREWSTEVENALLEN,5681SWEPSONVILLESAXAPAHAWRD,WHITE,NL,,UNA,UNAFFILIATED,24.0,5132011.0,Age1825,AA168546
ALAMANCE,A,ACTIVE,ALLENANGELAHARRELL,ANGELAHARRELLALLEN,1758ROBINHOODDR,WHITE,NL,,DEM,DEMOCRATIC,39.0,3231992.0,Age2640,AA80266
ALAMANCE,A,ACTIVE,ALLENANGELAADELLE,ANGELAADELLEALLEN,518HILLCRESTAVE,WHITE,NL,,REP,REPUBLICAN,41.0,11211990.0,Age4165,AA76197
ALAMANCE,A,ACTIVE,ALLENANNBLACKWELL,ANNBLACKWELLALLEN,253SHEACT,WHITE,NL,,DEM,DEMOCRATIC,82.0,,AgeOver66,AA2459
ALAMANCE,A,ACTIVE,ALLENANNMARIE,ANNMARIEALLEN,1864TURNERRD,WHITE,NL,,UNA,UNAFFILIATED,60.0,,Age4165,AA151000
ALAMANCE,A,ACTIVE,ALLENANNETTE,ANNETTEALLEN,928SHARPERD70,BLACKorAFRICANAMERICAN,NL,,DEM,DEMOCRATIC,53.0,9261982.0,Age4165,AA2460
ALAMANCE,R,REMOVED,ALLENARLIEJUNIOR,ARLIEJUNIORALLEN,,WHITE,NL,,REP,REPUBLICAN,81.0,1231954.0,AgeOver66,AA2463
ALAMANCE,A,ACTIVE,ALLENASHLEYHINTON,ASHLEYHINTONALLEN,4804BELLEMONTMTHERMONRD6,WHITE,NL,,REP,REPUBLICAN,27.0,2162009.0,Age2640,AA163446
ALAMANCE,A,ACTIVE,ALLENAUSTINDANIEL,AUSTINDANIELALLEN,,WHITE,UN,UNDESIGNATED,REP,REPUBLICAN,21.0,7282010.0,Age1825,AA166422
ALAMANCE,A,ACTIVE,ALLENBARBARAWRIGHT,BARBARAWRIGHTALLEN,3100HERMONHILLCT,WHITE,NL,,UNA,UNAFFILIATED,44.0,11081988.0,Age4165,AA68969
ALAMANCE,A,ACTIVE,ALLENBECKYLYNN,BECKYLYNNALLEN,204NFIRSTST,WHITE,NL,,UNA,UNAFFILIATED,42.0,,Age4165,AA112298
ALAMANCE,A,ACTIVE,ALLENBETSYLAWRENCE,BETSYLAWRENCEALLEN,2516BRIDGEVIEWRD,WHITE,NL,,UNA,UNAFFILIATED,67.0,11262003.0,AgeOver66,AA132182
ALAMANCE,R,REMOVED,ALLENBETTYJEAN,BETTYJEANALLEN,3947NNCHWY119,WHITE,NL,,REP,REPUBLICAN,67.0,6291995.0,AgeOver66,AA94608
ALAMANCE,A,ACTIVE,ALLENBEVERLYMANESS,BEVERLYMANESSALLEN,,WHITE,NL,,REP,REPUBLICAN,55.0,9271984.0,Age4165,
ALAMANCE,A,ACTIVE,ALLENBOBBYCICERO,BOBBYCICEROALLEN,,WHITE,NL,,REP,REPUBLICAN,72.0,5111964.0,AgeOver66,AA2467
ALAMANCE,A,ACTIVE,ALLENBONNIEBASS,BONNIEBASSALLEN,3008OLDCRAIGTRL,WHITE,NL,,REP,REPUBLICAN,65.0,8272010.0,Age4165,DE70409
ALAMANCE,A,ACTIVE,ALLENBRADLEE,BRADLEEALLEN,416COLUMBIAAVE,WHITE,UN,UNDESIGNATED,REP,REPUBLICAN,37.0,11022004.0,Age2640,AA141431
ALAMANCE,A,ACTIVE,ALLENBRADLEYREID,BRADLEYREIDALLEN,1325RIDGECRESTAVE,WHITE,NL,NOTHISPANICorNOTLATINO,DEM,DEMOCRATIC,,8121980.0,Age4165,AA2470
ALAMANCE,A,ACTIVE,ALLENBRENDABRIGHT,BRENDABRIGHTALLEN,407EMCPHERSONDR,WHITE,NL,,DEM,DEMOCRATIC,70.0,1271988.0,AgeOver66,AA63317
ALAMANCE,A,ACTIVE,ALLENBRENDALYERLY,BRENDALYERLYALLEN,1408STANDREWSDR,WHITE,NL,,REP,REPUBLICAN,62.0,5262006.0,Age4165,AA146588
ALAMANCE,A,ACTIVE,ALLENBRENDABOVARA,BRENDABOVARAALLEN,2405TRAILFIVE,WHITE,UN,UNDESIGNATED,UNA,UNAFFILIATED,69.0,,AgeOver66,CZ36928
ALAMANCE,A,ACTIVE,ALLENBRIANSCOTT,BRIANSCOTTALLEN,5504GOUDENLN,WHITE,NL,,REP,REPUBLICAN,21.0,6042012.0,Age1825,AA172333
ALAMANCE,A,ACTIVE,ALLENBRIANNEIL,BRIANNEILALLEN,100LARAMIECT,WHITE,NL,,REP,REPUBLICAN,42.0,2081988.0,Age4165,AA63598
ALAMANCE,A,ACTIVE,ALLENBRIANEDMUND,BRIANEDMUNDALLEN,705KECKRD,WHITE,NL,,DEM,DEMOCRATIC,,9191982.0,Age4165,AA2472
ALAMANCE,A,ACTIVE,ALLENBRITANIESURINA,BRITANIESURINAALLEN,1454MAPLEAVE,BLACKorAFRICANAMERICAN,UN,UNDESIGNATED,DEM,DEMOCRATIC,23.0,3032010.0,Age1825,AA165486
ALAMANCE,A,ACTIVE,ALLENBRITTANYLASHAE,BRITTANYLASHAEALLEN,516EHARDENSTA,BLACKorAFRICANAMERICAN,UN,UNDESIGNATED,DEM,DEMOCRATIC,21.0,,Age1825,AA177554
ALAMANCE,A,ACTIVE,ALLENBRODIEHOLT,BRODIEHOLTALLEN,3947NNCHWY119,WHITE,NL,,REP,REPUBLICAN,66.0,10052000.0,AgeOver66,AA120695
ALAMANCE,A,ACTIVE,ALLENCARLNEALJR,CARLNEALALLENJR,1917CALLIELN,WHITE,UN,UNDESIGNATED,REP,REPUBLICAN,41.0,10042004.0,Age4165,AA139193
ALAMANCE,A,ACTIVE,ALLENCARLARENEE,CARLARENEEALLEN,913PATTONST,BLACKorAFRICANAMERICAN,UN,UNDESIGNATED,DEM,DEMOCRATIC,30.0,8042004.0,Age2640,AA135189
ALAMANCE,I,INACTIVE,ALLENCARMENLYNN,CARMENLYNNALLEN,212ADAMSST,WHITE,NL,,DEM,DEMOCRATIC,32.0,9211998.0,Age2640,AA111515
ALAMANCE,A,ACTIVE,ALLENCAROLWALTON,CAROLWALTONALLEN,712TRAILTWO,WHITE,NL,,UNA,UNAFFILIATED,70.0,2081977.0,AgeOver66,AA2476
ALAMANCE,A,ACTIVE,ALLENCAROLSUMMERS,CAROLSUMMERSALLEN,1238KENWOODDR,BLACKorAFRICANAMERICAN,NL,,DEM,DEMOCRATIC,57.0,9172004.0,Age4165,AA137861
ALAMANCE,I,INACTIVE,ALLENCAROLDENISE,CAROLDENISEALLEN,,BLACKorAFRICANAMERICAN,UN,UNDESIGNATED,DEM,DEMOCRATIC,54.0,5062008.0,Age4165,AA154758
ALAMANCE,A,ACTIVE,ALLENCAROLEENFOUST,CAROLEENFOUSTALLEN,717CLARKRD,WHITE,NL,,DEM,DEMOCRATIC,92.0,5161942.0,AgeOver66,
ALAMANCE,A,ACTIVE,ALLENCAROLYNTERRY,CAROLYNTERRYALLEN,2546LOVETTELN,WHITE,NL,,DEM,DEMOCRATIC,60.0,9201994.0,Age4165,AA91164
ALAMANCE,A,ACTIVE,ALLENCHARISMAEBONY,CHARISMAEBONYALLEN,1515SMEBANEST62,UNDESIGNATED,UN,UNDESIGNATED,DEM,DEMOCRATIC,20.0,4302012.0,Age1825,AA171849
ALAMANCE,A,ACTIVE,ALLENCHARLESGLENN,CHARLESGLENNALLEN,3941BLANCHARDRD,UNDESIGNATED,UN,UNDESIGNATED,UNA,UNAFFILIATED,61.0,,Age4165,AA176622
ALAMANCE,A,ACTIVE,ALLENCHARLESBRUCE,CHARLESBRUCEALLEN,731KECKRD,WHITE,UN,UNDESIGNATED,REP,REPUBLICAN,61.0,5161973.0,Age4165,AA2479
ALAMANCE,A,ACTIVE,ALLENCHARLESARNOLD,CHARLESARNOLDALLEN,748PATTONCT,WHITE,UN,UNDESIGNATED,REP,REPUBLICAN,,8312004.0,Age4165,AA136874
ALAMANCE,A,ACTIVE,ALLENCHARLESMANLEYJR,CHARLESMANLEYALLENJR,3168SHELLYGRAHAMDR,WHITE,NL,,REP,REPUBLICAN,63.0,9021999.0,Age4165,AA115378
ALAMANCE,A,ACTIVE,ALLENCHARLESANTHONY,CHARLESANTHONYALLEN,,BLACKorAFRICANAMERICAN,UN,UNDESIGNATED,UNA,UNAFFILIATED,41.0,10032002.0,Age4165,AA127874
ALAMANCE,R,REMOVED,ALLENCHASITYDAWN,CHASITYDAWNALLEN,784BOONESTATIONDRE,WHITE,UN,UNDESIGNATED,DEM,DEMOCRATIC,36.0,3152004.0,Age2640,AA133318
ALAMANCE,A,ACTIVE,ALLENCHESTERCARSON,CHESTERCARSONALLEN,157FREELANDTRL,BLACKorAFRICANAMERICAN,NL,,DEM,DEMOCRATIC,82.0,4061984.0,AgeOver66,
ALAMANCE,A,ACTIVE,ALLENCHRISRASHAWN,CHRISRASHAWNALLEN,1510SMEBANESTL,UNDESIGNATED,UN,UNDESIGNATED,DEM,DEMOCRATIC,19.0,5072012.0,,AA172119
ALAMANCE,A,ACTIVE,ALLENCHRISTOPHERWAYNE,CHRISTOPHERWAYNEALLEN,3100HERMONHILLCT,WHITE,NL,,UNA,UNAFFILIATED,43.0,,Age4165,AA177584
ALAMANCE,A,ACTIVE,ALLENCIARADANIELLE,CIARADANIELLEALLEN,618DIXONRD,WHITE,NL,,REP,REPUBLICAN,27.0,4012005.0,Age2640,AA143299
ALAMANCE,A,ACTIVE,ALLENCLARENCEKEVIN,CLARENCEKEVINALLEN,3272GILLIAMCHURCHRD,BLACKorAFRICANAMERICAN,NL,,DEM,DEMOCRATIC,44.0,2102010.0,Age4165,AA165393
ALAMANCE,A,ACTIVE,ALLENCLEOGRAVES,CLEOGRAVESALLEN,,WHITE,NL,,DEM,DEMOCRATIC,75.0,10241964.0,AgeOver66,AA2484
ALAMANCE,A,ACTIVE,ALLENCLYDEDONALD,CLYDEDONALDALLEN,712MCCRAYRD,WHITE,NL,,DEM,DEMOCRATIC,69.0,4201968.0,AgeOver66,AA2486
ALAMANCE,A,ACTIVE,ALLENCLYDEJEREMY,CLYDEJEREMYALLEN,4849FARMVIEWDR,WHITE,NL,,REP,REPUBLICAN,60.0,7172002.0,Age4165,AA126935
ALAMANCE,R,REMOVED,ALLENCORINAJ,CORINAJALLEN,8912SNOWCAMPRD,BLACKorAFRICANAMERICAN,NL,,DEM,DEMOCRATIC,97.0,7171976.0,AgeOver66,AA2489
ALAMANCE,I,INACTIVE,ALLENCRYSTALKIME,CRYSTALKIMEALLEN,,WHITE,NL,,REP,REPUBLICAN,,5061998.0,Age4165,AA110005
ALAMANCE,I,INACTIVE,ALLENCYNTHIAWOOD,CYNTHIAWOODALLEN,732CLARKRD,WHITE,NL,,UNA,UNAFFILIATED,55.0,9091994.0,Age4165,AA91091
ALAMANCE,A,ACTIVE,ALLENCYNTHIACARTNER,CYNTHIACARTNERALLEN,524STONEYCREEKCHURCHRD,WHITE,NL,,DEM,DEMOCRATIC,56.0,7161980.0,Age4165,AA2490
ALAMANCE,A,ACTIVE,ALLENCYNTHIAWILSON,CYNTHIAWILSONALLEN,2617JUDYLN,WHITE,UN,UNDESIGNATED,REP,REPUBLICAN,62.0,10072008.0,Age4165,AT18582
ALAMANCE,A,ACTIVE,ALLENDALEEDDIE,DALEEDDIEALLEN,3266NNCHWY87,WHITE,NL,,REP,REPUBLICAN,55.0,10041976.0,Age4165,AA2491
ALAMANCE,R,REMOVED,ALLENDANNYTHOMAS,DANNYTHOMASALLEN,9300BETHELSOUTHFORKRD,WHITE,NL,,REP,REPUBLICAN,69.0,9081997.0,AgeOver66,AA107348
ALAMANCE,A,ACTIVE,ALLENDARRELLBANKS,DARRELLBANKSALLEN,2318YORKTOWNECT,WHITE,NL,,UNA,UNAFFILIATED,74.0,2281974.0,AgeOver66,AA2492
ALAMANCE,A,ACTIVE,ALLENDARRISLEE,DARRISLEEALLEN,,UNDESIGNATED,UN,UNDESIGNATED,DEM,DEMOCRATIC,28.0,5092012.0,Age2640,AA172375
ALAMANCE,A,ACTIVE,ALLENDAVIDLEWIS,DAVIDLEWISALLEN,4959LOWDERRD,WHITE,NL,,UNA,UNAFFILIATED,60.0,9242012.0,Age4165,BC53053
ALAMANCE,A,ACTIVE,ALLENDAVIDLEE,DAVIDLEEALLEN,312EPINEST,WHITE,NL,,DEM,DEMOCRATIC,50.0,10081990.0,Age4165,AA74495
ALAMANCE,A,ACTIVE,ALLENDAVIDGAINES,DAVIDGAINESALLEN,3008PLANTATIONRIDGELN,WHITE,NL,,DEM,DEMOCRATIC,,5202005.0,Age4165,AA143678
ALAMANCE,A,ACTIVE,ALLENDEBBRAMCALISTER,DEBBRAMCALISTERALLEN,,WHITE,UN,UNDESIGNATED,DEM,DEMOCRATIC,54.0,7232012.0,Age4165,AA172382
ALAMANCE,A,ACTIVE,ALLENDEBORAHHURDLE,DEBORAHHURDLEALLEN,402BROWNBARKLN,WHITE,NL,,DEM,DEMOCRATIC,62.0,3251972.0,Age4165,
ALAMANCE,A,ACTIVE,ALLENDEBRALOWDER,DEBRALOWDERALLEN,5142LOWDERRD,WHITE,NL,,DEM,DEMOCRATIC,60.0,10041976.0,Age4165,AA7460
ALAMANCE,A,ACTIVE,ALLENDEBRALOUISE,DEBRALOUISEALLEN,147CARDENPLACEDRF,BLACKorAFRICANAMERICAN,NL,,DEM,DEMOCRATIC,58.0,11012011.0,Age4165,AA169549
ALAMANCE,R,REMOVED,ALLENDELBERTLEE,DELBERTLEEALLEN,707SYCAMORERD,WHITE,NL,,DEM,DEMOCRATIC,81.0,10261968.0,AgeOver66,AA2496
ALAMANCE,A,ACTIVE,ALLENDELONNAFRANCEEN,DELONNAFRANCEENALLEN,318WRUFFINST,INDIANAMERICANorALASKANATIVE,NL,,DEM,DEMOCRATIC,20.0,,,AA169491
ALAMANCE,A,ACTIVE,ALLENDIANEVANCE,DIANEVANCEALLEN,7948AOAKGROVECHURCHRD,WHITE,UN,UNDESIGNATED,REP,REPUBLICAN,59.0,10052004.0,Age4165,AA139299
ALAMANCE,A,ACTIVE,ALLENDIVELLAPAULINE,DIVELLAPAULINEALLEN,2971KENNEDYRD,WHITE,NL,,UNA,UNAFFILIATED,,7242012.0,Age4165,BY3808
ALAMANCE,R,REMOVED,ALLENDONNATEASLEY,DONNATEASLEYALLEN,748PATTONCT,WHITE,NL,,REP,REPUBLICAN,53.0,6302004.0,Age4165,AA136096
ALAMANCE,A,ACTIVE,ALLENDONNALEE,DONNALEEALLEN,318TRAVORAST,WHITE,UN,UNDESIGNATED,DEM,DEMOCRATIC,53.0,11042008.0,Age4165,AA162972
ALAMANCE,A,ACTIVE,ALLENDONNACATOE,DONNACATOEALLEN,6060WILDHORSECANYONRD,WHITE,NL,,DEM,DEMOCRATIC,53.0,1091979.0,Age4165,
ALAMANCE,I,INACTIVE,ALLENDOREENTERRINA,DOREENTERRINAALLEN,4399BLUEHERONLN,BLACKorAFRICANAMERICAN,NL,,DEM,DEMOCRATIC,,,Age4165,AA151001
ALAMANCE,A,ACTIVE,ALLENDORISJEFFREYS,DORISJEFFREYSALLEN,713COLONIALDR,WHITE,NL,,DEM,DEMOCRATIC,92.0,5131950.0,AgeOver66,AA2499
ALAMANCE,A,ACTIVE,ALLENDORISSLADE,DORISSLADEALLEN,420NSTJOHNST,BLACKorAFRICANAMERICAN,NL,,DEM,DEMOCRATIC,55.0,,Age4165,AA2500
ALAMANCE,A,ACTIVE,ALLENDOROTHYLEE,DOROTHYLEEALLEN,,WHITE,NL,,REP,REPUBLICAN,58.0,8281984.0,Age4165,
ALAMANCE,A,ACTIVE,ALLENDREAMAJUNE,DREAMAJUNEALLEN,,WHITE,UN,UNDESIGNATED,DEM,DEMOCRATIC,70.0,10022008.0,AgeOver66,AA158882
ALAMANCE,A,ACTIVE,ALLENER,ERALLEN,1950BELLEMONTALAMANCERD,WHITE,NL,,REP,REPUBLICAN,74.0,10061988.0,AgeOver66,AA67487
ALAMANCE,R,REMOVED,ALLENEBERNEARL,EBERNEARLALLEN,2557BRUCEWOODRD,WHITE,NL,,REP,REPUBLICAN,72.0,9061991.0,AgeOver66,AA78355
ALAMANCE,A,ACTIVE,ALLENEDDIEWILLIAMSR,EDDIEWILLIAMALLENSR,2006MORNINGSIDEDRB,BLACKorAFRICANAMERICAN,NL,,DEM,DEMOCRATIC,,10012008.0,Age4165,AA158445
ALAMANCE,A,ACTIVE,ALLENEDDIEWILLIAMJR,EDDIEWILLIAMALLENJR,419EHILLSTF,BLACKorAFRICANAMERICAN,NL,,DEM,DEMOCRATIC,29.0,7212008.0,Age2640,AA155577
ALAMANCE,R,REMOVED,ALLENEDITHSWINK,EDITHSWINKALLEN,708PROVIDENCERD,WHITE,NL,,DEM,DEMOCRATIC,84.0,3301988.0,AgeOver66,AA64616
ALAMANCE,A,ACTIVE,ALLENEDWARDODELLIII,EDWARDODELLALLENIII,3008OLDCRAIGTRL,WHITE,NL,,REP,REPUBLICAN,81.0,8272010.0,AgeOver66,DE70394
ALAMANCE,A,ACTIVE,ALLENELIZABETHGANTT,ELIZABETHGANTTALLEN,705KECKRD,WHITE,NL,,DEM,DEMOCRATIC,,10071981.0,Age4165,AA16822
ALAMANCE,A,ACTIVE,ALLENELSIEANN,ELSIEANNALLEN,2629ESIMPSONRD46,BLACKorAFRICANAMERICAN,UN,UNDESIGNATED,DEM,DEMOCRATIC,54.0,,Age4165,AA159529
ALAMANCE,A,ACTIVE,ALLENELSIEP,ELSIEPALLEN,522SELLARSSTF,BLACKorAFRICANAMERICAN,UN,UNDESIGNATED,DEM,DEMOCRATIC,72.0,1171995.0,AgeOver66,AA154333
ALAMANCE,A,ACTIVE,ALLENENJOLICHANEL,ENJOLICHANELALLEN,2580FOXFIRELN,BLACKorAFRICANAMERICAN,UN,UNDESIGNATED,DEM,DEMOCRATIC,24.0,6142006.0,,AA146764
ALAMANCE,A,ACTIVE,ALLENERICLEMUEL,ERICLEMUELALLEN,312STONEHEDGEDR,BLACKorAFRICANAMERICAN,NL,,UNA,UNAFFILIATED,,,Age4165,BY464628
ALAMANCE,A,ACTIVE,ALLENETHANAUGUSTUS,ETHANAUGUSTUSALLEN,210WATSONDR,WHITE,NL,,DEM,DEMOCRATIC,90.0,5071960.0,AgeOver66,AA2510
ALAMANCE,A,ACTIVE,ALLENEUGENIACHRISTINE,EUGENIACHRISTINEALLEN,314WILSONST,WHITE,NL,,REP,REPUBLICAN,42.0,10252012.0,Age4165,DE125690
ALAMANCE,A,ACTIVE,ALLENEVAPOOLE,EVAPOOLEALLEN,1004JEFFRIESST,BLACKorAFRICANAMERICAN,NL,,DEM,DEMOCRATIC,72.0,,AgeOver66,AA2511
ALAMANCE,A,ACTIVE,ALLENEVELYNWARREN,EVELYNWARRENALLEN,1635CADIZST,BLACKorAFRICANAMERICAN,NL,,DEM,DEMOCRATIC,73.0,10291960.0,AgeOver66,AA2512
ALAMANCE,A,ACTIVE,ALLENFAYEHAMILTON,FAYEHAMILTONALLEN,210WATSONDR,WHITE,NL,,DEM,DEMOCRATIC,87.0,5071960.0,AgeOver66,AA2513
ALAMANCE,R,REMOVED,ALLENFLORACOOPER,FLORACOOPERALLEN,4217PREACHERHOLMESRD,WHITE,NL,,DEM,DEMOCRATIC,91.0,5071942.0,AgeOver66,AA2515
ALAMANCE,A,ACTIVE,ALLENFRANCESCLARK,FRANCESCLARKALLEN,2006MUIRFIELDCT,WHITE,UN,UNDESIGNATED,REP,REPUBLICAN,86.0,4301960.0,AgeOver66,AA2517
ALAMANCE,A,ACTIVE,ALLENFRANCESCRUTCHFIELD,FRANCESCRUTCHFIELDALLEN,225SMELVILLEST,WHITE,NL,,DEM,DEMOCRATIC,96.0,,AgeOver66,AA2518
ALAMANCE,I,INACTIVE,ALLENFRANCESHOLT,FRANCESHOLTALLEN,210TROLLINGWOODRD,WHITE,NL,,DEM,DEMOCRATIC,90.0,5121962.0,AgeOver66,AA2519
ALAMANCE,A,ACTIVE,ALLENFRANCESNANCE,FRANCESNANCEALLEN,2926BOYWOODRD,WHITE,NL,,DEM,DEMOCRATIC,96.0,5071940.0,AgeOver66,AA2520
ALAMANCE,A,ACTIVE,ALLENGARRETELLIS,GARRETELLISALLEN,2010NOTTINGHAMLN,WHITE,NL,,DEM,DEMOCRATIC,22.0,10292010.0,,AA153743
ALAMANCE,A,ACTIVE,ALLENGARYLEE,GARYLEEALLEN,416COLUMBIAAVE,WHITE,NL,,REP,REPUBLICAN,61.0,9151984.0,Age4165,
ALAMANCE,A,ACTIVE,ALLENGENAREBECCA,GENAREBECCAALLEN,2630CRESCENTHILLDR,WHITE,NL,,REP,REPUBLICAN,24.0,2192008.0,,AA152321
ALAMANCE,A,ACTIVE,ALLENGEORGEJUNIOR,GEORGEJUNIORALLEN,137NIRELANDSTD,BLACKorAFRICANAMERICAN,NL,,DEM,DEMOCRATIC,73.0,4291996.0,AgeOver66,AA99211
ALAMANCE,A,ACTIVE,ALLENGEORGELEE,GEORGELEEALLEN,,BLACKorAFRICANAMERICAN,UN,UNDESIGNATED,DEM,DEMOCRATIC,,10232012.0,Age4165,AA178221
ALAMANCE,A,ACTIVE,ALLENGERALDGRANTJR,GERALDGRANTALLENJR,404DORALCT,WHITE,UN,UNDESIGNATED,REP,REPUBLICAN,54.0,,Age4165,AA178179
ALAMANCE,D,DENIED,ALLENGERALDGRANT,GERALDGRANTALLEN,,WHITE,UN,UNDESIGNATED,LIB,LIBERTARIAN,54.0,5182012.0,Age4165,AA172609
ALAMANCE,A,ACTIVE,ALLENGLADYSLEE,GLADYSLEEALLEN,1713PIEDMONTWAY,BLACKorAFRICANAMERICAN,NL,,DEM,DEMOCRATIC,64.0,12061995.0,Age4165,AA96747
ALAMANCE,A,ACTIVE,ALLENGLORIAMODLIN,GLORIAMODLINALLEN,1710BROADWAYDR,WHITE,NL,,DEM,DEMOCRATIC,68.0,5011972.0,AgeOver66,AA28302
ALAMANCE,A,ACTIVE,ALLENGREGORYDARRELL,GREGORYDARRELLALLEN,,WHITE,NL,,DEM,DEMOCRATIC,52.0,10021987.0,Age4165,AA62446
ALAMANCE,A,ACTIVE,ALLENHANNAHMCKEAN,HANNAHMCKEANALLEN,1001ELONACORNDR215,WHITE,NL,,DEM,DEMOCRATIC,20.0,9282012.0,Age1825,AA178073
ALAMANCE,A,ACTIVE,ALLENHASSELLALBERTJR,HASSELLALBERTALLENJR,2462USHWY70,WHITE,NL,,REP,REPUBLICAN,56.0,2251991.0,Age4165,AA76666
ALAMANCE,A,ACTIVE,ALLENHAZELPHILLIPS,HAZELPHILLIPSALLEN,2STYLESTHOMPSONRD,BLACKorAFRICANAMERICAN,NL,,DEM,DEMOCRATIC,57.0,9052000.0,Age4165,AA119848
ALAMANCE,A,ACTIVE,ALLENHELENFORESTINA,HELENFORESTINAALLEN,4058SWANNIECOBLERD,WHITE,NL,,UNA,UNAFFILIATED,43.0,9272004.0,Age4165,AA138908
ALAMANCE,A,ACTIVE,ALLENHELENREGINA,HELENREGINAALLEN,701MCCRAYRD,WHITE,NL,,REP,REPUBLICAN,51.0,4031991.0,Age4165,AA77193
ALAMANCE,A,ACTIVE,ALLENHILDABLACKARD,HILDABLACKARDALLEN,,WHITE,UN,UNDESIGNATED,REP,REPUBLICAN,89.0,8312012.0,AgeOver66,DE104909
ALAMANCE,A,ACTIVE,ALLENIRISLEE,IRISLEEALLEN,,BLACKorAFRICANAMERICAN,NL,,DEM,DEMOCRATIC,63.0,9271986.0,Age4165,AA61180
ALAMANCE,A,ACTIVE,ALLENJEDWARDJR,JEDWARDALLENJR,858ROSSST,WHITE,NL,,DEM,DEMOCRATIC,80.0,9161997.0,AgeOver66,AA107531
ALAMANCE,A,ACTIVE,ALLENJACKIEHAWKINS,JACKIEHAWKINSALLEN,8152SYLVANRD,WHITE,NL,,DEM,DEMOCRATIC,53.0,12081997.0,Age4165,AA108560
ALAMANCE,R,REMOVED,ALLENJACKIEBEST,JACKIEBESTALLEN,3168SHELLYGRAHAMDR,WHITE,NL,,REP,REPUBLICAN,70.0,8051998.0,AgeOver66,AA111226
ALAMANCE,A,ACTIVE,ALLENJACOBMATTHEW,JACOBMATTHEWALLEN,141WEBSTERRD,WHITE,NL,,DEM,DEMOCRATIC,27.0,10062004.0,Age2640,AA139753
ALAMANCE,A,ACTIVE,ALLENJALANDABROWN,JALANDABROWNALLEN,529BRASSFIELDDR,BLACKorAFRICANAMERICAN,NL,,DEM,DEMOCRATIC,31.0,4032000.0,Age2640,AA117735
ALAMANCE,A,ACTIVE,ALLENJAMESCLAYIII,JAMESCLAYALLENIII,4621NNCHWY62,WHITE,NL,,UNA,UNAFFILIATED,37.0,10052000.0,Age2640,AA120647
ALAMANCE,A,ACTIVE,ALLENJAMESROBERT,JAMESROBERTALLEN,206NFISHERST,WHITE,UN,UNDESIGNATED,REP,REPUBLICAN,,8092008.0,Age4165,AA156174
ALAMANCE,A,ACTIVE,ALLENJAMESBRADFORD,JAMESBRADFORDALLEN,,WHITE,NL,,UNA,UNAFFILIATED,,9252009.0,Age4165,AA164688
ALAMANCE,A,ACTIVE,ALLENJAMESTIMOTHY,JAMESTIMOTHYALLEN,8152SYLVANRD,WHITE,NL,,DEM,DEMOCRATIC,53.0,12081997.0,Age4165,AA108561
ALAMANCE,A,ACTIVE,ALLENJAMESPHILIP,JAMESPHILIPALLEN,2010NOTTINGHAMLN,WHITE,NL,,UNA,UNAFFILIATED,60.0,,Age4165,AA91478
ALAMANCE,A,ACTIVE,ALLENJAMESREECE,JAMESREECEALLEN,,WHITE,NL,,REP,REPUBLICAN,68.0,10041980.0,AgeOver66,AA2538
ALAMANCE,A,ACTIVE,ALLENJANEALLRED,JANEALLREDALLEN,316EELMST,WHITE,NL,,DEM,DEMOCRATIC,,5241982.0,Age4165,AA2739
ALAMANCE,A,ACTIVE,ALLENJANEFRANKS,JANEFRANKSALLEN,3266NNCHWY87,WHITE,NL,,DEM,DEMOCRATIC,53.0,9051980.0,Age4165,AA16311
ALAMANCE,A,ACTIVE,ALLENJANEF,JANEFALLEN,1917CALLIELN,WHITE,NL,,REP,REPUBLICAN,44.0,2101988.0,Age4165,AA64210
ALAMANCE,A,ACTIVE,ALLENJAREDROBERT,JAREDROBERTALLEN,,WHITE,NL,,DEM,DEMOCRATIC,20.0,3072012.0,,AA170548
ALAMANCE,A,ACTIVE,ALLENJASONMAURY,JASONMAURYALLEN,4540SOUTHMEADOWCT,WHITE,NL,,REP,REPUBLICAN,34.0,4262002.0,Age2640,AA126254
ALAMANCE,A,ACTIVE,ALLENJASPERBRYANTJR,JASPERBRYANTALLENJR,1242KILBYST,WHITE,NL,,DEM,DEMOCRATIC,74.0,5071960.0,AgeOver66,AA2543
ALAMANCE,A,ACTIVE,ALLENJEANELHATFIELD,JEANELHATFIELDALLEN,,BLACKorAFRICANAMERICAN,NL,,DEM,DEMOCRATIC,41.0,2152002.0,Age4165,AA125666
ALAMANCE,A,ACTIVE,ALLENJEFFSCOTT,JEFFSCOTTALLEN,100DANIELEYCENTERP,WHITE,UN,UNDESIGNATED,UNA,UNAFFILIATED,25.0,9042008.0,,AA157531
ALAMANCE,A,ACTIVE,ALLENJEFFREYBRYANJR,JEFFREYBRYANALLENJR,728HIAWATHACT,WHITE,NL,,DEM,DEMOCRATIC,29.0,4042002.0,Age2640,AA126065
ALAMANCE,A,ACTIVE,ALLENJEFFREYBRYAN,JEFFREYBRYANALLEN,1240KILBYST,WHITE,NL,,DEM,DEMOCRATIC,51.0,10031979.0,Age4165,AA2545
ALAMANCE,A,ACTIVE,ALLENJEFFREYWADE,JEFFREYWADEALLEN,5681SWEPSONVILLESAXAPAHAWRD,WHITE,NL,,REP,REPUBLICAN,,10051990.0,Age4165,AA75053
ALAMANCE,R,REMOVED,ALLENJENNIFERHELENE,JENNIFERHELENEALLEN,282JEFFRIESCROSSRD,WHITE,NL,,REP,REPUBLICAN,35.0,2241997.0,Age2640,AA105635
ALAMANCE,R,REMOVED,ALLENJENNIFERLORRAINE,JENNIFERLORRAINEALLEN,,WHITE,NL,,UNA,UNAFFILIATED,34.0,10062008.0,Age2640,EN53259
ALAMANCE,I,INACTIVE,ALLENJEREMYLYNN,JEREMYLYNNALLEN,1501EMAINST,WHITE,NL,,UNA,UNAFFILIATED,36.0,12091997.0,Age2640,AA108562
ALAMANCE,A,ACTIVE,ALLENJEREMYALTON,JEREMYALTONALLEN,4135PREACHERHOLMESRD,WHITE,NL,,REP,REPUBLICAN,26.0,5102004.0,Age2640,AA134257
ALAMANCE,A,ACTIVE,ALLENJEREMYNOEL,JEREMYNOELALLEN,3738TARTANLN,WHITE,NL,,DEM,DEMOCRATIC,28.0,5032008.0,Age2640,EH521529
ALAMANCE,A,ACTIVE,ALLENJERRYLAMONT,JERRYLAMONTALLEN,,BLACKorAFRICANAMERICAN,NL,,DEM,DEMOCRATIC,43.0,9122012.0,Age4165,AA174684
ALAMANCE,A,ACTIVE,ALLENJESSICALEE,JESSICALEEALLEN,1647SAXAPAHAWBETHLEHEMCHURCHRDB303,WHITE,NL,,DEM,DEMOCRATIC,31.0,8272010.0,Age2640,AA166633
ALAMANCE,A,ACTIVE,ALLENJESSICAELAYNE,JESSICAELAYNEALLEN,4135PREACHERHOLMESRD,WHITE,NL,,DEM,DEMOCRATIC,24.0,2202006.0,,AA145912
ALAMANCE,A,ACTIVE,ALLENJEWELANTIONETTE,JEWELANTIONETTEALLEN,1342HANFORDHILLSRD,BLACKorAFRICANAMERICAN,UN,UNDESIGNATED,DEM,DEMOCRATIC,28.0,4202007.0,Age2640,AA149486
ALAMANCE,R,REMOVED,ALLENJIMMY,JIMMYALLEN,1003SHAWST,BLACKorAFRICANAMERICAN,UN,UNDESIGNATED,DEM,DEMOCRATIC,28.0,7192008.0,Age2640,AA157123
ALAMANCE,R,REMOVED,ALLENJIMMY,JIMMYALLEN,8950SNOWCAMPRD,BLACKorAFRICANAMERICAN,NL,,DEM,DEMOCRATIC,65.0,10041984.0,Age4165,
ALAMANCE,A,ACTIVE,ALLENJOANNWEAVER,JOANNWEAVERALLEN,2833SNCHWY8727,WHITE,NL,,UNA,UNAFFILIATED,77.0,,AgeOver66,AA108016
ALAMANCE,A,ACTIVE,ALLENJOANDAVIS,JOANDAVISALLEN,900STHIRDST,WHITE,UN,UNDESIGNATED,REP,REPUBLICAN,69.0,8042000.0,AgeOver66,AA118782
ALAMANCE,A,ACTIVE,ALLENJOESTEVEN,JOESTEVENALLEN,701MCCRAYRD,WHITE,NL,,REP,REPUBLICAN,57.0,1201993.0,Age4165,AA86163
ALAMANCE,A,ACTIVE,ALLENJOELBENJAMIN,JOELBENJAMINALLEN,,WHITE,NL,,REP,REPUBLICAN,29.0,8152002.0,Age2640,AA127285
ALAMANCE,A,ACTIVE,ALLENJOHNCLIFTON,JOHNCLIFTONALLEN,717CLARKRD,WHITE,NL,,DEM,DEMOCRATIC,86.0,5141948.0,AgeOver66,AA2549
ALAMANCE,R,REMOVED,ALLENJOHNFRANK,JOHNFRANKALLEN,506LAKESIDEAVE,BLACKorAFRICANAMERICAN,NL,,DEM,DEMOCRATIC,71.0,9041990.0,AgeOver66,AA73133
ALAMANCE,R,REMOVED,ALLENJOHNHENRY,JOHNHENRYALLEN,285GRIFFINRD,WHITE,NL,,DEM,DEMOCRATIC,77.0,3311980.0,AgeOver66,AA2551
ALAMANCE,A,ACTIVE,ALLENJOLIBAILEY,JOLIBAILEYALLEN,4540SOUTHMEADOWCT,WHITE,NL,,UNA,UNAFFILIATED,34.0,11261997.0,Age2640,AA108568
ALAMANCE,A,ACTIVE,ALLENJONATHANEDWARD,JONATHANEDWARDALLEN,840DEEPCREEKCHURCHRD,WHITE,NL,,DEM,DEMOCRATIC,23.0,11052007.0,,AA151002
ALAMANCE,A,ACTIVE,ALLENJONATHANLEE,JONATHANLEEALLEN,2825TARHEELLN,WHITE,NL,,REP,REPUBLICAN,30.0,6172008.0,Age2640,AA154903
ALAMANCE,A,ACTIVE,ALLENJOSEPHWAYNE,JOSEPHWAYNEALLEN,3713ALTAMAHAWCHURCHST,WHITE,NL,,UNA,UNAFFILIATED,38.0,7222004.0,Age2640,AA135190
ALAMANCE,A,ACTIVE,ALLENJOSEPHDICKSONJR,JOSEPHDICKSONALLENJR,524STONEYCREEKCHURCHRD,WHITE,NL,,DEM,DEMOCRATIC,69.0,,AgeOver66,AA2554
ALAMANCE,A,ACTIVE,ALLENJOSHUAWILSON,JOSHUAWILSONALLEN,2536CAROLINARD,WHITE,NL,,REP,REPUBLICAN,34.0,8231999.0,Age2640,AA114866
ALAMANCE,A,ACTIVE,ALLENJOSPEHGLENN,JOSPEHGLENNALLEN,524STONEYCREEKCHURCHRD,WHITE,NL,,DEM,DEMOCRATIC,28.0,2222002.0,Age2640,AA125732
ALAMANCE,A,ACTIVE,ALLENJUDITHANN,JUDITHANNALLEN,611EHARDENST,WHITE,NL,,REP,REPUBLICAN,72.0,3061996.0,AgeOver66,AA97908
ALAMANCE,I,INACTIVE,ALLENJULIECOBLE,JULIECOBLEALLEN,204BORDERST,WHITE,NL,,UNA,UNAFFILIATED,41.0,8111998.0,Age4165,AA111090
ALAMANCE,A,ACTIVE,ALLENKAITLYNMICHELLE,KAITLYNMICHELLEALLEN,4815MEBANEROGERSRD,WHITE,NL,,UNA,UNAFFILIATED,21.0,4092010.0,,AA165756
ALAMANCE,A,ACTIVE,ALLENKARENTICKLE,KARENTICKLEALLEN,416COLUMBIAAVE,WHITE,NL,,REP,REPUBLICAN,59.0,9241982.0,Age4165,AA2559
ALAMANCE,I,INACTIVE,ALLENKARYNMILLER,KARYNMILLERALLEN,1512HARRIETDR,WHITE,NL,,UNA,UNAFFILIATED,51.0,4112011.0,Age4165,AA168362
ALAMANCE,A,ACTIVE,ALLENKATHLEENELIZABETH,KATHLEENELIZABETHALLEN,,WHITE,NL,,REP,REPUBLICAN,57.0,12072007.0,Age4165,AA151448
ALAMANCE,A,ACTIVE,ALLENKATHRYNREECE,KATHRYNREECEALLEN,4135APREACHERHOLMESRD?,WHITE,NL,,DEM,DEMOCRATIC,55.0,10251994.0,Age4165,AA92130
ALAMANCE,A,ACTIVE,ALLENKATHYMCBANE,KATHYMCBANEALLEN,7856SNCHWY87,WHITE,NL,,DEM,DEMOCRATIC,51.0,4051980.0,Age4165,
ALAMANCE,A,ACTIVE,ALLENKATRINASHELTON,KATRINASHELTONALLEN,,BLACKorAFRICANAMERICAN,UN,UNDESIGNATED,DEM,DEMOCRATIC,41.0,,Age4165,AA176249
ALAMANCE,A,ACTIVE,ALLENKAYROBERSON,KAYROBERSONALLEN,2532WOODSLN,WHITE,NL,,REP,REPUBLICAN,71.0,10041991.0,AgeOver66,AA78721
ALAMANCE,A,ACTIVE,ALLENKELLYFRAZIER,KELLYFRAZIERALLEN,731KECKRD,WHITE,UN,UNDESIGNATED,DEM,DEMOCRATIC,57.0,9051973.0,Age4165,AA2562
ALAMANCE,A,ACTIVE,ALLENKELLYA,KELLYAALLEN,309WASHINGTONST,WHITE,UN,UNDESIGNATED,DEM,DEMOCRATIC,32.0,6281999.0,Age2640,AA114648
ALAMANCE,A,ACTIVE,ALLENKENNETHRUSSELL,KENNETHRUSSELLALLEN,1904SPRINGMEADOWDR,WHITE,NL,,DEM,DEMOCRATIC,82.0,,AgeOver66,AA2564
ALAMANCE,R,REMOVED,ALLENKENNETHMCDONALD,KENNETHMCDONALDALLEN,507EVERETTST304A,BLACKorAFRICANAMERICAN,UN,UNDESIGNATED,DEM,DEMOCRATIC,61.0,4302008.0,Age4165,AA154904
ALAMANCE,A,ACTIVE,ALLENKERISHAD,KERISHADALLEN,506EPARKERST103,BLACKorAFRICANAMERICAN,UN,UNDESIGNATED,DEM,DEMOCRATIC,22.0,6172008.0,,AA155825
ALAMANCE,A,ACTIVE,ALLENKERRY,KERRYALLEN,506EPARKERST201,BLACKorAFRICANAMERICAN,NL,,DEM,DEMOCRATIC,61.0,2102011.0,Age4165,AA168047
ALAMANCE,D,DENIED,ALLENKESHAWN,KESHAWNALLEN,412WALKERAVE,BLACKorAFRICANAMERICAN,UN,UNDESIGNATED,DEM,DEMOCRATIC,24.0,10022008.0,,AA159531
ALAMANCE,A,ACTIVE,ALLENKEYVONALANDREW,KEYVONALANDREWALLEN,2649WILLIAMALLENRD,BLACKorAFRICANAMERICAN,UN,UNDESIGNATED,DEM,DEMOCRATIC,18.0,3092012.0,,AA170630
ALAMANCE,A,ACTIVE,ALLENKIANDRIASAMONE,KIANDRIASAMONEALLEN,1637HANFORDHILLSRD,BLACKorAFRICANAMERICAN,NL,,DEM,DEMOCRATIC,21.0,7152009.0,,AA164379
ALAMANCE,A,ACTIVE,ALLENKIMTERESE,KIMTERESEALLEN,3008PLANTATIONRIDGELN,ASIAN,UN,UNDESIGNATED,DEM,DEMOCRATIC,,1202006.0,Age4165,AA145635
ALAMANCE,I,INACTIVE,ALLENKIMBERLYLADAWN,KIMBERLYLADAWNALLEN,610CENTERAVEA,BLACKorAFRICANAMERICAN,UN,UNDESIGNATED,UNA,UNAFFILIATED,28.0,9152008.0,Age2640,AA163804
ALAMANCE,A,ACTIVE,ALLENKIMBERLYDIANE,KIMBERLYDIANEALLEN,,WHITE,UN,UNDESIGNATED,DEM,DEMOCRATIC,32.0,4112012.0,Age2640,BY541139
ALAMANCE,A,ACTIVE,ALLENKRISTABRAYTON,KRISTABRAYTONALLEN,4011COMRIELN,WHITE,NL,NOTHISPANICorNOTLATINO,REP,REPUBLICAN,53.0,4072008.0,Age4165,BY436619
ALAMANCE,A,ACTIVE,ALLENKRISTENJULIET,KRISTENJULIETALLEN,,WHITE,NL,NOTHISPANICorNOTLATINO,LIB,LIBERTARIAN,23.0,,,AA159197
ALAMANCE,A,ACTIVE,ALLENKYERAN,KYERANALLEN,1003COLDSPRINGLN,ASIAN,NL,,DEM,DEMOCRATIC,57.0,9121995.0,Age4165,AA95454
ALAMANCE,A,ACTIVE,ALLENKYLIEJEAN,KYLIEJEANALLEN,2825TARHEELLN,WHITE,NL,,REP,REPUBLICAN,29.0,6172008.0,Age2640,AA154905
ALAMANCE,A,ACTIVE,ALLENLACYBIVENJR,LACYBIVENALLENJR,1710BROADWAYDR,WHITE,NL,,DEM,DEMOCRATIC,69.0,10051992.0,AgeOver66,AA83725
ALAMANCE,A,ACTIVE,ALLENLAKEISHARACHELLE,LAKEISHARACHELLEALLEN,812VANDERFORDST,BLACKorAFRICANAMERICAN,UN,UNDESIGNATED,DEM,DEMOCRATIC,27.0,5182004.0,Age2640,AA134424
ALAMANCE,A,ACTIVE,ALLENLANCEEVERETT,LANCEEVERETTALLEN,1915WILLIEPACERD,INDIANAMERICANorALASKANATIVE,NL,,DEM,DEMOCRATIC,30.0,5022008.0,Age2640,AA142048
ALAMANCE,A,ACTIVE,ALLENLARRYBRIAN,LARRYBRIANALLEN,2179BCARLNOAHRD,WHITE,NL,,REP,REPUBLICAN,31.0,,Age2640,AA121220
ALAMANCE,A,ACTIVE,ALLENLARRYSCOTT,LARRYSCOTTALLEN,3708GRAHAMSMITHDR,WHITE,NL,,UNA,UNAFFILIATED,64.0,8151996.0,Age4165,AA101009
ALAMANCE,A,ACTIVE,ALLENLARRYFRANCIS,LARRYFRANCISALLEN,1408STANDREWSDR,WHITE,NL,,UNA,UNAFFILIATED,70.0,5121980.0,AgeOver66,AA2567
ALAMANCE,A,ACTIVE,ALLENLARRYALEXANDER,LARRYALEXANDERALLEN,420NSTJOHNST,BLACKorAFRICANAMERICAN,NL,,DEM,DEMOCRATIC,55.0,10081984.0,Age4165,AA57715
ALAMANCE,A,ACTIVE,ALLENLARRYROSEMEN,LARRYROSEMENALLEN,933SCHURCHST,BLACKorAFRICANAMERICAN,UN,UNDESIGNATED,DEM,DEMOCRATIC,55.0,,Age4165,AA177583
ALAMANCE,A,ACTIVE,ALLENLAURAELIZABETH,LAURAELIZABETHALLEN,3041FIELDSTONELN,WHITE,NL,,REP,REPUBLICAN,26.0,,Age2640,AA141357
ALAMANCE,A,ACTIVE,ALLENLAURENGRAY,LAURENGRAYALLEN,310MEADOWBROOKDR,WHITE,NL,,UNA,UNAFFILIATED,22.0,9142012.0,,DS95005
ALAMANCE,A,ACTIVE,ALLENLESLIEBEAL,LESLIEBEALALLEN,271BOONERD,WHITE,NL,,REP,REPUBLICAN,37.0,6012000.0,Age2640,AA118236
ALAMANCE,A,ACTIVE,ALLENLESLIEBRADSHAW,LESLIEBRADSHAWALLEN,518MENDELTER,WHITE,NL,,REP,REPUBLICAN,68.0,,AgeOver66,AA85723
ALAMANCE,A,ACTIVE,ALLENLETITIA,LETITIAALLEN,420NSTJOHNST,BLACKorAFRICANAMERICAN,NL,,DEM,DEMOCRATIC,34.0,4112008.0,Age2640,AA154032
ALAMANCE,A,ACTIVE,ALLENLINDAD,LINDADALLEN,306WALKERDR,BLACKorAFRICANAMERICAN,NL,,DEM,DEMOCRATIC,56.0,12062002.0,Age4165,AA129043
ALAMANCE,A,ACTIVE,ALLENLINDAWHITFIELD,,1976POWERLINERD,WHITE,NL,,REP,REPUBLICAN,71.0,6291984.0,AgeOver66,
ALAMANCE,I,INACTIVE,ALLENLINDSEYNORMAN,,,BLACKorAFRICANAMERICAN,UN,UNDESIGNATED,DEM,DEMOCRATIC,52.0,8302008.0,Age4165,AA157530
ALAMANCE,A,ACTIVE,ALLENLISAROBINSON,,6601BEALERD,WHITE,NL,,UNA,UNAFFILIATED,,5061992.0,Age4165,AA81370
ALAMANCE,A,ACTIVE,ALLENLISAWILBORN,,2462USHWY70,WHITE,NL,,REP,REPUBLICAN,,5031991.0,Age4165,AA77305
ALAMANCE,A,ACTIVE,ALLENLISARADABAUGH,,4421FAIRLANDCT,WHITE,NL,,UNA,UNAFFILIATED,40.0,10081990.0,Age2640,AA74737
ALAMANCE,A,ACTIVE,ALLENLOISBOWMAN,,1014EGILBREATHST,WHITE,NL,,DEM,DEMOCRATIC,98.0,10281944.0,AgeOver66,AA2569
ALAMANCE,A,ACTIVE,ALLENLONNIERAY,,3869NNCHWY119,WHITE,NL,,REP,REPUBLICAN,68.0,,AgeOver66,AA2570
ALAMANCE,A,ACTIVE,ALLENLORENAWARNER,,3786LOYOLACT,WHITE,NL,,REP,REPUBLICAN,87.0,9142004.0,AgeOver66,AA138136
ALAMANCE,A,ACTIVE,ALLENLORETTALASHARDA,,914EHANOVERRDA,BLACKorAFRICANAMERICAN,NL,,UNA,UNAFFILIATED,31.0,8182002.0,Age2640,AA127774
ALAMANCE,A,ACTIVE,ALLENLORETTAALSTON,,1459PEACELN,BLACKorAFRICANAMERICAN,NL,,DEM,DEMOCRATIC,60.0,10081988.0,Age4165,AA67490
ALAMANCE,A,ACTIVE,ALLENLORRAINEMCPHERSON,,4053FRIENDSHIPPATTERSONMILLRD,WHITE,NL,,REP,REPUBLICAN,68.0,10261968.0,AgeOver66,AA2571
ALAMANCE,A,ACTIVE,ALLENLOUISCARRJR,,2680SMEBANEST128,WHITE,NL,,DEM,DEMOCRATIC,87.0,5071960.0,AgeOver66,AA2574
ALAMANCE,A,ACTIVE,ALLENLUCASSTEPHEN,,618HARRISST,WHITE,NL,,UNA,UNAFFILIATED,18.0,3092012.0,,AA170816
ALAMANCE,R,REMOVED,ALLENLUCILLEKING,,500STHIRDST,WHITE,NL,,REP,REPUBLICAN,83.0,8142000.0,AgeOver66,AA119227
ALAMANCE,A,ACTIVE,ALLENLUTHERWAYNE,,314DAREST,WHITE,NL,,DEM,DEMOCRATIC,64.0,4071972.0,Age4165,AA2577
ALAMANCE,A,ACTIVE,ALLENLUTHERZENO,,791BOONESTATIONDR308,WHITE,NL,,DEM,DEMOCRATIC,88.0,,AgeOver66,AA2578
ALAMANCE,A,ACTIVE,ALLENLYDIAANGELEA,,2010NOTTINGHAMLN,WHITE,NL,,UNA,UNAFFILIATED,20.0,,,AA169497
ALAMANCE,A,ACTIVE,ALLENMADALYNNVICTORIA,,4058SWANNIECOBLERD,WHITE,NL,,REP,REPUBLICAN,19.0,3232012.0,,AA171079
ALAMANCE,A,ACTIVE,ALLENMARCUSJERMAL,,318WRUFFINST,INDIANAMERICANorALASKANATIVE,NL,,UNA,UNAFFILIATED,18.0,1182012.0,,AA170133
ALAMANCE,A,ACTIVE,ALLENMARDENEEVERETT,,204EASTWAYLN,WHITE,NL,,DEM,DEMOCRATIC,72.0,10051974.0,AgeOver66,AA2580
ALAMANCE,A,ACTIVE,ALLENMARGARETCHAPPELL,,712MCCRAYRD,WHITE,NL,,DEM,DEMOCRATIC,69.0,4201968.0,AgeOver66,AA2581
ALAMANCE,R,REMOVED,ALLENMARIEJONES,,3228SAWMILLDR,BLACKorAFRICANAMERICAN,NL,,DEM,DEMOCRATIC,63.0,9211981.0,Age4165,AA2582
ALAMANCE,A,ACTIVE,ALLENMARIONLORING,,218TROLLINGWOODRD,WHITE,NL,,DEM,DEMOCRATIC,85.0,,AgeOver66,AA2583
ALAMANCE,A,ACTIVE,ALLENMARIONBOBBYJR,,6772OAKDALERD3,WHITE,NL,,UNA,UNAFFILIATED,57.0,12212009.0,Age4165,BA12210
ALAMANCE,A,ACTIVE,ALLENMARJORIERUTH,,373WLAKETRL,WHITE,UN,UNDESIGNATED,REP,REPUBLICAN,93.0,9232008.0,AgeOver66,AA157055
ALAMANCE,A,ACTIVE,ALLENMARKISHAASHANTI,,,BLACKorAFRICANAMERICAN,UN,UNDESIGNATED,DEM,DEMOCRATIC,19.0,4132012.0,,AA171410
ALAMANCE,A,ACTIVE,ALLENMARQUISDARAY,,213WOODHAVENDR,BLACKorAFRICANAMERICAN,NL,,UNA,UNAFFILIATED,20.0,7072010.0,,AA166162
ALAMANCE,A,ACTIVE,ALLENMARQUITAANYA,,606NFOURTHST,BLACKorAFRICANAMERICAN,NL,,UNA,UNAFFILIATED,28.0,7152002.0,Age2640,AA126936
ALAMANCE,A,ACTIVE,ALLENMARVINTOMMY,,712TRAILTWO,WHITE,NL,,REP,REPUBLICAN,76.0,8221986.0,AgeOver66,AA60295
ALAMANCE,A,ACTIVE,ALLENMARYANNENGLE,,948MARTINAVE,WHITE,NL,,DEM,DEMOCRATIC,71.0,4201968.0,AgeOver66,AA2585
ALAMANCE,A,ACTIVE,ALLENMARYANNEFULTON,,2318YORKTOWNECT,WHITE,NL,,REP,REPUBLICAN,59.0,10041980.0,Age4165,AA2586
ALAMANCE,A,ACTIVE,ALLENMARYELIZABETH,,,WHITE,NL,,UNA,UNAFFILIATED,92.0,11032012.0,AgeOver66,AA178810
ALAMANCE,R,REMOVED,ALLENMARYLUMPKIN,,2417NCHURCHST44,BLACKorAFRICANAMERICAN,NL,,DEM,DEMOCRATIC,54.0,9151980.0,Age4165,AA28156
ALAMANCE,A,ACTIVE,ALLENMAUREENNOWAK,,,WHITE,NL,,REP,REPUBLICAN,53.0,9201980.0,Age4165,AA2590
ALAMANCE,A,ACTIVE,ALLENMEGANLEIGH,,6060WILDHORSECANYONRD,WHITE,NL,,REP,REPUBLICAN,22.0,10012012.0,,AA151841
ALAMANCE,R,REMOVED,ALLENMELANIEANTIONETTE,,928SHARPERD54,BLACKorAFRICANAMERICAN,NL,,DEM,DEMOCRATIC,35.0,3131996.0,Age2640,AA98490
ALAMANCE,A,ACTIVE,ALLENMELANIERUMLEY,,,WHITE,NL,,DEM,DEMOCRATIC,62.0,9291979.0,Age4165,AA2591
ALAMANCE,A,ACTIVE,ALLENMELINDARAY,,2630CRESCENTHILLDR,WHITE,NL,,REP,REPUBLICAN,53.0,6221995.0,Age4165,AA94479
ALAMANCE,A,ACTIVE,ALLENMELISSAMUELLER,,2010NOTTINGHAMLN,WHITE,NL,,DEM,DEMOCRATIC,57.0,,Age4165,AA91479
ALAMANCE,A,ACTIVE,ALLENMICAHJOSEPH,,1517HOLMESLN,WHITE,NL,,REP,REPUBLICAN,31.0,8252000.0,Age2640,AA119328
ALAMANCE,A,ACTIVE,ALLENMICHAELTODD,,1758ROBINHOODDR,WHITE,NL,,UNA,UNAFFILIATED,39.0,10071996.0,Age2640,AA102821
ALAMANCE,A,ACTIVE,ALLENMICHAELGORDON,,,WHITE,NL,,DEM,DEMOCRATIC,57.0,7191976.0,Age4165,AA2594
ALAMANCE,A,ACTIVE,ALLENMICHAELREADE,,265WSHANNONDR,WHITE,NL,,REP,REPUBLICAN,,10041984.0,Age4165,
ALAMANCE,A,ACTIVE,ALLENMICHAELSHANE,,3708GRAHAMSMITHDR,WHITE,UN,UNDESIGNATED,DEM,DEMOCRATIC,40.0,11012012.0,Age2640,BL235578
ALAMANCE,A,ACTIVE,ALLENMICHAELDAVID,,933SCHURCHST,BLACKorAFRICANAMERICAN,UN,UNDESIGNATED,DEM,DEMOCRATIC,27.0,6052012.0,Age2640,AA172391
ALAMANCE,A,ACTIVE,ALLENMICHELLEPATRICIA,,933SCHURCHST,BLACKorAFRICANAMERICAN,NL,,DEM,DEMOCRATIC,58.0,9052012.0,Age4165,AA174610
ALAMANCE,A,ACTIVE,ALLENMICHELLENICOLE,,307CLAPPST,WHITE,NL,,REP,REPUBLICAN,41.0,11071995.0,Age4165,AA96145
ALAMANCE,A,ACTIVE,ALLENMICKEYKAY,,417COLUMBIAAVE,WHITE,UN,UNDESIGNATED,DEM,DEMOCRATIC,66.0,10072008.0,AgeOver66,AA158922
ALAMANCE,R,REMOVED,ALLENMILDREDGATTIS,,,WHITE,NL,,REP,REPUBLICAN,93.0,5111940.0,AgeOver66,AA2595
ALAMANCE,A,ACTIVE,ALLENMORRISCLYDE,MORRISCLYDEALLEN,253SHEACT,WHITE,NL,,DEM,DEMOCRATIC,82.0,,AgeOver66,AA2599
ALAMANCE,A,ACTIVE,ALLENMYRNATARPLEY,MYRNATARPLEYALLEN,914STOKESST,BLACKorAFRICANAMERICAN,UN,UNDESIGNATED,DEM,DEMOCRATIC,70.0,7232008.0,AgeOver66,AA155780
ALAMANCE,A,ACTIVE,ALLENNANCYJEAN,NANCYJEANALLEN,1003COLDSPRINGLN,TWOorMORERACES,NL,,REP,REPUBLICAN,26.0,8132004.0,Age2640,AA136891
ALAMANCE,A,ACTIVE,ALLENNANCYGRAFTON,NANCYGRAFTONALLEN,800INDIANVILLAGETRL,UNDESIGNATED,UN,UNDESIGNATED,REP,REPUBLICAN,80.0,10261968.0,AgeOver66,AA2602
ALAMANCE,R,REMOVED,ALLENNANCYWALTERS,NANCYWALTERSALLEN,2166NNCHWY119,WHITE,NL,,DEM,DEMOCRATIC,80.0,5141966.0,AgeOver66,AA2603
ALAMANCE,I,INACTIVE,ALLENNATHANSTUART,NATHANSTUARTALLEN,3832PHILLIPSCHAPELRDB,WHITE,NL,,UNA,UNAFFILIATED,,11022004.0,Age4165,AA141433
ALAMANCE,A,ACTIVE,ALLENNATHANMARK,NATHANMARKALLEN,304NSEVENTHST,WHITE,NL,,UNA,UNAFFILIATED,33.0,9302008.0,Age2640,CA60277
ALAMANCE,R,REMOVED,ALLENNELLARCHIBALD,NELLARCHIBALDALLEN,1904SPRINGMEADOWDR,WHITE,NL,,DEM,DEMOCRATIC,83.0,,AgeOver66,AA2606
ALAMANCE,A,ACTIVE,ALLENNOAHGRAYSON,NOAHGRAYSONALLEN,3041FIELDSTONELN,WHITE,NL,,REP,REPUBLICAN,35.0,8221996.0,Age2640,AA101215
ALAMANCE,A,ACTIVE,ALLENOMNIYASATORI,OMNIYASATORIALLEN,1340ROLLINGMEADOWSCT,BLACKorAFRICANAMERICAN,UN,UNDESIGNATED,DEM,DEMOCRATIC,25.0,6062008.0,,AA154918
ALAMANCE,A,ACTIVE,ALLENORLANDER,ORLANDERALLEN,522SELLARSSTF,BLACKorAFRICANAMERICAN,NL,,DEM,DEMOCRATIC,53.0,3271990.0,Age4165,AA71278
ALAMANCE,A,ACTIVE,ALLENPALMEROWENS,PALMEROWENSALLEN,3272GILLIAMCHURCHRD,BLACKorAFRICANAMERICAN,NL,,DEM,DEMOCRATIC,43.0,4212006.0,Age4165,AA146308
ALAMANCE,R,REMOVED,ALLENPAMELAGUTBIER,PAMELAGUTBIERALLEN,1509STANDREWSDR,WHITE,NL,,REP,REPUBLICAN,36.0,7201999.0,Age2640,AA115063
ALAMANCE,R,REMOVED,ALLENPATRICIADIANNE,PATRICIADIANNEALLEN,1871USHWY7023,WHITE,NL,,UNA,UNAFFILIATED,68.0,9161994.0,AgeOver66,AA91185
ALAMANCE,A,ACTIVE,ALLENPATRICIADIANNE,PATRICIADIANNEALLEN,939HAHNRD,WHITE,NL,,UNA,UNAFFILIATED,63.0,6112012.0,Age4165,AA171963
ALAMANCE,A,ACTIVE,ALLENPATRICIAMAE,PATRICIAMAEALLEN,2235NNCHWY87,BLACKorAFRICANAMERICAN,UN,UNDESIGNATED,DEM,DEMOCRATIC,55.0,8112004.0,Age4165,AA135233
ALAMANCE,I,INACTIVE,ALLENPATRICIAGOODMAN,PATRICIAGOODMANALLEN,130UNIONAVE,BLACKorAFRICANAMERICAN,NL,,DEM,DEMOCRATIC,64.0,1312008.0,Age4165,AA152024
ALAMANCE,A,ACTIVE,ALLENPATRICIARENEE,PATRICIARENEEALLEN,265WSHANNONDR,WHITE,NL,,REP,REPUBLICAN,38.0,8291997.0,Age2640,AA107373
ALAMANCE,A,ACTIVE,ALLENPATRICIAFAYE,PATRICIAFAYEALLEN,609OAKDALECT,WHITE,NL,,DEM,DEMOCRATIC,64.0,,Age4165,AA103429
ALAMANCE,A,ACTIVE,ALLENPATRICIAHUGHES,PATRICIAHUGHESALLEN,,WHITE,NL,,DEM,DEMOCRATIC,69.0,6191974.0,AgeOver66,AA17082
ALAMANCE,A,ACTIVE,ALLENPATSYISLEY,PATSYISLEYALLEN,707SYCAMORERD,WHITE,NL,,REP,REPUBLICAN,77.0,10261968.0,AgeOver66,AA2611
ALAMANCE,A,ACTIVE,ALLENPAULAMANCILLAS,PAULAMANCILLASALLEN,1305HANFORDRD,WHITE,NL,,REP,REPUBLICAN,52.0,10031980.0,Age4165,AA28523
ALAMANCE,A,ACTIVE,ALLENPAULINERAYNOR,PAULINERAYNORALLEN,143O'NEALST,WHITE,NL,,REP,REPUBLICAN,102.0,5141960.0,AgeOver66,AA2613
ALAMANCE,R,REMOVED,ALLENPEGGYKEY,PEGGYKEYALLEN,2833SNCHWY8743,WHITE,NL,,UNA,UNAFFILIATED,59.0,9261988.0,Age4165,AA66259
ALAMANCE,A,ACTIVE,ALLENPENNYDENISE,PENNYDENISEALLEN,6124SOUTHWINDDR,BLACKorAFRICANAMERICAN,NL,,DEM,DEMOCRATIC,,5042012.0,Age4165,DE221302
ALAMANCE,A,ACTIVE,ALLENPERRYLEE,PERRYLEEALLEN,522SELLARSSTF,BLACKorAFRICANAMERICAN,UN,UNDESIGNATED,DEM,DEMOCRATIC,56.0,10072008.0,Age4165,AA158923
ALAMANCE,A,ACTIVE,ALLENPHILIPPERRY,PHILIPPERRYALLEN,618HARRISST,WHITE,NL,,REP,REPUBLICAN,23.0,3102008.0,,AA152759
ALAMANCE,A,ACTIVE,ALLENQUINCEYTYRONE,QUINCEYTYRONEALLEN,1350LONGST,BLACKorAFRICANAMERICAN,UN,UNDESIGNATED,UNA,UNAFFILIATED,24.0,10022008.0,,AA158890
ALAMANCE,A,ACTIVE,ALLENRACHELSANTAY,RACHELSANTAYALLEN,215NMARSHALLSTB,BLACKorAFRICANAMERICAN,NL,,UNA,UNAFFILIATED,26.0,5262004.0,Age2640,AA134461
ALAMANCE,A,ACTIVE,ALLENRAMONASTEPHENS,RAMONASTEPHENSALLEN,239ROLLINGRD,BLACKorAFRICANAMERICAN,NL,,DEM,DEMOCRATIC,,,Age4165,AA103961
ALAMANCE,A,ACTIVE,ALLENRANDYMOODY,RANDYMOODYALLEN,4217PREACHERHOLMESRD,WHITE,NL,,DEM,DEMOCRATIC,58.0,2081994.0,Age4165,AA89226
ALAMANCE,A,ACTIVE,ALLENRAYALCORD,RAYALCORDALLEN,928SHARPERD70,BLACKorAFRICANAMERICAN,UN,UNDESIGNATED,DEM,DEMOCRATIC,58.0,10081990.0,Age4165,AA74499
ALAMANCE,A,ACTIVE,ALLENRAYMONDYOUELJR,RAYMONDYOUELALLENJR,900STHIRDST,WHITE,NL,,UNA,UNAFFILIATED,69.0,10032000.0,AgeOver66,AA120553
ALAMANCE,A,ACTIVE,ALLENREBECCAANN,REBECCAANNALLEN,701MCCRAYRD,WHITE,NL,,REP,REPUBLICAN,24.0,4082008.0,,AA153770
ALAMANCE,A,ACTIVE,ALLENREBECCAKEANE,REBECCAKEANEALLEN,705KECKRD,WHITE,NL,,DEM,DEMOCRATIC,19.0,10022012.0,,AA176726
ALAMANCE,A,ACTIVE,ALLENREBEKAHLEAHVANDALEN,REBEKAHLEAHVANDALENALLEN,304NSEVENTHST,WHITE,NL,,REP,REPUBLICAN,32.0,6212007.0,Age2640,AA149909
ALAMANCE,A,ACTIVE,ALLENREGINALDREADE,REGINALDREADEALLEN,4053FRIENDSHIPPATTERSONMILLRD,WHITE,NL,,REP,REPUBLICAN,71.0,10261968.0,AgeOver66,AA2618
ALAMANCE,A,ACTIVE,ALLENREJINARIMMER,REJINARIMMERALLEN,4621NNCHWY62,WHITE,NL,,UNA,UNAFFILIATED,40.0,7021991.0,Age2640,AA77905
ALAMANCE,A,ACTIVE,ALLENRHONDASHARPE,RHONDASHARPEALLEN,729EGREENSBOROCHAPELHILLRD,WHITE,NL,,DEM,DEMOCRATIC,58.0,3211980.0,Age4165,AA2619
ALAMANCE,A,ACTIVE,ALLENROBERTDANIEL,ROBERTDANIELALLEN,,WHITE,NL,,REP,REPUBLICAN,58.0,5101972.0,Age4165,AA2621
ALAMANCE,A,ACTIVE,ALLENROBERTEUGENE,ROBERTEUGENEALLEN,1702BROADWAYDR,WHITE,NL,,UNA,UNAFFILIATED,64.0,8311994.0,Age4165,AA91015
ALAMANCE,A,ACTIVE,ALLENROBERTSTANLEY,ROBERTSTANLEYALLEN,2619JUDYLN,WHITE,NL,,REP,REPUBLICAN,62.0,2272008.0,Age4165,AT16318
ALAMANCE,A,ACTIVE,ALLENROBERTCLEATUS,ROBERTCLEATUSALLEN,939HAHNRD,WHITE,NL,,UNA,UNAFFILIATED,68.0,9182008.0,AgeOver66,AA156794
ALAMANCE,A,ACTIVE,ALLENROBERTROY,ROBERTROYALLEN,924SCOTTST,WHITE,NL,,REP,REPUBLICAN,76.0,7222005.0,AgeOver66,AA144029
ALAMANCE,A,ACTIVE,ALLENROGERDALE,ROGERDALEALLEN,157FREELANDTRL,BLACKorAFRICANAMERICAN,UN,UNDESIGNATED,UNA,UNAFFILIATED,,,Age4165,AA140292
ALAMANCE,A,ACTIVE,ALLENROGERDALEJR,ROGERDALEALLENJR,1340ROLLINGMEADOWSCT,BLACKorAFRICANAMERICAN,UN,UNDESIGNATED,DEM,DEMOCRATIC,22.0,3192008.0,,AA152978
ALAMANCE,A,ACTIVE,ALLENRONALDMARK,RONALDMARKALLEN,4058SWANNIECOBLERD12,WHITE,UN,UNDESIGNATED,REP,REPUBLICAN,43.0,11042008.0,Age4165,AA162968
ALAMANCE,I,INACTIVE,ALLENRONALDCASWELL,RONALDCASWELLALLEN,1305BEAUFORTDR,WHITE,UN,UNDESIGNATED,REP,REPUBLICAN,53.0,11132002.0,Age4165,AA128464
ALAMANCE,A,ACTIVE,ALLENRONALDW,RONALDWALLEN,948MARTINAVE,WHITE,NL,,DEM,DEMOCRATIC,71.0,4201968.0,AgeOver66,AA2623
ALAMANCE,A,ACTIVE,ALLENRONEYHOWARD,RONEYHOWARDALLEN,1950BELLEMONTALAMANCERD,WHITE,NL,,DEM,DEMOCRATIC,,4191988.0,Age4165,AA64945
ALAMANCE,A,ACTIVE,ALLENROSCOEJACKSONIII,ROSCOEJACKSONALLENIII,508POMEROYST,WHITE,NL,,REP,REPUBLICAN,,10302008.0,Age4165,AA162076
ALAMANCE,A,ACTIVE,ALLENROXIEALICEM,ROXIEALICEMALLEN,2081BAMATRL,WHITE,UN,UNDESIGNATED,REP,REPUBLICAN,69.0,9282004.0,AgeOver66,AA138541
ALAMANCE,A,ACTIVE,ALLENRUTHAPPLE,RUTHAPPLEALLEN,310MEADOWBROOKDR,WHITE,NL,,DEM,DEMOCRATIC,77.0,,AgeOver66,AA91480
ALAMANCE,R,REMOVED,ALLENRUTHWEBSTER,RUTHWEBSTERALLEN,,WHITE,NL,,REP,REPUBLICAN,94.0,10261940.0,AgeOver66,AA2625
ALAMANCE,A,ACTIVE,ALLENRUVONIALABRIE,RUVONIALABRIEALLEN,606NFOURTHST,BLACKorAFRICANAMERICAN,NL,,DEM,DEMOCRATIC,24.0,,,AA159170
ALAMANCE,A,ACTIVE,ALLENSADIELOUISE,SADIELOUISEALLEN,3247SAWMILLDR,UNDESIGNATED,UN,UNDESIGNATED,UNA,UNAFFILIATED,70.0,10081996.0,AgeOver66,AA103031
ALAMANCE,A,ACTIVE,ALLENSADIEISLEY,SADIEISLEYALLEN,621EGREENSBOROCHAPELHILLRD,WHITE,NL,,DEM,DEMOCRATIC,80.0,9271976.0,AgeOver66,AA2626
ALAMANCE,A,ACTIVE,ALLENSALISALAVON,SALISALAVONALLEN,1340ROLLINGMEADOWSCT,BLACKorAFRICANAMERICAN,NL,,DEM,DEMOCRATIC,,7181995.0,Age4165,AA94801
ALAMANCE,A,ACTIVE,ALLENSAMANTHAGAYLE,SAMANTHAGAYLEALLEN,701MCCRAYRD,WHITE,NL,,REP,REPUBLICAN,22.0,4082008.0,,AA153771
ALAMANCE,A,ACTIVE,ALLENSAMUELCRISSMANJR,SAMUELCRISSMANALLENJR,600COLLINGTONDR,WHITE,NL,,REP,REPUBLICAN,37.0,2232001.0,Age2640,AA122868
ALAMANCE,A,ACTIVE,ALLENSARAKATHERIN,SARAKATHERINALLEN,5681SWEPSONVILLESAXAPAHAWRD,WHITE,NL,,REP,REPUBLICAN,44.0,3051993.0,Age4165,AA86767
ALAMANCE,A,ACTIVE,ALLENSARAHLLOYD,SARAHLLOYDALLEN,,WHITE,NL,,REP,REPUBLICAN,77.0,9301986.0,AgeOver66,AA60565
ALAMANCE,A,ACTIVE,ALLENSCOTTLEE,SCOTTLEEALLEN,271BOONERD,WHITE,NL,,REP,REPUBLICAN,30.0,8062003.0,Age2640,AA131039
ALAMANCE,A,ACTIVE,ALLENSENTRELLMARIE,SENTRELLMARIEALLEN,,BLACKorAFRICANAMERICAN,UN,UNDESIGNATED,UNA,UNAFFILIATED,20.0,8132010.0,,AA166551
ALAMANCE,A,ACTIVE,ALLENSHANEQUASHATE,SHANEQUASHATEALLEN,663BOONESTATIONDR2,BLACKorAFRICANAMERICAN,NL,,DEM,DEMOCRATIC,21.0,12192008.0,,AA162464
ALAMANCE,R,REMOVED,ALLENSHANNONANTONIO,SHANNONANTONIOALLEN,909STOKESST,BLACKorAFRICANAMERICAN,NL,,DEM,DEMOCRATIC,31.0,10072008.0,Age2640,AA159080
ALAMANCE,A,ACTIVE,ALLENSHEILAMARION,SHEILAMARIONALLEN,1749LOWERHOPEDALERD,WHITE,NL,,DEM,DEMOCRATIC,56.0,6052012.0,Age4165,AA172394
ALAMANCE,A,,ALLENSHELLIAJEAN,SHELLIAJEANALLEN,618HARRISST,WHITE,NL,,REP,REPUBLICAN,51.0,10061988.0,Age4165,AA67928
ALAMANCE,A,,ALLENSHERRIELOY,SHERRIELOYALLEN,204EASTWAYLN,WHITE,NL,,DEM,DEMOCRATIC,71.0,8151969.0,AgeOver66,AA2629
ALAMANCE,A,,ALLENSTEPHENPERRY,STEPHENPERRYALLEN,618HARRISST,WHITE,NL,,REP,REPUBLICAN,54.0,9291988.0,Age4165,AA66772
ALAMANCE,A,,ALLENSTEVE,STEVEALLEN,1012MORNINGSIDEDR,BLACKorAFRICANAMERICAN,UN,UNDESIGNATED,DEM,DEMOCRATIC,56.0,6121992.0,Age4165,AA81830
ALAMANCE,A,,ALLENSTEVEOJR,STEVEOALLENJR,239ROLLINGRD,BLACKorAFRICANAMERICAN,UN,UNDESIGNATED,UNA,UNAFFILIATED,22.0,4102008.0,,AA154146
ALAMANCE,A,,ALLENSTEVENDOUGLAS,STEVENDOUGLASALLEN,3904JOHNSCREEKDR,UNDESIGNATED,UN,UNDESIGNATED,UNA,UNAFFILIATED,56.0,,Age4165,AA159417
ALAMANCE,A,,ALLENSTEVEN,STEVENALLEN,239ROLLINGRD,BLACKorAFRICANAMERICAN,NL,,DEM,DEMOCRATIC,43.0,,Age4165,AA140189
ALAMANCE,A,,ALLENSTEVENDOUGLAS,STEVENDOUGLASALLEN,948MARTINAVE,WHITE,NL,,DEM,DEMOCRATIC,43.0,10051992.0,Age4165,AA83726
ALAMANCE,A,,ALLENSUZANNESOLOMON,SUZANNESOLOMONALLEN,100LARAMIECT,WHITE,NL,,REP,REPUBLICAN,41.0,,Age4165,AA91624
ALAMANCE,A,,ALLENSUZANNESIMPSON,SUZANNESIMPSONALLEN,1815HAWTHORNELN,WHITE,NL,,UNA,UNAFFILIATED,37.0,6201994.0,Age2640,AA90550
ALAMANCE,R,REMOVED,ALLENSWAINTYSON,SWAINTYSONALLEN,148CUTLERTRL,WHITE,NL,,UNA,UNAFFILIATED,80.0,3141984.0,AgeOver66,
ALAMANCE,A,,ALLENSYLVESTERJOHNSONJR,SYLVESTERJOHNSONALLENJR,913PATTONST,BLACKorAFRICANAMERICAN,NL,,UNA,UNAFFILIATED,27.0,9232003.0,Age2640,AA131453
ALAMANCE,A,,ALLENSYLVIAANN,SYLVIAANNALLEN,2151WFRONTST,WHITE,NL,,UNA,UNAFFILIATED,60.0,1312011.0,Age4165,AA167979
ALAMANCE,A,,ALLENTABATHACHERYL,TABATHACHERYLALLEN,7606BAILEYLN,WHITE,NL,,REP,REPUBLICAN,,8082005.0,Age4165,AA144166
ALAMANCE,A,,ALLENTAISHA,TAISHAALLEN,604HOLLOWST,BLACKorAFRICANAMERICAN,UN,UNDESIGNATED,DEM,DEMOCRATIC,20.0,5142012.0,,AA172395
ALAMANCE,A,,ALLENTARA,TARAALLEN,3904JOHNSCREEKDR,WHITE,NL,,DEM,DEMOCRATIC,57.0,2052007.0,Age4165,AA148774
ALAMANCE,A,,ALLENTASHARENEE,TASHARENEEALLEN,1402TARLETONAVE,BLACKorAFRICANAMERICAN,UN,UNDESIGNATED,DEM,DEMOCRATIC,36.0,3101995.0,Age2640,AA92553
ALAMANCE,A,,ALLENTHELMATHERMUTRIS,THELMATHERMUTRISALLEN,1950BELLEMONTALAMANCERD,WHITE,NL,,REP,REPUBLICAN,69.0,10081988.0,AgeOver66,AA67931
ALAMANCE,A,,ALLENTHOMASDANIEL,THOMASDANIELALLEN,1635CADIZST,BLACKorAFRICANAMERICAN,NL,,DEM,DEMOCRATIC,75.0,10291960.0,AgeOver66,AA2634
ALAMANCE,A,,ALLENTHOMASETHAN,THOMASETHANALLEN,210WATSONDR,WHITE,NL,,REP,REPUBLICAN,58.0,9211972.0,Age4165,AA2635
ALAMANCE,A,,ALLENTHOMASMAURICEJR,THOMASMAURICEALLENJR,729EGREENSBOROCHAPELHILLRD,WHITE,NL,,DEM,DEMOCRATIC,60.0,3211980.0,Age4165,AA2636
ALAMANCE,A,,ALLENTHOMASSOMERS,THOMASSOMERSALLEN,137NIRELANDSTD,BLACKorAFRICANAMERICAN,UN,UNDESIGNATED,DEM,DEMOCRATIC,38.0,10232008.0,Age2640,AA161632
ALAMANCE,A,,ALLENTHOMASSTEVEN,THOMASSTEVENALLEN,1936CONNERSCT,WHITE,UN,UNDESIGNATED,UNA,UNAFFILIATED,53.0,9182004.0,Age4165,AA137822
ALAMANCE,A,,ALLENTHOMASLEWISJR,THOMASLEWISALLENJR,735EHAGGARDAVE,WHITE,NL,,REP,REPUBLICAN,20.0,,,AA176930
ALAMANCE,A,,ALLENTIMMICHAEL,TIMMICHAELALLEN,913PATTONST,BLACKorAFRICANAMERICAN,UN,UNDESIGNATED,DEM,DEMOCRATIC,24.0,3282008.0,,AA153169
ALAMANCE,A,,ALLENTIMOTHYVANCE,TIMOTHYVANCEALLEN,30JENNIFERDR,WHITE,NL,,DEM,DEMOCRATIC,53.0,10081990.0,Age4165,AA74500
ALAMANCE,A,,ALLENTIMOTHYMARSHALL,TIMOTHYMARSHALLALLEN,1830PRINCEEDWARDDR,WHITE,NL,,REP,REPUBLICAN,43.0,10051994.0,Age4165,AA91350
ALAMANCE,I,INACTIVE,ALLENTIMOTHYWAYNE,TIMOTHYWAYNEALLEN,410GRAHAMRD,WHITE,NL,,DEM,DEMOCRATIC,51.0,11211995.0,Age4165,AA96661
ALAMANCE,A,,ALLENTIMOTHYGREG,TIMOTHYGREGALLEN,2905SWEPSONVILLEMETHODISTCHURCHRD,WHITE,UN,UNDESIGNATED,REP,REPUBLICAN,58.0,,Age4165,AA177587
ALAMANCE,A,,ALLENTIMOTHYNEAL,TIMOTHYNEALALLEN,431CLEVELANDCT,BLACKorAFRICANAMERICAN,NL,,UNA,UNAFFILIATED,40.0,12062011.0,Age2640,AA169838
ALAMANCE,A,,ALLENTINAWILLIAMS,TINAWILLIAMSALLEN,1830PRINCEEDWARDDR,WHITE,NL,,REP,REPUBLICAN,40.0,10051994.0,Age2640,AA91421
ALAMANCE,A,,ALLENTODDCLAUDE,TODDCLAUDEALLEN,7856SNCHWY87,WHITE,NL,,DEM,DEMOCRATIC,52.0,3291978.0,Age4165,AA2483
ALAMANCE,A,,ALLENTRACEYJOEALISA,TRACEYJOEALISAALLEN,3193BRYCEWOODPL,BLACKorAFRICANAMERICAN,NL,,DEM,DEMOCRATIC,,,Age4165,AA176992
ALAMANCE,A,,ALLENTRACYDENISE,TRACYDENISEALLEN,700LONGESTST,BLACKorAFRICANAMERICAN,NL,,UNA,UNAFFILIATED,,1052000.0,Age4165,AA116584
ALAMANCE,A,,ALLENTRAVISJAMES,TRAVISJAMESALLEN,,WHITE,UN,UNDESIGNATED,UNA,UNAFFILIATED,32.0,4112012.0,Age2640,BY497700
ALAMANCE,A,,ALLENVANESSA,VANESSAALLEN,1308HANFORDHILLSRD,OTHER,NL,,DEM,DEMOCRATIC,42.0,9281999.0,Age4165,AA115635
ALAMANCE,A,,ALLENVERONICAMANDA,VERONICAMANDAALLEN,2010NOTTINGHAMLN,WHITE,NL,,UNA,UNAFFILIATED,24.0,10302010.0,,AA167401
ALAMANCE,A,,ALLENVICKIECHRISCO,VICKIECHRISCOALLEN,4849FARMVIEWDR,WHITE,NL,,DEM,DEMOCRATIC,58.0,10051992.0,Age4165,AA83753
ALAMANCE,A,,ALLENVIELKAGISSELLE,VIELKAGISSELLEALLEN,1517HOLMESLN,OTHER,NL,,REP,REPUBLICAN,34.0,3041997.0,Age2640,AA105498
ALAMANCE,A,,ALLENVIRGINIASATTERFIELD,VIRGINIASATTERFIELDALLEN,3408LONGVIEWST,WHITE,NL,,UNA,UNAFFILIATED,77.0,8161990.0,AgeOver66,AA72666
ALAMANCE,A,,ALLENVIRGINIALEE,VIRGINIALEEALLEN,2235NNCHWY8713,BLACKorAFRICANAMERICAN,NL,,DEM,DEMOCRATIC,84.0,9202012.0,AgeOver66,AA175061
ALAMANCE,R,REMOVED,ALLENWALTERGORDON,WALTERGORDONALLEN,3418HUFFINESDR,WHITE,NL,,REP,REPUBLICAN,87.0,4301960.0,AgeOver66,AA2639
ALAMANCE,R,REMOVED,ALLENWILLIAMIRA,WILLIAMIRAALLEN,414CHAPELHILLRD,WHITE,NL,,DEM,DEMOCRATIC,94.0,5171952.0,AgeOver66,AA2643
ALAMANCE,R,REMOVED,ALLENWILLIAMJUNIOR,WILLIAMJUNIORALLEN,708PROVIDENCERD,WHITE,NL,,DEM,DEMOCRATIC,85.0,8251956.0,AgeOver66,AA2644
ALAMANCE,A,,ALLENWILLIAMCALEB,WILLIAMCALEBALLEN,618DIXONRD,WHITE,UN,UNDESIGNATED,UNA,UNAFFILIATED,31.0,11012012.0,Age2640,DE183248
ALAMANCE,R,REMOVED,ALLENWILLIAMBRICE,WILLIAMBRICEALLEN,1715BROADWAYDR,WHITE,NL,,DEM,DEMOCRATIC,61.0,2111997.0,Age4165,AA105384
ALAMANCE,A,,ALLENWILLIAMVANCEJR,WILLIAMVANCEALLENJR,310MEADOWBROOKDR,WHITE,NL,,DEM,DEMOCRATIC,74.0,,AgeOver66,AA91481
ALAMANCE,A,,ALLENWILLIAMTHOMASJR,WILLIAMTHOMASALLENJR,,WHITE,NL,,DEM,DEMOCRATIC,55.0,10041993.0,Age4165,AA88344
ALAMANCE,A,,ALLENWILLIAMNATHAN,WILLIAMNATHANALLEN,417COLUMBIAAVE,WHITE,NL,,REP,REPUBLICAN,63.0,9261984.0,Age4165,
ALAMANCE,A,,ALLENWILLIAMWILTON,WILLIAMWILTONALLEN,6060WILDHORSECANYONRD,WHITE,NL,,REP,REPUBLICAN,53.0,2131984.0,Age4165,
ALAMANCE,A,,ALLENWILLIAMEDMUND,WILLIAMEDMUNDALLEN,100TAYLORST,WHITE,NL,,UNA,UNAFFILIATED,,7292002.0,Age4165,AA127077
ALAMANCE,A,,ALLENWILLIAMHENRY,WILLIAMHENRYALLEN,3786LOYOLACT,WHITE,NL,,REP,REPUBLICAN,87.0,9142004.0,AgeOver66,AA138137
ALAMANCE,A,,ALLENWILLIAMFELTON,WILLIAMFELTONALLEN,306NSIXTHST,WHITE,UN,UNDESIGNATED,DEM,DEMOCRATIC,70.0,10042004.0,AgeOver66,AA139138
ALAMANCE,A,,ALLENWILLIAMFRANKJR,WILLIAMFRANKALLENJR,2360FRESHWATERRD12,WHITE,NL,,UNA,UNAFFILIATED,,2272009.0,Age4165,AA163519
ALAMANCE,I,INACTIVE,ALLENWILLIAMVANCE,WILLIAMVANCEALLEN,1628PRESTONST,BLACKorAFRICANAMERICAN,UN,UNDESIGNATED,UNA,UNAFFILIATED,51.0,10012008.0,Age4165,AA158446
ALAMANCE,A,,ALLENWOODROWMARSHALL,WOODROWMARSHALLALLEN,1976POWERLINERD,WHITE,NL,,DEM,DEMOCRATIC,71.0,6291984.0,AgeOver66,
ALAMANCE,A,,ALLENZACHARYREID,ZACHARYREIDALLEN,4815MEBANEROGERSRD,WHITE,NL,,UNA,UNAFFILIATED,19.0,7252011.0,,AA168944
ALAMANCE,A,,ALLERDENISEMICHELLE,DENISEMICHELLEALLER,2713MIRROWLAKEDR,WHITE,UN,UNDESIGNATED,REP,REPUBLICAN,,,Age4165,AA158892
ALAMANCE,A,,ALLEYANDREWDURWARD,ANDREWDURWARDALLEY,2229DELANEYDR5313,WHITE,UN,UNDESIGNATED,DEM,DEMOCRATIC,39.0,3292008.0,Age2640,BY310119
ALAMANCE,A,,ALLEYCODYNATHANIEL,CODYNATHANIELALLEY,,WHITE,UN,UNDESIGNATED,DEM,DEMOCRATIC,22.0,10242012.0,,DE248454
ALAMANCE,A,,ALLEYDONNIERAYJR,DONNIERAYALLEYJR,5975CHESTNUTOAKDR,WHITE,NL,,REP,REPUBLICAN,,9291988.0,Age4165,AA67488
ALAMANCE,A,,ALLEYDONNIERAYSR,DONNIERAYALLEYSR,2160CRYSTALSPRINGCT,WHITE,NL,,REP,REPUBLICAN,71.0,9291988.0,AgeOver66,AA66561
ALAMANCE,A,,ALLEYGLENNADARLENE,GLENNADARLENEALLEY,2160CRYSTALSPRINGCT,WHITE,UN,UNDESIGNATED,REP,REPUBLICAN,70.0,9301988.0,AgeOver66,AA66562
ALAMANCE,A,,ALLEYJACOBEDWARD,JACOBEDWARDALLEY,5975CHESTNUTOAKDR,WHITE,NL,,REP,REPUBLICAN,26.0,11062003.0,Age2640,AA134929
ALAMANCE,A,,ALLEYKIMBERLYCULBERTSON,KIMBERLYCULBERTSONALLEY,2229DELANEYDR5313,WHITE,UN,UNDESIGNATED,UNA,UNAFFILIATED,33.0,3292008.0,Age2640,BY383275
ALAMANCE,I,INACTIVE,ALLEYLORICOOK,,1528SMEBANEST502E,WHITE,NL,,DEM,DEMOCRATIC,51.0,9282004.0,Age4165,AA138542
ALAMANCE,A,,ALLEYROBINANNETTE,ROBINANNETTEALLEY,5975CHESTNUTOAKDR,WHITE,NL,,REP,REPUBLICAN,,10061986.0,Age4165,AA61182
ALAMANCE,A,,ALLEYWILLIAMCHARLES,WILLIAMCHARLESALLEY,2100ELONCT,WHITE,NL,,UNA,UNAFFILIATED,29.0,10262010.0,Age2640,AA167530
ALAMANCE,D,DENIED,ALLFORDTERRANCESALEEM,TERRANCESALEEMALLFORD,916GRACEAVE,BLACKorAFRICANAMERICAN,NL,,DEM,DEMOCRATIC,18.0,5172012.0,,AA172064
ALAMANCE,A,,ALLGEYERJEFFREYEDWARD,JEFFREYEDWARDALLGEYER,306TRAVISLN,WHITE,UN,UNDESIGNATED,UNA,UNAFFILIATED,20.0,,,AA167238
ALAMANCE,A,,ALLGEYERJOSEPHPETER,JOSEPHPETERALLGEYER,306TRAVISLN,WHITE,NL,,DEM,DEMOCRATIC,54.0,7191976.0,Age4165,AA2655
ALAMANCE,A,,ALLGEYERJULIESOWERS,JULIESOWERSALLGEYER,306TRAVISLN,WHITE,NL,,REP,REPUBLICAN,52.0,2081988.0,Age4165,AA63727
ALAMANCE,A,,ALLGOODBENJAMINFRANKLINJR,BENJAMINFRANKLINALLGOODJR,6636OAKHOLLOWDR,WHITE,NL,,DEM,DEMOCRATIC,62.0,2122008.0,Age4165,AA152189
ALAMANCE,A,,ALLGOODDALEMAURICE,DALEMAURICEALLGOOD,134BALLPARKAVE,BLACKorAFRICANAMERICAN,UN,UNDESIGNATED,DEM,DEMOCRATIC,27.0,7202004.0,Age2640,AA135192
ALAMANCE,A,,ALLGOODDEBORAHJEAN,DEBORAHJEANALLGOOD,6636OAKHOLLOWDR,WHITE,UN,UNDESIGNATED,UNA,UNAFFILIATED,60.0,2052008.0,Age4165,AA95057
ALAMANCE,I,INACTIVE,ALLGOODLINDAFAYE,LINDAFAYEALLGOOD,1613BELMONTST,WHITE,NL,,DEM,DEMOCRATIC,30.0,10272008.0,Age2640,AA161843
ALAMANCE,A,,ALLGOODRICHARDJ,RICHARDJALLGOOD,134BALLPARKAVE,BLACKorAFRICANAMERICAN,NL,,DEM,DEMOCRATIC,54.0,4091998.0,Age4165,AA109833
ALAMANCE,A,,ALLGOODTHERESARENEE,THERESARENEEALLGOOD,134BALLPARKAVE,BLACKorAFRICANAMERICAN,NL,,DEM,DEMOCRATIC,,,Age4165,AA121135
ALAMANCE,R,REMOVED,ALLISCELESTEHARTER,CELESTEHARTERALLIS,2455MORNINGSIDEDR,WHITE,NL,,DEM,DEMOCRATIC,,,Age4165,AA96146
ALAMANCE,R,REMOVED,ALLISJAMESTJR,JAMESTALLISJR,2455MORNINGSIDEDR,WHITE,NL,,DEM,DEMOCRATIC,,12211995.0,Age4165,AA96752
ALAMANCE,A,,ALLISONADAMCHADWICK,ADAMCHADWICKALLISON,,WHITE,NL,,REP,REPUBLICAN,29.0,9152004.0,Age2640,AA137699
ALAMANCE,I,INACTIVE,ALLISONAMBER,AMBERALLISON,,WHITE,UN,UNDESIGNATED,UNA,UNAFFILIATED,24.0,10072008.0,,AA159368
ALAMANCE,A,,ALLISONANNGOODE,ANNGOODEALLISON,1345ROCKWOODAVE,WHITE,NL,,DEM,DEMOCRATIC,80.0,7181972.0,AgeOver66,AA2657
ALAMANCE,A,,ALLISONANNMARIEGAIL,ANNMARIEGAILALLISON,1010GEORGETOWNEDR,UNDESIGNATED,NL,,DEM,DEMOCRATIC,43.0,,Age4165,BY559575
ALAMANCE,A,,ALLISONATWELLREIDIII,ATWELLREIDALLISONIII,2309MCKINNEYST,WHITE,NL,,REP,REPUBLICAN,37.0,3231994.0,Age2640,AA89447
ALAMANCE,A,,ALLISONATWELLREIDJR,ATWELLREIDALLISONJR,2309MCKINNEYST,WHITE,NL,,DEM,DEMOCRATIC,66.0,10031991.0,AgeOver66,AA78650
ALAMANCE,R,REMOVED,ALLISONAUGUSTUSJ,AUGUSTUSJALLISON,1862DURHAMST,BLACKorAFRICANAMERICAN,NL,,DEM,DEMOCRATIC,87.0,10281950.0,AgeOver66,AA2658
ALAMANCE,A,,ALLISONBAILEY,BAILEYALLISON,,WHITE,NL,,REP,REPUBLICAN,23.0,10032012.0,,AA175734
ALAMANCE,A,,ALLISONBARBARAANN,BARBARAANNALLISON,436LINCOLNSTA,WHITE,NL,,DEM,DEMOCRATIC,73.0,6271995.0,AgeOver66,AA94480
ALAMANCE,A,,ALLISONBARBARABROOKS,BARBARABROOKSALLISON,2415MORNINGSIDEDR,WHITE,NL,,DEM,DEMOCRATIC,62.0,5311972.0,Age4165,AA2660
ALAMANCE,A,,ALLISONBERNICEYARBOROUGH,BERNICEYARBOROUGHALLISON,304WALKERDR,BLACKorAFRICANAMERICAN,NL,,DEM,DEMOCRATIC,63.0,2251984.0,Age4165,
ALAMANCE,A,,ALLISONBRADLEYDANIEL,BRADLEYDANIELALLISON,3933WHITELEVELRD,WHITE,UN,UNDESIGNATED,REP,REPUBLICAN,34.0,1091998.0,Age2640,AA108908
ALAMANCE,A,,ALLISONCAROLENICOLE,CAROLENICOLEALLISON,4139STONECRESTDR207,WHITE,NL,,DEM,DEMOCRATIC,25.0,5062008.0,,CW684065
ALAMANCE,A,,ALLISONCARRIEMAE,CARRIEMAEALLISON,2463NCHURCHST10,BLACKorAFRICANAMERICAN,NL,,DEM,DEMOCRATIC,52.0,10081988.0,Age4165,AA67932
ALAMANCE,A,,ALLISONCATHERINECOOK,CATHERINECOOKALLISON,2860ALTAMAHAWUNIONRIDGERDB,WHITE,NL,,REP,REPUBLICAN,,10061984.0,Age4165,
ALAMANCE,A,,ALLISONCELESTEMACMURDO,CELESTEMACMURDOALLISON,4143SHEPHERDDR,WHITE,NL,,UNA,UNAFFILIATED,,6021999.0,Age4165,AA114350
ALAMANCE,A,,ALLISONCHRISTINEWALKER,CHRISTINEWALKERALLISON,,WHITE,NL,,REP,REPUBLICAN,83.0,10021984.0,AgeOver66,
ALAMANCE,A,,ALLISONCHRISTINNASHAWNTAYVETTE,CHRISTINNASHAWNTAYVETTEALLISON,1862DURHAMST,BLACKorAFRICANAMERICAN,NL,,DEM,DEMOCRATIC,26.0,6082005.0,Age2640,AA143786
ALAMANCE,R,REMOVED,ALLISONCHRISTOPHERMICHAEL,CHRISTOPHERMICHAELALLISON,371FAUCETTEAVE,BLACKorAFRICANAMERICAN,NL,,DEM,DEMOCRATIC,34.0,,Age2640,AA120990
ALAMANCE,R,REMOVED,ALLISONCHRISTOPHERWAYNE,CHRISTOPHERWAYNEALLISON,,WHITE,NL,,UNA,UNAFFILIATED,28.0,6152004.0,Age2640,AA134830
ALAMANCE,A,,ALLISONCOURTNEYANNE,COURTNEYANNEALLISON,932SFIFTHST,WHITE,NL,,REP,REPUBLICAN,31.0,,Age2640,AA121222
ALAMANCE,A,,ALLISONDANNYRANDALL,DANNYRANDALLALLISON,1608WFRONTST,WHITE,UN,UNDESIGNATED,REP,REPUBLICAN,60.0,9041992.0,Age4165,AA82711
ALAMANCE,A,,ALLISONDAVIDLEWISJR,DAVIDLEWISALLISONJR,5949BETHELSOUTHFORKRD,WHITE,NL,,REP,REPUBLICAN,61.0,1151991.0,Age4165,AA76704
ALAMANCE,A,,ALLISONDAVIDMARTIN,DAVIDMARTINALLISON,5346FRIENDSHIPPATTERSONMILLRD,WHITE,UN,UNDESIGNATED,UNA,UNAFFILIATED,31.0,9302008.0,Age2640,AA158124
ALAMANCE,A,,ALLISONDAVIDANTHONY,DAVIDANTHONYALLISON,932SFIFTHST,WHITE,NL,,UNA,UNAFFILIATED,20.0,5082012.0,,AA165983
ALAMANCE,R,REMOVED,ALLISONDEBRACLAPP,DEBRACLAPPALLISON,1254VINCENTDR,WHITE,NL,,UNA,UNAFFILIATED,55.0,4262002.0,Age4165,AA126221
ALAMANCE,A,,ALLISONDENNISMICHAEL,DENNISMICHAELALLISON,826WOODLEIGHAVE,WHITE,NL,,UNA,UNAFFILIATED,61.0,7121994.0,Age4165,AA90587
ALAMANCE,A,,ALLISONDONYELLLASHAWN,DONYELLLASHAWNALLISON,2463NCHURCHST10,BLACKorAFRICANAMERICAN,UN,UNDESIGNATED,DEM,DEMOCRATIC,34.0,5082003.0,Age2640,AA130202
ALAMANCE,A,,ALLISONDOROTHYS,DOROTHYSALLISON,3508GARDENRDG5,WHITE,NL,,REP,REPUBLICAN,77.0,9152004.0,AgeOver66,AA137624
ALAMANCE,A,,ALLISONDREXELLHAMPTONJR,DREXELLHAMPTONALLISONJR,4564COGGINSRD,WHITE,NL,,DEM,DEMOCRATIC,53.0,1231991.0,Age4165,AA76432
ALAMANCE,R,REMOVED,ALLISONEFFIEPEARL,EFFIEPEARLALLISON,3615SMEBANEST,WHITE,NL,,REP,REPUBLICAN,100.0,3251988.0,AgeOver66,AA64617
ALAMANCE,A,,ALLISONELOUISECOOK,ELOUISECOOKALLISON,,WHITE,NL,,DEM,DEMOCRATIC,85.0,6091976.0,AgeOver66,AA2663
ALAMANCE,A,,ALLISONELTONNEVIN,ELTONNEVINALLISON,371FAUCETTEAVE,BLACKorAFRICANAMERICAN,UN,UNDESIGNATED,UNA,UNAFFILIATED,40.0,,Age2640,AA159546
ALAMANCE,A,,ALLISONEMILYCAROLINE,EMILYCAROLINEALLISON,,WHITE,UN,UNDESIGNATED,REP,REPUBLICAN,24.0,9122006.0,,AA147431
ALAMANCE,R,REMOVED,ALLISONERNESTHAROLD,ERNESTHAROLDALLISON,3015WINSTONDR105,WHITE,NL,,REP,REPUBLICAN,82.0,10241964.0,AgeOver66,AA2664
ALAMANCE,A,,ALLISONERNESTINEDARLENE,ERNESTINEDARLENEALLISON,209ESIXTHSTB,BLACKorAFRICANAMERICAN,UN,UNDESIGNATED,DEM,DEMOCRATIC,51.0,11012012.0,Age4165,AA178671
ALAMANCE,A,,ALLISONEUNICEBERTHENIA,EUNICEBERTHENIAALLISON,522SELLARSSTB,BLACKorAFRICANAMERICAN,NL,,DEM,DEMOCRATIC,88.0,9271984.0,AgeOver66,
ALAMANCE,A,,ALLISONFRANCESGATLIN,FRANCESGATLINALLISON,3027MAPLEAVEL1,WHITE,NL,,DEM,DEMOCRATIC,80.0,1231954.0,AgeOver66,AA2665
ALAMANCE,A,,ALLISONFRANCESKANICOLE,FRANCESKANICOLEALLISON,2009MORNINGSIDEDRA,BLACKorAFRICANAMERICAN,UN,UNDESIGNATED,UNA,UNAFFILIATED,25.0,7192008.0,,AA157080
ALAMANCE,A,,ALLISONGAILWHITAKER,GAILWHITAKERALLISON,5949BETHELSOUTHFORKRD,WHITE,UN,UNDESIGNATED,UNA,UNAFFILIATED,57.0,2152008.0,Age4165,AA152294
ALAMANCE,A,,ALLISONGAYNELL,GAYNELLALLISON,1862DURHAMST,BLACKorAFRICANAMERICAN,UN,UNDESIGNATED,DEM,DEMOCRATIC,,7202004.0,Age4165,AA135194
ALAMANCE,A,,ALLISONGEORGERAYMOND,GEORGERAYMONDALLISON,504STHIRDST,WHITE,NL,,UNA,UNAFFILIATED,65.0,4071989.0,Age4165,AA68992
ALAMANCE,A,,ALLISONGILBERTMARTIN,GILBERTMARTINALLISON,304WALKERDR,BLACKorAFRICANAMERICAN,NL,,DEM,DEMOCRATIC,67.0,1151972.0,AgeOver66,AA2666
ALAMANCE,R,REMOVED,ALLISONHEATH,HEATHALLISON,3907BASSMOUNTAINRD,WHITE,UN,UNDESIGNATED,UNA,UNAFFILIATED,44.0,12101991.0,Age4165,AA79139
ALAMANCE,R,REMOVED,ALLISONHOWARDNATHANIEL,HOWARDNATHANIELALLISON,426LANEST,BLACKorAFRICANAMERICAN,UN,UNDESIGNATED,DEM,DEMOCRATIC,57.0,8111984.0,Age4165,
ALAMANCE,I,INACTIVE,ALLISONIANSCOTT,IANSCOTTALLISON,965INDIANVILLAGETRL2,WHITE,UN,UNDESIGNATED,UNA,UNAFFILIATED,22.0,4112008.0,,AA153744
ALAMANCE,A,,ALLISONIRISANTIONETTE,IRISANTIONETTEALLISON,1862DURHAMST,BLACKorAFRICANAMERICAN,NL,,DEM,DEMOCRATIC,51.0,8141996.0,Age4165,AA101041
ALAMANCE,A,,ALLISONJACKTHOMASJR,JACKTHOMASALLISONJR,6438NNCHWY62,BLACKorAFRICANAMERICAN,NL,,DEM,DEMOCRATIC,33.0,8111998.0,Age2640,AA111091
ALAMANCE,A,,ALLISONJACKTHOMAS,JACKTHOMASALLISON,6438NNCHWY62,BLACKorAFRICANAMERICAN,NL,,DEM,DEMOCRATIC,57.0,10011988.0,Age4165,AA66774
ALAMANCE,A,,ALLISONJAMESCRAIG,JAMESCRAIGALLISON,,WHITE,NL,,DEM,DEMOCRATIC,43.0,9201991.0,Age4165,AA78440
ALAMANCE,A,,ALLISONJAMESHAROLD,JAMESHAROLDALLISON,545NROSACT,WHITE,NL,,REP,REPUBLICAN,44.0,2212004.0,Age4165,AA133075
ALAMANCE,A,,ALLISONJAMESMONROEJR,JAMESMONROEALLISONJR,1919NOTTINGHAMLN,UNDESIGNATED,UN,UNDESIGNATED,REP,REPUBLICAN,42.0,11202001.0,Age4165,AA124890
ALAMANCE,A,,ALLISONJAMIELYNN,JAMIELYNNALLISON,514NSECONDST,WHITE,NL,,REP,REPUBLICAN,36.0,1292008.0,Age2640,AA151936
ALAMANCE,A,,ALLISONJANICEKAY,JANICEKAYALLISON,4060NNCHWY62,WHITE,NL,,DEM,DEMOCRATIC,58.0,6061990.0,Age4165,AA72047
ALAMANCE,A,,ALLISONJARRETTWAYNE,JARRETTWAYNEALLISON,1766USHWY70A,WHITE,NL,,REP,REPUBLICAN,44.0,3282003.0,Age4165,AA129889
ALAMANCE,I,INACTIVE,ALLISONJASMINELEI,JASMINELEIALLISON,4211BELLEMONTMTHERMONRD19,WHITE,NL,,REP,REPUBLICAN,25.0,12102004.0,,AA142049
ALAMANCE,A,,ALLISONJERMAINEL,JERMAINELALLISON,1410VAUGHNRD,BLACKorAFRICANAMERICAN,UN,UNDESIGNATED,DEM,DEMOCRATIC,32.0,7202004.0,Age2640,AA139833
ALAMANCE,A,,ALLISONJERRYWAYNE,JERRYWAYNEALLISON,209ROMARD,WHITE,UN,UNDESIGNATED,DEM,DEMOCRATIC,73.0,,AgeOver66,AA159532
ALAMANCE,A,,ALLISONJONOELL,JONOELLALLISON,329CANTERWOODDR,WHITE,NL,,REP,REPUBLICAN,41.0,10041992.0,Age4165,AA84311
ALAMANCE,R,REMOVED,ALLISONJOANANN,JOANANNALLISON,5759NNCHWY49,BLACKorAFRICANAMERICAN,NL,,DEM,DEMOCRATIC,61.0,,Age4165,AA2674
ALAMANCE,A,,ALLISONJOHNJ,JOHNJALLISON,201GOODSONAVE,WHITE,UN,UNDESIGNATED,DEM,DEMOCRATIC,58.0,9182003.0,Age4165,AA131378
ALAMANCE,A,,ALLISONJOHNTHOMAS,JOHNTHOMASALLISON,5101BREVARDLN,WHITE,NL,,UNA,UNAFFILIATED,34.0,9282000.0,Age2640,AA120326
ALAMANCE,A,,ALLISONJOSEPHDEAN,JOSEPHDEANALLISON,1557SMAINST,WHITE,NL,,REP,REPUBLICAN,43.0,9232004.0,Age4165,AA138909
ALAMANCE,A,,ALLISONJOSEPHPRESTON,JOSEPHPRESTONALLISON,,WHITE,NL,,REP,REPUBLICAN,86.0,10261968.0,AgeOver66,AA2676
ALAMANCE,A,,ALLISONJOYCEPHILLIPS,JOYCEPHILLIPSALLISON,2502MACLEODST,WHITE,NL,,REP,REPUBLICAN,40.0,7162010.0,Age2640,CB51468
ALAMANCE,A,,ALLISONJUDYSHOE,JUDYSHOEALLISON,504STHIRDST,WHITE,NL,,REP,REPUBLICAN,65.0,,Age4165,AA67941
ALAMANCE,I,INACTIVE,ALLISONJUDYANNE,JUDYANNEALLISON,1528SMEBANEST801H,WHITE,NL,,DEM,DEMOCRATIC,51.0,,Age4165,AA128479
ALAMANCE,A,,ALLISONJULIACHRISTINE,JULIACHRISTINEALLISON,514NSECONDST,WHITE,NL,,UNA,UNAFFILIATED,38.0,10302007.0,Age2640,AA151003
ALAMANCE,A,,ALLISONJUSTINDWAYNE,JUSTINDWAYNEALLISON,1549WDAVISST,WHITE,NL,,UNA,UNAFFILIATED,24.0,11072006.0,,AA164101
ALAMANCE,A,,ALLISONKALONASHE,KALONASHEALLISON,504STHIRDST,UNDESIGNATED,UN,UNDESIGNATED,REP,REPUBLICAN,18.0,5242012.0,,AA172398
ALAMANCE,A,,ALLISONKAYKAREN,KAYKARENALLISON,,WHITE,NL,,DEM,DEMOCRATIC,65.0,9161992.0,Age4165,AA83011
ALAMANCE,A,,ALLISONKELLYCOOPER,KELLYCOOPERALLISON,3424JONESDR,WHITE,NL,,UNA,UNAFFILIATED,38.0,1011900.0,Age2640,AA110542
ALAMANCE,R,REMOVED,ALLISONKENNETHLAMAR,KENNETHLAMARALLISON,426LANEST,BLACKorAFRICANAMERICAN,UN,UNDESIGNATED,DEM,DEMOCRATIC,27.0,10032008.0,Age2640,AA158893
ALAMANCE,A,,ALLISONKIMANITA,KIMANITAALLISON,902DEERFIELDTRCE,BLACKorAFRICANAMERICAN,NL,,DEM,DEMOCRATIC,42.0,2031988.0,Age4165,AA63424
ALAMANCE,A,,ALLISONKIMBERLYBYRD,KIMBERLYBYRDALLISON,5346FRIENDSHIPPATTERSONMILLRD,WHITE,NL,,UNA,UNAFFILIATED,28.0,,Age2640,AA128283
ALAMANCE,A,,ALLISONLACILASHLEY,LACILASHLEYALLISON,2903LAKERIDGELN,WHITE,NL,,REP,REPUBLICAN,58.0,4061972.0,Age4165,AA2681
ALAMANCE,D,DENIED,ALLISONLARRYDONNELL,LARRYDONNELLALLISON,425KERNODLEDR,BLACKorAFRICANAMERICAN,NL,,DEM,DEMOCRATIC,52.0,8111997.0,Age4165,AA107109
ALAMANCE,A,,ALLISONLARRYDONNELL,LARRYDONNELLALLISON,1862DURHAMST,BLACKorAFRICANAMERICAN,NL,,DEM,DEMOCRATIC,52.0,7252007.0,Age4165,AA150230
ALAMANCE,A,,ALLISONLESHASTOKES,LESHASTOKESALLISON,3933WHITELEVELRD,WHITE,NL,,REP,REPUBLICAN,31.0,9272000.0,Age2640,AA120354
ALAMANCE,A,,ALLISONLINDATHIEL,LINDATHIELALLISON,,WHITE,NL,,REP,REPUBLICAN,51.0,7181980.0,Age4165,
ALAMANCE,A,,ALLISONLOISMAYO,,412EWEBBST,BLACKorAFRICANAMERICAN,NL,,DEM,DEMOCRATIC,85.0,10251952.0,AgeOver66,AA2685
ALAMANCE,A,,ALLISONLORRIL,,322WILSONST,WHITE,NL,,DEM,DEMOCRATIC,44.0,,Age4165,DE209498
ALAMANCE,A,,ALLISONMABELCAGLE,,2170STHIRDSTEXT,WHITE,UN,UNDESIGNATED,DEM,DEMOCRATIC,84.0,9272004.0,AgeOver66,AA139194
ALAMANCE,R,REMOVED,ALLISONMABLEPOPE,,908AVONAVE,WHITE,NL,,DEM,DEMOCRATIC,89.0,3311972.0,AgeOver66,AA2688
ALAMANCE,A,,ALLISONMARCUSLAMONT,,1410VAUGHNRD,BLACKorAFRICANAMERICAN,NL,,DEM,DEMOCRATIC,33.0,9101999.0,Age2640,AA115380
ALAMANCE,A,,ALLISONMARGARETMOSER,,333MOSERST,WHITE,NL,,DEM,DEMOCRATIC,82.0,,AgeOver66,AA2689
ALAMANCE,A,,ALLISONMARIAMERLE,,1010GEORGETOWNEDR,BLACKorAFRICANAMERICAN,NL,,DEM,DEMOCRATIC,67.0,9172010.0,AgeOver66,AA166785
ALAMANCE,A,,ALLISONMARJORIEALLISON,,4787ASNCHWY87,WHITE,NL,,REP,REPUBLICAN,65.0,7251991.0,Age4165,AA77752
ALAMANCE,A,,ALLISONMARKISUZANNEBRAXTON,,,WHITE,NL,,DEM,DEMOCRATIC,28.0,7152008.0,Age2640,AA135806
ALAMANCE,A,,ALLISONMARYJANE,,710BURLINGTONAVEB,UNDESIGNATED,UN,UNDESIGNATED,UNA,UNAFFILIATED,62.0,11042008.0,Age4165,BY463315
ALAMANCE,A,,ALLISONMARYLOU,,321SMAPLEST,WHITE,NL,,DEM,DEMOCRATIC,73.0,2031976.0,AgeOver66,AA2691
ALAMANCE,R,REMOVED,ALLISONMARYGERNER,,333BURKEST6908,WHITE,NL,,DEM,DEMOCRATIC,94.0,9271991.0,AgeOver66,AA78441
ALAMANCE,I,INACTIVE,ALLISONMELISSAPORTERFIELD,,950ELIZABETHHOLTLN2,WHITE,NL,,REP,REPUBLICAN,43.0,9271990.0,Age4165,AA75680
ALAMANCE,A,,ALLISONMELISSAANDREWS,,204SEIGHTHST,WHITE,NL,,UNA,UNAFFILIATED,39.0,12091996.0,Age2640,AA104485
ALAMANCE,A,,ALLISONMICHAELGRANT,,3418MTWILLENRD,WHITE,UN,UNDESIGNATED,REP,REPUBLICAN,36.0,6201997.0,Age2640,AA106488
ALAMANCE,A,,ALLISONMICHAELLYNN,,507SPENCEAVE,WHITE,NL,,REP,REPUBLICAN,54.0,8241976.0,Age4165,AA2693
ALAMANCE,A,,ALLISONMICHAELPAULJR,,2706COBBSIDEDR,WHITE,NL,,UNA,UNAFFILIATED,32.0,9062000.0,Age2640,AA119544
ALAMANCE,A,,ALLISONMICHELLECHRISTINE,,201GOODSONAVE,TWOorMORERACES,UN,UNDESIGNATED,DEM,DEMOCRATIC,42.0,10032003.0,Age4165,AA131648
ALAMANCE,R,REMOVED,ALLISONMILDREDRUDD,,5759NNCHWY49,BLACKorAFRICANAMERICAN,NL,,DEM,DEMOCRATIC,92.0,10011980.0,AgeOver66,AA2694
ALAMANCE,A,,ALLISONMONNIEMARIE,MONNIEMARIEALLISON,507SPENCEAVE,WHITE,UN,UNDESIGNATED,DEM,DEMOCRATIC,51.0,4051979.0,Age4165,AA12563
ALAMANCE,A,,ALLISONMONTIPERRY,MONTIPERRYALLISON,,WHITE,NL,,REP,REPUBLICAN,51.0,4061979.0,Age4165,AA2695
ALAMANCE,A,,ALLISONMURPHYDEAN,MURPHYDEANALLISON,2175SWEPSONVILLERD,WHITE,NL,,DEM,DEMOCRATIC,62.0,,Age4165,AA62870
ALAMANCE,A,,ALLISONNANCYHAITHCOCK,NANCYHAITHCOCKALLISON,3907BASSMOUNTAINRD,WHITE,NL,,REP,REPUBLICAN,70.0,10021976.0,AgeOver66,AA2696
ALAMANCE,A,,ALLISONNANCYAMIS,NANCYAMISALLISON,545NROSACT,WHITE,NL,,REP,REPUBLICAN,52.0,2212004.0,Age4165,AA133076
ALAMANCE,A,,ALLISONNATALIEANN,NATALIEANNALLISON,,WHITE,NL,,UNA,UNAFFILIATED,19.0,4122012.0,,AA171528
ALAMANCE,R,REMOVED,ALLISONNATHANIEL,NATHANIELALLISON,5759NNCHWY49,BLACKorAFRICANAMERICAN,NL,,DEM,DEMOCRATIC,94.0,10011980.0,AgeOver66,AA2697
ALAMANCE,A,,ALLISONNORMASTINSON,NORMASTINSONALLISON,3418MTWILLENRD,WHITE,NL,,REP,REPUBLICAN,60.0,8111992.0,Age4165,AA82459
ALAMANCE,A,,ALLISONOWENLEE,OWENLEEALLISON,2170STHIRDSTEXT,WHITE,UN,UNDESIGNATED,DEM,DEMOCRATIC,87.0,9272004.0,AgeOver66,AA138477
ALAMANCE,A,,ALLISONPAMELAPHILLIPS,PAMELAPHILLIPSALLISON,15PERRYCIR,WHITE,NL,,UNA,UNAFFILIATED,40.0,10031990.0,Age2640,AA75187
ALAMANCE,R,REMOVED,ALLISONPATSYBROWN,PATSYBROWNALLISON,6438NNCHWY62,BLACKorAFRICANAMERICAN,NL,,DEM,DEMOCRATIC,54.0,9301988.0,Age4165,AA66777
ALAMANCE,R,REMOVED,ALLISONPEARLWOOD,PEARLWOODALLISON,2229BASILHOLTRD,WHITE,NL,,DEM,DEMOCRATIC,84.0,4201968.0,AgeOver66,AA2702
ALAMANCE,A,,ALLISONPHYLLISANN,PHYLLISANNALLISON,3015WINSTONDR105,WHITE,NL,,DEM,DEMOCRATIC,78.0,10241964.0,AgeOver66,AA2703
ALAMANCE,A,,ALLISONRACHELROBERTSON,RACHELROBERTSONALLISON,4630COGGINSRD,WHITE,NL,,UNA,UNAFFILIATED,76.0,8021995.0,AgeOver66,AA94937
ALAMANCE,A,,ALLISONRAYMONDCURTIS,RAYMONDCURTISALLISON,3907BASSMOUNTAINRD,WHITE,NL,,REP,REPUBLICAN,70.0,9171984.0,AgeOver66,
ALAMANCE,A,,ALLISONRAYMONDDOUGLAS,RAYMONDDOUGLASALLISON,504STHIRDST,WHITE,NL,,REP,REPUBLICAN,,3191986.0,Age4165,AA59535
ALAMANCE,A,,ALLISONREBECCADIANN,REBECCADIANNALLISON,,WHITE,UN,UNDESIGNATED,DEM,DEMOCRATIC,64.0,1031979.0,Age4165,AA2704
ALAMANCE,R,REMOVED,ALLISONREGINALDMARTINEZ,REGINALDMARTINEZALLISON,304WALKERDR,BLACKorAFRICANAMERICAN,NL,,DEM,DEMOCRATIC,37.0,11081994.0,Age2640,AA92141
ALAMANCE,R,REMOVED,ALLISONRICHARDDOUGLAS,RICHARDDOUGLASALLISON,2903LAKERIDGELN,WHITE,NL,,DEM,DEMOCRATIC,70.0,2231976.0,AgeOver66,AA2705
ALAMANCE,I,INACTIVE,ALLISONRICHARDKEITH,RICHARDKEITHALLISON,965INDIANVILLAGETRL1,WHITE,NL,,REP,REPUBLICAN,41.0,6181997.0,Age4165,AA106605
ALAMANCE,I,INACTIVE,ALLISONRICHARDBOYD,RICHARDBOYDALLISON,1254VINCENTDR,WHITE,NL,,UNA,UNAFFILIATED,54.0,4202001.0,Age4165,AA123381
ALAMANCE,A,,ALLISONROBERTKEITHJR,ROBERTKEITHALLISONJR,3441MTWILLENRD4,WHITE,NL,,DEM,DEMOCRATIC,39.0,8101994.0,Age2640,AA90779
ALAMANCE,A,,ALLISONROBERTDALE,ROBERTDALEALLISON,1345ROCKWOODAVE,WHITE,NL,,UNA,UNAFFILIATED,80.0,7181972.0,AgeOver66,AA2706
ALAMANCE,A,,ALLISONROBERTKEITH,ROBERTKEITHALLISON,3441MTWILLENRD4,WHITE,UN,UNDESIGNATED,REP,REPUBLICAN,58.0,7302012.0,Age4165,AA173595
ALAMANCE,A,,ALLISONROGERGRANT,ROGERGRANTALLISON,3418MTWILLENRD,WHITE,NL,,REP,REPUBLICAN,59.0,12091992.0,Age4165,AA85978
ALAMANCE,A,,ALLISONROYEDWARD,ROYEDWARDALLISON,2860BALTAMAHAWUNIONRIDGERD,WHITE,NL,,UNA,UNAFFILIATED,56.0,5061992.0,Age4165,AA81372
ALAMANCE,A,,ALLISONSAMANTHALAUREN,SAMANTHALAURENALLISON,545NROSACT,WHITE,UN,UNDESIGNATED,REP,REPUBLICAN,22.0,10032008.0,,AA158894
ALAMANCE,A,,ALLISONSANDRAHOLT,SANDRAHOLTALLISON,1420TARLETONAVE,WHITE,NL,,REP,REPUBLICAN,58.0,8172004.0,Age4165,AA136102
ALAMANCE,R,REMOVED,ALLISONSHANELLEMARIE,SHANELLEMARIEALLISON,6848TOMWOODYRD,BLACKorAFRICANAMERICAN,UN,UNDESIGNATED,DEM,DEMOCRATIC,22.0,10062008.0,,AA159054
ALAMANCE,A,,ALLISONSHARDIAHCORLIETHA,SHARDIAHCORLIETHAALLISON,2415BERKLEYRD,BLACKorAFRICANAMERICAN,UN,UNDESIGNATED,DEM,DEMOCRATIC,21.0,2042009.0,,AA163384
ALAMANCE,I,INACTIVE,ALLISONSHARONNICHOLE,SHARONNICHOLEALLISON,2246FARRELLRDB,WHITE,NL,,REP,REPUBLICAN,29.0,3032008.0,Age2640,AA152546
ALAMANCE,A,,ALLISONSHARONANNISLEY,SHARONANNISLEYALLISON,714DURHAMST,BLACKorAFRICANAMERICAN,UN,UNDESIGNATED,DEM,DEMOCRATIC,52.0,8152005.0,Age4165,AA144167
ALAMANCE,A,,ALLISONSHARONCOBB,SHARONCOBBALLISON,,WHITE,NL,,REP,REPUBLICAN,59.0,,Age4165,AA67525
ALAMANCE,A,,ALLISONSHIRLEYANN,SHIRLEYANNALLISON,317BROOKLYNST,BLACKorAFRICANAMERICAN,NL,,DEM,DEMOCRATIC,69.0,,AgeOver66,AA67201
ALAMANCE,A,,ALLISONSONYASMITH,SONYASMITHALLISON,,WHITE,NL,,UNA,UNAFFILIATED,40.0,,Age2640,AA131840
ALAMANCE,A,,ALLISONSTEPHENWAYNE,STEPHENWAYNEALLISON,,WHITE,NL,,REP,REPUBLICAN,58.0,1201984.0,Age4165,AA2710
ALAMANCE,A,,ALLISONSTEVENDUANE,STEVENDUANEALLISON,,WHITE,NL,,UNA,UNAFFILIATED,31.0,1222008.0,Age2640,AA139629
ALAMANCE,A,,ALLISONSUEANN,SUEANNALLISON,2175SWEPSONVILLERD,WHITE,NL,,DEM,DEMOCRATIC,59.0,12281971.0,Age4165,AA2712
ALAMANCE,A,,ALLISONSUNNYLOY,SUNNYLOYALLISON,2309MCKINNEYST,WHITE,NL,,DEM,DEMOCRATIC,61.0,8231984.0,Age4165,
ALAMANCE,A,,ALLISONTANYAMONIQUE,TANYAMONIQUEALLISON,1862DURHAMST,BLACKorAFRICANAMERICAN,NL,,DEM,DEMOCRATIC,39.0,10042012.0,Age2640,AA175876
ALAMANCE,A,,ALLISONTHOMASPAUL,THOMASPAULALLISON,3224CENTURYCT,WHITE,NL,,UNA,UNAFFILIATED,,5281985.0,Age4165,AA58871
ALAMANCE,A,,ALLISONTRACIELYNN,TRACIELYNNALLISON,,WHITE,NL,,DEM,DEMOCRATIC,,10051987.0,Age4165,AA62449
ALAMANCE,A,,ALLISONTRAVISDEAN,TRAVISDEANALLISON,2175SWEPSONVILLERD,WHITE,NL,,REP,REPUBLICAN,33.0,3161998.0,Age2640,AA109405
ALAMANCE,A,,ALLISONVERNONCOY,VERNONCOYALLISON,3027MAPLEAVEL1,WHITE,NL,,DEM,DEMOCRATIC,84.0,1231954.0,AgeOver66,AA2716
ALAMANCE,A,,ALLISONVIRGINIAFRANCES,VIRGINIAFRANCESALLISON,826WOODLEIGHAVE,WHITE,NL,,UNA,UNAFFILIATED,62.0,7121994.0,Age4165,AA90588
ALAMANCE,A,,ALLISONWALTERCLINTON,WALTERCLINTONALLISON,426LANEST,BLACKorAFRICANAMERICAN,NL,,DEM,DEMOCRATIC,59.0,1091979.0,Age4165,AA2718
ALAMANCE,A,,ALLISONWALTERCLINTONJR,WALTERCLINTONALLISONJR,426LANEST,BLACKorAFRICANAMERICAN,NL,,DEM,DEMOCRATIC,25.0,9302005.0,,AA144860
ALAMANCE,A,,ALLISONWANDASNIPES,WANDASNIPESALLISON,319ELMIRAST,BLACKorAFRICANAMERICAN,UN,UNDESIGNATED,DEM,DEMOCRATIC,58.0,,Age4165,AA177589
ALAMANCE,R,REMOVED,ALLISONWILLIAMDENNIS,WILLIAMDENNISALLISON,2229BASILHOLTRD,WHITE,NL,,DEM,DEMOCRATIC,81.0,4201968.0,AgeOver66,AA2719
ALAMANCE,R,REMOVED,ALLISONWILLIAMGREGG,WILLIAMGREGGALLISON,317BROOKLYNST,BLACKorAFRICANAMERICAN,NL,,DEM,DEMOCRATIC,66.0,,Age4165,AA2721
ALAMANCE,A,,ALLISONDAVISKARENMICHELE,KARENMICHELEALLISONDAVIS,4061STONECRESTDR101,BLACKorAFRICANAMERICAN,NL,,DEM,DEMOCRATIC,55.0,,Age4165,AA176437
ALAMANCE,A,,ALLMANBARBARALENTZ,BARBARALENTZALLMAN,,WHITE,UN,UNDESIGNATED,UNA,UNAFFILIATED,75.0,8082012.0,AgeOver66,AA174252
ALAMANCE,R,REMOVED,ALLMANCHRISTOPHERSCOTT,CHRISTOPHERSCOTTALLMAN,1615ELITTLEJOHNLN,WHITE,NL,,REP,REPUBLICAN,43.0,2092004.0,Age4165,AA132942
ALAMANCE,A,,ALLMANDONALDADAM,DONALDADAMALLMAN,,WHITE,UN,UNDESIGNATED,UNA,UNAFFILIATED,79.0,8082012.0,AgeOver66,BY4443
ALAMANCE,R,REMOVED,ALLMANDUSTINJOEL,DUSTINJOELALLMAN,1615ELITTLEJOHNLN,WHITE,NL,,REP,REPUBLICAN,26.0,2192004.0,Age2640,AA133040
ALAMANCE,A,,ALLMANJANICELOMAN,JANICELOMANALLMAN,1660ROBINHOODDR,WHITE,NL,,DEM,DEMOCRATIC,70.0,10071972.0,AgeOver66,AA2724
ALAMANCE,R,REMOVED,ALLMANKELLYLYNCH,KELLYLYNCHALLMAN,218BENJAMINCT,WHITE,NL,,REP,REPUBLICAN,51.0,11051996.0,Age4165,AA104233
ALAMANCE,R,REMOVED,ALLMANKIMBERLYTERRELL,KIMBERLYTERRELLALLMAN,1615ELITTLEJOHNLN,WHITE,NL,,REP,REPUBLICAN,43.0,3192004.0,Age4165,AA133424
ALAMANCE,A,,ALLMANMICHEALCHRISTOPHER,,1510GRACELANDINGDR,WHITE,NL,,UNA,UNAFFILIATED,38.0,12302008.0,Age2640,AA163041
ALAMANCE,A,,ALLMANNICOLEMICHELE,NICOLEMICHELEALLMAN,1510GRACELANDINGDR,WHITE,NL,,UNA,UNAFFILIATED,38.0,8062009.0,Age2640,AA164501
ALAMANCE,A,,ALLMONDAMANDAPAIGE,AMANDAPAIGEALLMOND,3311BELLEMONTMTHERMONRD,WHITE,NL,,REP,REPUBLICAN,22.0,2222011.0,,AA168104
ALAMANCE,A,,ALLMONDANGELAPATTERSON,ANGELAPATTERSONALLMOND,2600WENDALLCT,WHITE,NL,,REP,REPUBLICAN,43.0,4161991.0,Age4165,AA77006
ALAMANCE,A,,ALLMONDCYTURNER,CYTURNERALLMOND,,WHITE,NL,,UNA,UNAFFILIATED,21.0,4252012.0,,AA172289
ALAMANCE,A,,ALLMONDDEBRAMOORE,DEBRAMOOREALLMOND,5173SNCHWY49,WHITE,NL,,REP,REPUBLICAN,55.0,2031993.0,Age4165,AA86594
ALAMANCE,A,,ALLMONDMICHAELREED,,429CEDARLN,WHITE,NL,,DEM,DEMOCRATIC,,10271989.0,Age4165,AA70030
ALAMANCE,A,,ALLMONDPAMELAMAGAN,PAMELAMAGANALLMOND,2003QUAKERCREEKDR,WHITE,NL,,REP,REPUBLICAN,,8181995.0,Age4165,AA95233
ALAMANCE,A,,ALLMONDRICHARDEARLJR,RICHARDEARLALLMONDJR,317TRAILFOUR,WHITE,NL,,REP,REPUBLICAN,51.0,5242011.0,Age4165,AA168608
ALAMANCE,A,,ALLMONDSTEPHANIEBROOKE,STEPHANIEBROOKEALLMOND,5173SNCHWY49,WHITE,NL,,UNA,UNAFFILIATED,24.0,6302006.0,,AA146865
ALAMANCE,A,,ALLMONDSTEVENSCOTT,STEVENSCOTTALLMOND,215REDBERRYCT,WHITE,NL,,UNA,UNAFFILIATED,40.0,1172008.0,Age2640,AA151842
ALAMANCE,A,,ALLMONDSTEVENCHAD,STEVENCHADALLMOND,641ANNADR,WHITE,NL,,DEM,DEMOCRATIC,22.0,2112008.0,,AA152190
ALAMANCE,A,,ALLMONDTIMOTHY,TIMOTHYALLMOND,2600WENDALLCT,WHITE,NL,,REP,REPUBLICAN,44.0,3042003.0,Age4165,AA129643
ALAMANCE,A,,ALLREDALANDALE,ALANDALEALLRED,206ASHLEYTRCE,WHITE,NL,,REP,REPUBLICAN,44.0,3281986.0,Age4165,AA59639
ALAMANCE,A,,ALLREDALICIAJONES,ALICIAJONESALLRED,1721CARRIAGERUNCT,WHITE,NL,,REP,REPUBLICAN,42.0,2132001.0,Age4165,AA122870
ALAMANCE,A,,ALLREDALLISONLESLIE,ALLISONLESLIEALLRED,3481FORESTDALEDR1A,WHITE,NL,,REP,REPUBLICAN,35.0,9282010.0,Age2640,AA131253
ALAMANCE,A,,ALLREDALVINJR,ALVINALLREDJR,140PEPPERTREEDR,WHITE,NL,,REP,REPUBLICAN,80.0,10061972.0,AgeOver66,AA2727
ALAMANCE,A,,ALLREDALVINDEAN,ALVINDEANALLRED,1318GREENBRIARST,WHITE,NL,,REP,REPUBLICAN,61.0,1111979.0,Age4165,AA2729
ALAMANCE,A,,ALLREDASHLEYMARIE,ASHLEYMARIEALLRED,2605HICKORYAVE,WHITE,NL,,REP,REPUBLICAN,34.0,6062008.0,Age2640,AA154908
ALAMANCE,A,,ALLREDBAINFRANKLIN,BAINFRANKLINALLRED,2204SWEETBAYCIR,WHITE,NL,,DEM,DEMOCRATIC,80.0,5302012.0,AgeOver66,BY4472
ALAMANCE,A,,ALLREDBETTYDRAKE,BETTYDRAKEALLRED,915TRAILEIGHT,WHITE,NL,,DEM,DEMOCRATIC,85.0,1251982.0,AgeOver66,AA2732
ALAMANCE,A,,ALLREDBETTYJ,BETTYJALLRED,2114SWEETBAYCIR,WHITE,UN,UNDESIGNATED,DEM,DEMOCRATIC,80.0,12161998.0,AgeOver66,AA112302
ALAMANCE,A,,ALLREDBRIANKIRK,BRIANKIRKALLRED,2455MORNINGSIDEDR,WHITE,NL,,REP,REPUBLICAN,42.0,2081988.0,Age4165,AA63729
ALAMANCE,A,,ALLREDBRYONDOUGLAS,BRYONDOUGLASALLRED,406EGRAHAMST,WHITE,NL,,REP,REPUBLICAN,,6191991.0,Age4165,AA77516
ALAMANCE,A,,ALLREDCANDACEDEAN,CANDACEDEANALLRED,230ENGLEMANAVE,WHITE,NL,,REP,REPUBLICAN,34.0,,Age2640,AA144801
ALAMANCE,I,INACTIVE,ALLREDCAROLINEELIZABETH,CAROLINEELIZABETHALLRED,3733BASONRD,WHITE,NL,,UNA,UNAFFILIATED,29.0,3192004.0,Age2640,AA133531
ALAMANCE,A,,ALLREDCAROLYNTATUM,CAROLYNTATUMALLRED,50BRIGHTONCT,WHITE,NL,,DEM,DEMOCRATIC,65.0,9072000.0,Age4165,AA119622
ALAMANCE,A,,ALLREDCAROLYNBURKE,CAROLYNBURKEALLRED,2712AMHERSTAVE,WHITE,NL,,DEM,DEMOCRATIC,73.0,5051962.0,AgeOver66,AA2734
ALAMANCE,A,,ALLREDCAROLYNSMITH,CAROLYNSMITHALLRED,2525MABLETONDR,WHITE,NL,,DEM,DEMOCRATIC,71.0,5091972.0,AgeOver66,AA2736
ALAMANCE,R,REMOVED,ALLREDCARYDALE,CARYDALEALLRED,4307SARTINRD,WHITE,NL,,UNA,UNAFFILIATED,65.0,7191976.0,Age4165,AA2737
ALAMANCE,A,,ALLREDCASEYMCPHERSON,CASEYMCPHERSONALLRED,9582TIARAFARMDR,WHITE,NL,,DEM,DEMOCRATIC,33.0,12151998.0,Age2640,AA112917
ALAMANCE,A,,ALLREDCHARLESWESLEY,CHARLESWESLEYALLRED,419COLLINWOODDR,WHITE,NL,,UNA,UNAFFILIATED,65.0,3071995.0,Age4165,AA92556
ALAMANCE,A,,ALLREDCHARLESKELLY,CHARLESKELLYALLRED,,WHITE,NL,,REP,REPUBLICAN,54.0,2231976.0,Age4165,AA2740
ALAMANCE,A,,ALLREDCHARLESANTHONY,CHARLESANTHONYALLRED,,WHITE,NL,,REP,REPUBLICAN,37.0,,Age2640,AA176438
ALAMANCE,A,,ALLREDCHRISTOPHERNEAL,CHRISTOPHERNEALALLRED,3151ALLREDTRL,WHITE,UN,UNDESIGNATED,REP,REPUBLICAN,40.0,,Age2640,BY536973
ALAMANCE,R,REMOVED,ALLREDCHRISTOPHERHOWARD,CHRISTOPHERHOWARDALLRED,2904QUAKERCREEKDR,WHITE,NL,,DEM,DEMOCRATIC,39.0,9302003.0,Age2640,AA131491
ALAMANCE,I,INACTIVE,ALLREDCHRISTOPHERBRIAN,CHRISTOPHERBRIANALLRED,2707ROGERSRD,WHITE,NL,,UNA,UNAFFILIATED,41.0,4221993.0,Age4165,AA87076
ALAMANCE,A,,ALLREDCLAUDIEALTON,CLAUDIEALTONALLRED,856GREENWOODDR,WHITE,NL,,REP,REPUBLICAN,68.0,10291966.0,AgeOver66,AA2742
ALAMANCE,A,,ALLREDDARRINLEE,DARRINLEEALLRED,2239NNCHWY119,WHITE,NL,,DEM,DEMOCRATIC,,12101999.0,Age4165,AA116244
ALAMANCE,A,,ALLREDDAVIDPARK,DAVIDPARKALLRED,660MANNINGAVE36,WHITE,UN,UNDESIGNATED,UNA,UNAFFILIATED,61.0,9242012.0,Age4165,AA174937
ALAMANCE,A,,ALLREDDEATRAFOSTER,DEATRAFOSTERALLRED,2707ROGERSRD,WHITE,NL,,DEM,DEMOCRATIC,44.0,6031992.0,Age4165,AA81831
ALAMANCE,A,,ALLREDDEEDRADAWN,DEEDRADAWNALLRED,1851OLDDAMRD,WHITE,NL,,DEM,DEMOCRATIC,39.0,1302008.0,Age2640,DS76515
ALAMANCE,A,,ALLREDDONCLINTON,DONCLINTONALLRED,2712AMHERSTAVE,WHITE,NL,,REP,REPUBLICAN,76.0,5071960.0,AgeOver66,AA2749
ALAMANCE,A,,ALLREDDONALDSCOTT,DONALDSCOTTALLRED,230ENGLEMANAVE,WHITE,NL,,REP,REPUBLICAN,35.0,4041996.0,Age2640,AA98684
ALAMANCE,A,,ALLREDDONALDKELLY,DONALDKELLYALLRED,2037GURNEYCT,WHITE,NL,,REP,REPUBLICAN,,,Age4165,AA112017
ALAMANCE,A,,ALLREDDONALDB,DONALDBALLRED,405CARRIECT,WHITE,NL,,REP,REPUBLICAN,62.0,11042008.0,Age4165,BY417276
ALAMANCE,A,,ALLREDDONNIELANDON,DONNIELANDONALLRED,1851OLDDAMRD,WHITE,NL,,REP,REPUBLICAN,37.0,4042008.0,Age2640,DS77037
ALAMANCE,A,,ALLREDDONNIEEUGENE,DONNIEEUGENEALLRED,,WHITE,NL,,DEM,DEMOCRATIC,56.0,4131984.0,Age4165,
ALAMANCE,R,REMOVED,ALLREDDOROTHYSINK,DOROTHYSINKALLRED,402NSECONDST,WHITE,NL,,DEM,DEMOCRATIC,95.0,5061940.0,AgeOver66,AA2752
ALAMANCE,A,,ALLREDEDENFITZGERALD,EDENFITZGERALDALLRED,4048POWELLRD,WHITE,NL,,REP,REPUBLICAN,41.0,6102011.0,Age4165,AA168703
ALAMANCE,A,,ALLREDEDWARDWILLIAMII,EDWARDWILLIAMALLREDII,1721CARRIAGERUNCT,WHITE,NL,,REP,REPUBLICAN,42.0,12202002.0,Age4165,AA128480
ALAMANCE,I,INACTIVE,ALLREDEMILYTOTTY,EMILYTOTTYALLRED,3733BASONRD,WHITE,UN,UNDESIGNATED,REP,REPUBLICAN,37.0,2032000.0,Age2640,AA116996
ALAMANCE,I,INACTIVE,ALLREDERICTODD,ERICTODDALLRED,3481FORESTDALEDR1A,WHITE,NL,,REP,REPUBLICAN,,1292007.0,Age4165,AA148759
ALAMANCE,A,,ALLREDETHELSYKES,ETHELSYKESALLRED,2608SADDLECLUBRD,WHITE,NL,,DEM,DEMOCRATIC,91.0,10241964.0,AgeOver66,AA2755
ALAMANCE,A,,ALLREDETHELROBERTS,ETHELROBERTSALLRED,2204SWEETBAYCIR,WHITE,NL,,UNA,UNAFFILIATED,70.0,5302012.0,AgeOver66,BY568543
ALAMANCE,A,,ALLREDGARYLEE,GARYLEEALLRED,,WHITE,NL,,REP,REPUBLICAN,53.0,12281978.0,Age4165,AA2760
ALAMANCE,A,,ALLREDGARYDWAYNE,GARYDWAYNEALLRED,6767COTTONWOODDR,WHITE,NL,,REP,REPUBLICAN,30.0,3312000.0,Age2640,AA117630
ALAMANCE,A,,ALLREDHEATHERLYNEE,HEATHERLYNEEALLRED,980SCENICDR,WHITE,NL,,REP,REPUBLICAN,32.0,9092004.0,Age2640,AA137347
ALAMANCE,A,,ALLREDISABELLAKIMBRO,ISABELLAKIMBROALLRED,,WHITE,NL,,DEM,DEMOCRATIC,73.0,7291982.0,AgeOver66,AA2768
ALAMANCE,A,,ALLREDJACLYNMICHELLE,JACLYNMICHELLEALLRED,1274CANDLEWOODDR,WHITE,UN,UNDESIGNATED,UNA,UNAFFILIATED,24.0,,,AA159533
ALAMANCE,A,,ALLREDJACQUELYNGARDNER,JACQUELYNGARDNERALLRED,2220HARRISONDR,WHITE,UN,UNDESIGNATED,DEM,DEMOCRATIC,40.0,9092002.0,Age2640,AA127775
ALAMANCE,A,,ALLREDJAMESANDREW,JAMESANDREWALLRED,9582TIARAFARMDR,WHITE,NL,,REP,REPUBLICAN,34.0,9162004.0,Age2640,AA138139
ALAMANCE,A,,ALLREDJAMESDAVID,JAMESDAVIDALLRED,409ENGLEMANAVE,WHITE,NL,NOTHISPANICorNOTLATINO,DEM,DEMOCRATIC,74.0,10061980.0,AgeOver66,AA2770
ALAMANCE,A,,ALLREDJAMESDAVIDJR,JAMESDAVIDALLREDJR,,WHITE,NL,,REP,REPUBLICAN,43.0,7171991.0,Age4165,AA77754
ALAMANCE,R,REMOVED,ALLREDJAMESKENNETH,JAMESKENNETHALLRED,638JAMESST,WHITE,NL,,DEM,DEMOCRATIC,57.0,12061988.0,Age4165,AA68889
ALAMANCE,A,,ALLREDJAMIEISLEY,JAMIEISLEYALLRED,3143ALLREDTRL,WHITE,NL,,REP,REPUBLICAN,36.0,10081996.0,Age2640,AA103622
ALAMANCE,I,INACTIVE,ALLREDJANETHAMM,JANETHAMMALLRED,1808WOODAVE,WHITE,NL,,REP,REPUBLICAN,59.0,7261993.0,Age4165,AA87570
ALAMANCE,A,,ALLREDJEANBROWN,JEANBROWNALLRED,463PARKVIEWDR,WHITE,NL,,UNA,UNAFFILIATED,66.0,4201968.0,AgeOver66,AA2774
ALAMANCE,A,,ALLREDJEFFREYTHOMAS,JEFFREYTHOMASALLRED,8065COBLEMILLRD,WHITE,NL,,UNA,UNAFFILIATED,40.0,12172003.0,Age2640,AA132398
ALAMANCE,I,INACTIVE,ALLREDJEFFREYALLEN,JEFFREYALLENALLRED,3733BASONRD,WHITE,NL,,REP,REPUBLICAN,53.0,2222000.0,Age4165,AA117160
ALAMANCE,A,,ALLREDJENNIFERHALL,JENNIFERHALLALLRED,6767COTTONWOODDR,WHITE,NL,,REP,REPUBLICAN,27.0,9022004.0,Age2640,AA136920
ALAMANCE,A,,ALLREDJERRYDOUGLAS,JERRYDOUGLASALLRED,2525MABLETONDR,WHITE,NL,,DEM,DEMOCRATIC,71.0,5151972.0,AgeOver66,AA2775
ALAMANCE,A,,ALLREDJERRYDOUGLASJR,JERRYDOUGLASALLREDJR,1274CANDLEWOODDR,WHITE,NL,,REP,REPUBLICAN,,11031998.0,Age4165,AA112269
ALAMANCE,A,,ALLREDJERRYLUCAS,JERRYLUCASALLRED,611BHHARVEYTRL,WHITE,NL,,REP,REPUBLICAN,,9102010.0,Age4165,AA166720
ALAMANCE,A,,ALLREDJILLDENISE,JILLDENISEALLRED,1804HARRISDR,WHITE,NL,,UNA,UNAFFILIATED,53.0,4272005.0,Age4165,AA143477
ALAMANCE,R,REMOVED,ALLREDJOHNPAUL,JOHNPAULALLRED,610SFOURTHST,WHITE,NL,,REP,REPUBLICAN,36.0,12121995.0,Age2640,AA96758
ALAMANCE,A,,ALLREDJOHNNYWILLIAM,JOHNNYWILLIAMALLRED,6321STONEYMOUNTAINRD,WHITE,NL,,REP,REPUBLICAN,73.0,7192000.0,AgeOver66,AA118783
ALAMANCE,R,REMOVED,ALLREDJUANITASTJOHN,JUANITASTJOHNALLRED,2950CROUSELN206,WHITE,NL,,REP,REPUBLICAN,82.0,9191997.0,AgeOver66,AA107752
ALAMANCE,A,,ALLREDJUDITHOWEN,JUDITHOWENALLRED,1507WDAVISST,WHITE,NL,,REP,REPUBLICAN,77.0,7211980.0,AgeOver66,AA2778
ALAMANCE,A,,ALLREDJUDYDIAN,JUDYDIANALLRED,140PEPPERTREEDR,WHITE,NL,,REP,REPUBLICAN,68.0,10061972.0,AgeOver66,AA2779
ALAMANCE,A,,ALLREDJUDYGREESON,JUDYGREESONALLRED,523WHITTAVE,WHITE,NL,,DEM,DEMOCRATIC,61.0,10081984.0,Age4165,AA57720
ALAMANCE,A,,ALLREDJULIAWORKMAN,JULIAWORKMANALLRED,,WHITE,NL,,UNA,UNAFFILIATED,80.0,5021964.0,AgeOver66,AA2780
ALAMANCE,A,,ALLREDKARENFRALIX,KARENFRALIXALLRED,1318GREENBRIARST,WHITE,NL,,REP,REPUBLICAN,55.0,5152008.0,Age4165,AA154909
ALAMANCE,A,,ALLREDKAROLEIGHCOLLINS,KAROLEIGHCOLLINSALLRED,2904FORESTDALEDR,WHITE,NL,,REP,REPUBLICAN,,,Age4165,AA61420
ALAMANCE,A,,ALLREDKAYOLIVER,KAYOLIVERALLRED,3151ALLREDTRL,WHITE,NL,,DEM,DEMOCRATIC,64.0,8221984.0,Age4165,
ALAMANCE,A,,ALLREDKEITHEVERETT,KEITHEVERETTALLRED,2904FORESTDALEDR,WHITE,NL,,REP,REPUBLICAN,,4091984.0,Age4165,
ALAMANCE,I,INACTIVE,ALLREDKENNETHLEE,KENNETHLEEALLRED,201FLORENCEST,WHITE,NL,,UNA,UNAFFILIATED,75.0,11161995.0,AgeOver66,AA96148
ALAMANCE,A,,ALLREDKEVINGORDON,KEVINGORDONALLRED,2015NORTHCRESTDR,WHITE,NL,,REP,REPUBLICAN,41.0,7191991.0,Age4165,AA77962
ALAMANCE,A,,ALLREDKIMT,KIMTALLRED,3151ALLREDTRL,WHITE,UN,UNDESIGNATED,REP,REPUBLICAN,37.0,6192012.0,Age2640,AA172399
ALAMANCE,A,,ALLREDKIMBERLYBARRINGER,KIMBERLYBARRINGERALLRED,206ASHLEYTRCE,WHITE,NL,NOTHISPANICorNOTLATINO,REP,REPUBLICAN,,7202001.0,Age4165,AA123965
ALAMANCE,A,,ALLREDKYLEANTHONY,KYLEANTHONYALLRED,406EGRAHAMST,WHITE,UN,UNDESIGNATED,UNA,UNAFFILIATED,18.0,1272012.0,,AA170153
ALAMANCE,A,,ALLREDLARRYMAURICE,LARRYMAURICEALLRED,,WHITE,NL,NOTHISPANICorNOTLATINO,UNA,UNAFFILIATED,84.0,7211980.0,AgeOver66,AA2782
ALAMANCE,A,,ALLREDLAURALEE,LAURALEEALLRED,2938AMHERSTAVE,WHITE,NL,NOTHISPANICorNOTLATINO,REP,REPUBLICAN,50.0,4041990.0,Age4165,AA71480
ALAMANCE,A,,ALLREDLAVARUSELONZO,LAVARUSELONZOALLRED,2949ETHANPOINTEDR,BLACKorAFRICANAMERICAN,UN,UNDESIGNATED,DEM,DEMOCRATIC,19.0,,,AA177731
ALAMANCE,R,REMOVED,ALLREDLAWRENCEEARL,LAWRENCEEARLALLRED,522SHADOWBROOKDR,WHITE,NL,,DEM,DEMOCRATIC,82.0,12161998.0,AgeOver66,AA112303
ALAMANCE,A,,ALLREDLEONARDKELLY,LEONARDKELLYALLRED,,WHITE,NL,,UNA,UNAFFILIATED,82.0,5101952.0,AgeOver66,AA2783
ALAMANCE,A,,ALLREDLILABRENDA,LILABRENDAALLRED,710ROLLINGRD,WHITE,NL,,DEM,DEMOCRATIC,70.0,4081980.0,AgeOver66,AA2786
ALAMANCE,A,,ALLREDLINDAGREGORY,LINDAGREGORYALLRED,856GREENWOODDR,WHITE,NL,,REP,REPUBLICAN,67.0,4031979.0,AgeOver66,AA2787
ALAMANCE,A,,ALLREDLINDSEYMICHELLE,,2310HARRISONDR,WHITE,NL,,UNA,UNAFFILIATED,18.0,2132012.0,,AA170326
ALAMANCE,A,,ALLREDLISAGAYLE,,2037GURNEYCT,WHITE,NL,,REP,REPUBLICAN,50.0,,Age4165,AA112018
ALAMANCE,A,,ALLREDLISARENEE,,,WHITE,NL,,UNA,UNAFFILIATED,33.0,8201999.0,Age2640,AA114867
ALAMANCE,A,,ALLREDLORIHOWE,,1274CANDLEWOODDR,WHITE,NL,,UNA,UNAFFILIATED,,5141996.0,Age4165,AA99219
ALAMANCE,A,,ALLREDLYNDAHOWELL,,528LITTLECREEKDR,WHITE,NL,NOTHISPANICorNOTLATINO,UNA,UNAFFILIATED,67.0,3291974.0,AgeOver66,AA2790
ALAMANCE,A,,ALLREDMARCUSLEE,,610SFIFTHST,WHITE,NL,,DEM,DEMOCRATIC,66.0,4131968.0,AgeOver66,AA2791
ALAMANCE,A,,ALLREDMARKEVERETT,,4048POWELLRD,WHITE,NL,,REP,REPUBLICAN,42.0,12181992.0,Age4165,AA85980
ALAMANCE,A,,ALLREDMICHAELANTHONY,,3169ALLREDTRL,WHITE,NL,,REP,REPUBLICAN,36.0,11291995.0,Age2640,AA96664
ALAMANCE,A,,ALLREDMICHAELEUGENE,,3759CLAPPMILLRD,WHITE,NL,,REP,REPUBLICAN,50.0,3211988.0,Age4165,AA64528
ALAMANCE,A,,ALLREDMICHAELTHADDEUS,,9102HINSHAWSHOPRD,WHITE,NL,,REP,REPUBLICAN,37.0,7262005.0,Age2640,AA144034
ALAMANCE,A,,ALLREDMICHAELDONALDSR,,708HUNTINGTONCT,WHITE,UN,UNDESIGNATED,DEM,DEMOCRATIC,65.0,11022004.0,Age4165,AA141442
ALAMANCE,A,,ALLREDMICHELLECHAMBERS,,611BHHARVEYTRL,WHITE,NL,,UNA,UNAFFILIATED,43.0,11151999.0,Age4165,AA115898
ALAMANCE,A,,ALLREDMINNIELOUFRIDDLE,MINNIELOUFRIDDLEALLRED,124TARPLEYST216,WHITE,UN,UNDESIGNATED,REP,REPUBLICAN,79.0,9302004.0,AgeOver66,AA139292
ALAMANCE,A,,ALLREDMOLLIEMORROW,MOLLIEMORROWALLRED,5848THOMRD,WHITE,UN,UNDESIGNATED,UNA,UNAFFILIATED,92.0,10012008.0,AgeOver66,AA158447
ALAMANCE,I,INACTIVE,ALLREDMONTYWAYNE,MONTYWAYNEALLRED,304EARLDR,WHITE,NL,,REP,REPUBLICAN,63.0,9132004.0,Age4165,AA138141
ALAMANCE,A,,ALLREDNELLHOOK,NELLHOOKALLRED,409ENGLEMANAVE,WHITE,NL,,REP,REPUBLICAN,71.0,4071984.0,AgeOver66,
ALAMANCE,A,,ALLREDNINACLAPP,NINACLAPPALLRED,8065COBLEMILLRD,WHITE,NL,,UNA,UNAFFILIATED,39.0,7291993.0,Age2640,AA87803
ALAMANCE,R,REMOVED,ALLREDNORMANEVERETT,NORMANEVERETTALLRED,2608SADDLECLUBRD,WHITE,NL,,DEM,DEMOCRATIC,91.0,10241964.0,AgeOver66,AA2800
ALAMANCE,A,,ALLREDPAMELACLAPP,PAMELACLAPPALLRED,708HUNTINGTONCT,WHITE,NL,,DEM,DEMOCRATIC,64.0,10051987.0,Age4165,AA62469
ALAMANCE,I,INACTIVE,ALLREDPAMELAEDWARDS,PAMELAEDWARDSALLRED,627NCHURCHSTA1,WHITE,NL,,UNA,UNAFFILIATED,,4072008.0,Age4165,AA153745
ALAMANCE,A,,ALLREDPATRICKNELSON,PATRICKNELSONALLRED,100PINOAKCT,WHITE,NL,,REP,REPUBLICAN,33.0,8112004.0,Age2640,AA135234
ALAMANCE,A,,ALLREDPATTIDOLLAR,PATTIDOLLARALLRED,406EGRAHAMST,WHITE,NL,,UNA,UNAFFILIATED,,3191984.0,Age4165,
ALAMANCE,A,,ALLREDRALPHWALTERS,RALPHWALTERSALLRED,1266WESTBROOKAVE,WHITE,NL,,UNA,UNAFFILIATED,87.0,7151996.0,AgeOver66,AA100491
ALAMANCE,A,,ALLREDRANDYLEE,RANDYLEEALLRED,1938STONESTEXT,WHITE,NL,,REP,REPUBLICAN,56.0,1031995.0,Age4165,AA92557
ALAMANCE,A,,ALLREDREBECCALYNN,REBECCALYNNALLRED,100PINOAKCT,WHITE,NL,,REP,REPUBLICAN,33.0,2192004.0,Age2640,AA133041
ALAMANCE,A,,ALLREDRICHARDFLOYD,RICHARDFLOYDALLRED,5432THOMPSONMILLRD,WHITE,UN,UNDESIGNATED,REP,REPUBLICAN,25.0,,,AA176647
ALAMANCE,A,,ALLREDRICHIELEE,RICHIELEEALLRED,2317MTPLEASANTCHURCHRD,WHITE,NL,,DEM,DEMOCRATIC,60.0,6201990.0,Age4165,AA71984
ALAMANCE,A,,ALLREDRICKYLYNN,RICKYLYNNALLRED,8106COBLEMILLRD,WHITE,NL,,REP,REPUBLICAN,52.0,12171991.0,Age4165,AA79140
ALAMANCE,R,REMOVED,ALLREDROBERTDEAN,ROBERTDEANALLRED,8335WILDROSEDR,WHITE,NL,,REP,REPUBLICAN,42.0,7282000.0,Age4165,AA118784
ALAMANCE,A,,ALLREDROBINJUNE,ROBINJUNEALLRED,,WHITE,NL,,REP,REPUBLICAN,52.0,12281978.0,Age4165,AA2804
ALAMANCE,A,,ALLREDROCHELLECOSTA,ROCHELLECOSTAALLRED,,WHITE,NL,,DEM,DEMOCRATIC,62.0,11122003.0,Age4165,AA131841
ALAMANCE,A,,ALLREDRONALDEUGENE,RONALDEUGENEALLRED,506WHITESELLST,WHITE,UN,UNDESIGNATED,UNA,UNAFFILIATED,65.0,3182008.0,Age4165,BY4651
ALAMANCE,A,,ALLREDRUTHMELTON,RUTHMELTONALLRED,1938STONESTEXT,WHITE,NL,,REP,REPUBLICAN,63.0,2211982.0,Age4165,AA2806
ALAMANCE,I,INACTIVE,ALLREDSANDRARIVERS,SANDRARIVERSALLRED,201FLORENCEST,WHITE,NL,,UNA,UNAFFILIATED,70.0,11161995.0,AgeOver66,AA96149
ALAMANCE,A,,ALLREDSHELBYJEAN,SHELBYJEANALLRED,4148SWANNIECOBLERD,WHITE,UN,UNDESIGNATED,REP,REPUBLICAN,73.0,10282008.0,AgeOver66,AA161929
ALAMANCE,A,,ALLREDSTEVENWAYNE,STEVENWAYNEALLRED,3745FRIENDSHIPPATTERSONMILLRDJ,WHITE,NL,,UNA,UNAFFILIATED,26.0,9192008.0,Age2640,AA157710
ALAMANCE,A,,ALLREDTAMMYATWATER,TAMMYATWATERALLRED,2239NNCHWY119,WHITE,NL,,REP,REPUBLICAN,,8161996.0,Age4165,AA101371
ALAMANCE,A,,ALLREDTERESALYNN,TERESALYNNALLRED,856GREENWOODDR,WHITE,NL,,REP,REPUBLICAN,,9221984.0,Age4165,
ALAMANCE,A,,ALLREDTERESATUCKER,TERESATUCKERALLRED,,WHITE,NL,,REP,REPUBLICAN,65.0,10031984.0,Age4165,
ALAMANCE,A,,ALLREDTERIKENNEDY,TERIKENNEDYALLRED,,WHITE,UN,UNDESIGNATED,REP,REPUBLICAN,26.0,,Age2640,BY412023
ALAMANCE,A,,ALLREDTERRYPATTISHALL,TERRYPATTISHALLALLRED,700APPLEST,WHITE,UN,UNDESIGNATED,REP,REPUBLICAN,54.0,1141997.0,Age4165,AA104511
ALAMANCE,A,,ALLREDTHOMASLEE,THOMASLEEALLRED,50BRIGHTONCT,WHITE,NL,,DEM,DEMOCRATIC,65.0,9072000.0,Age4165,AA119623
ALAMANCE,A,,ALLREDTIFFANIMICHELLE,TIFFANIMICHELLEALLRED,611BHHARVEYTRL,WHITE,NL,,REP,REPUBLICAN,24.0,11282007.0,,AA151259
ALAMANCE,A,,ALLREDTIMOTHYWAYNE,TIMOTHYWAYNEALLRED,3380KIMESVILLERD,WHITE,NL,,UNA,UNAFFILIATED,53.0,,Age4165,AA67955
ALAMANCE,I,INACTIVE,ALLREDTOMMYELYNN,TOMMYELYNNALLRED,1318GREENBRIARST,WHITE,NL,,REP,REPUBLICAN,58.0,10041978.0,Age4165,AA2812
ALAMANCE,A,,ALLREDTRISTANOSHEA,TRISTANOSHEAALLRED,980SCENICDR,WHITE,NL,,UNA,UNAFFILIATED,21.0,12022009.0,,AA165080
ALAMANCE,A,,ALLREDTYLERELISE,TYLERELISEALLRED,406EGRAHAMST,WHITE,NL,,REP,REPUBLICAN,23.0,,,AA159145
ALAMANCE,A,,ALLREDVICTORBRUCE,VICTORBRUCEALLRED,3181ALLREDTRL,WHITE,NL,,REP,REPUBLICAN,62.0,1202006.0,Age4165,AA145642
ALAMANCE,A,,ALLREDVICTORDOYLE,VICTORDOYLEALLRED,231SGURNEYST,WHITE,UN,UNDESIGNATED,DEM,DEMOCRATIC,62.0,9062012.0,Age4165,AA80551
ALAMANCE,R,REMOVED,ALLREDWILLIAMHERNDON,WILLIAMHERNDONALLRED,,WHITE,NL,,DEM,DEMOCRATIC,74.0,5091964.0,AgeOver66,AA2818
ALAMANCE,A,,ALLREDWILLIAMLONNIE,WILLIAMLONNIEALLRED,528LITTLECREEKDR,WHITE,NL,,REP,REPUBLICAN,66.0,4201968.0,AgeOver66,AA2820
ALAMANCE,A,,ALLREDWILLIAMALLEN,WILLIAMALLENALLRED,2220HARRISONDR,WHITE,NL,,DEM,DEMOCRATIC,42.0,9101996.0,Age4165,AA101706
ALAMANCE,A,,ALLREDZACHARYSCOT,ZACHARYSCOTALLRED,6918TOMWOODYRD,WHITE,NL,,UNA,UNAFFILIATED,21.0,,,AA176469
ALAMANCE,A,,ALLSBROOKDELYNETTENASHELLE,DELYNETTENASHELLEALLSBROOK,,UNDESIGNATED,UN,UNDESIGNATED,UNA,UNAFFILIATED,34.0,11022010.0,Age2640,AX35871
ALAMANCE,A,,ALLSHOUSEAUSTINPAYNE,AUSTINPAYNEALLSHOUSE,3130KENSINGTONPL,WHITE,NL,,DEM,DEMOCRATIC,25.0,6272005.0,,AA143896
ALAMANCE,A,,ALLSHOUSEDIANAMARIE,DIANAMARIEALLSHOUSE,336HILLCRESTAVE,WHITE,NL,,UNA,UNAFFILIATED,53.0,10272010.0,Age4165,AA167537
ALAMANCE,A,,ALLSHOUSEERICMARTIN,ERICMARTINALLSHOUSE,2233MILLBROOKDR,WHITE,NL,,UNA,UNAFFILIATED,,3311992.0,Age4165,AA80553
ALAMANCE,A,,ALLSHOUSEMARYPATRICIA,,3130KENSINGTONPL,WHITE,NL,,DEM,DEMOCRATIC,65.0,8241984.0,Age4165,
ALAMANCE,A,,ALLSHOUSEMARYELIZABETH,,3130KENSINGTONPL,WHITE,NL,,DEM,DEMOCRATIC,29.0,7192004.0,Age2640,AA135195
ALAMANCE,A,,ALLSHOUSEMELODIESWANSON,,2233MILLBROOKDR,WHITE,NL,,REP,REPUBLICAN,,10081994.0,Age4165,AA91554
ALAMANCE,A,,ALLSHOUSEWILLIAMBENJAMINII,WILLIAMBENJAMINALLSHOUSEII,3130KENSINGTONPL,WHITE,NL,,DEM,DEMOCRATIC,71.0,8241984.0,AgeOver66,
ALAMANCE,R,REMOVED,ALLSHOUSEWILLIAMBENJAMINIII,WILLIAMBENJAMINALLSHOUSEIII,3130KENSINGTONPL,WHITE,NL,,DEM,DEMOCRATIC,32.0,1251998.0,Age2640,AA108910
ALAMANCE,A,,ALLUMSPAULAJO,PAULAJOALLUMS,8687PERRYRD,WHITE,NL,,DEM,DEMOCRATIC,58.0,3172005.0,Age4165,AA143218
ALAMANCE,I,INACTIVE,ALLUMSSCOTTEDWARD,SCOTTEDWARDALLUMS,8301WILDROSEDR11,WHITE,NL,,DEM,DEMOCRATIC,51.0,3172005.0,Age4165,AA143219
ALAMANCE,A,,ALLYNSHAUNNAEDWARDS,SHAUNNAEDWARDSALLYN,138BOONERD,WHITE,NL,,REP,REPUBLICAN,51.0,3202012.0,Age4165,AA170999
ALAMANCE,A,,ALMARAZNANCYGARCIA,NANCYGARCIAALMARAZ,751KERNODLELN16,INDIANAMERICANorALASKANATIVE,HL,HISPANICorLATINO,DEM,DEMOCRATIC,30.0,4232012.0,Age2640,AA171537
ALAMANCE,A,,ALMARAZGARCIAMARIAMAGDALENA,,79LESLEEDR79,UNDESIGNATED,HL,HISPANICorLATINO,UNA,UNAFFILIATED,29.0,3122012.0,Age2640,AA170913
ALAMANCE,A,,ALMASHYTAMMYJOE,TAMMYJOEALMASHY,6401SNOWCAMPRD,WHITE,NL,,REP,REPUBLICAN,,8292002.0,Age4165,AA127508
ALAMANCE,A,,ALMEKINDERSIVANALKESANDER,IVANALKESANDERALMEKINDERS,321EFIFTHST1,WHITE,UN,UNDESIGNATED,DEM,DEMOCRATIC,23.0,10272012.0,,AA178419
ALAMANCE,A,,ALMERSJUSTINEDWARD,JUSTINEDWARDALMERS,,WHITE,NL,,UNA,UNAFFILIATED,32.0,,Age2640,DE228309
ALAMANCE,A,,ALMERSMELISSACHAMBERLAIN,,,WHITE,NL,NOTHISPANICorNOTLATINO,DEM,DEMOCRATIC,32.0,,Age2640,DE181933
ALAMANCE,A,,ALMODOVARAMANDAHARDIE,AMANDAHARDIEALMODOVAR,4963MTVERNONCHURCHRD,WHITE,NL,NOTHISPANICorNOTLATINO,DEM,DEMOCRATIC,31.0,4202012.0,Age2640,BY409553
ALAMANCE,A,,ALMODOVARHUGOADALBERTOII,HUGOADALBERTOALMODOVARII,4963MTVERNONCHURCHRD,WHITE,NL,NOTHISPANICorNOTLATINO,UNA,UNAFFILIATED,33.0,4272012.0,Age2640,BE230580
ALAMANCE,A,,ALMONDJERRY,JERRYALMOND,398GREENBRIERFARMTRL,WHITE,NL,NOTHISPANICorNOTLATINO,REP,REPUBLICAN,78.0,3242006.0,AgeOver66,AX39013
ALAMANCE,A,,ALMONDMADELYNWARNER,,398GREENBRIERFARMTRL,WHITE,NL,NOTHISPANICorNOTLATINO,REP,REPUBLICAN,77.0,3242006.0,AgeOver66,AX39012
ALAMANCE,A,,ALMONDROBERTLANGLEYJR,ROBERTLANGLEYALMONDJR,2406NMAURYARCH,WHITE,NL,NOTHISPANICorNOTLATINO,REP,REPUBLICAN,61.0,8312007.0,Age4165,BL239236
ALAMANCE,A,,ALMONTEANAJULIALONDONO,ANAJULIALONDONOALMONTE,100PHOENIXDR107,UNDESIGNATED,HL,HISPANICorLATINO,DEM,DEMOCRATIC,20.0,10032012.0,,AA175931
ALAMANCE,A,,ALMOSCAROLLYNNE,CAROLLYNNEALMOS,2861BURCHBRIDGERD,WHITE,NL,NOTHISPANICorNOTLATINO,REP,REPUBLICAN,61.0,1032007.0,Age4165,AA148633
ALAMANCE,A,,ALMOUGARIJAMILEH,JAMILEHALMOUGARI,,ASIAN,UN,UNDESIGNATED,UNA,UNAFFILIATED,34.0,10082004.0,Age2640,AA140293
ALAMANCE,A,,ALOMICHAELANTHONY,,1336MONROEHOLTRD,WHITE,NL,NOTHISPANICorNOTLATINO,REP,REPUBLICAN,33.0,4072006.0,Age2640,AA146292
ALAMANCE,A,,ALONSOCHIMENOMARIAVICTORIA,,428HUCKLEBERRYLOOP,OTHER,UN,UNDESIGNATED,REP,REPUBLICAN,41.0,,Age4165,AA177212
ALAMANCE,A,,ALPAUGHTERESAANN,TERESAANNALPAUGH,3103COMMERCEPLA,WHITE,NL,NOTHISPANICorNOTLATINO,DEM,DEMOCRATIC,58.0,9082011.0,Age4165,AA169280
ALAMANCE,A,,ALPERTSARAOLIVIA,SARAOLIVIAALPERT,430STATIONCIR430,WHITE,UN,UNDESIGNATED,DEM,DEMOCRATIC,20.0,,,AA178227
ALAMANCE,A,,ALSAIDISALEEMDIRHEM,SALEEMDIRHEMALSAIDI,,OTHER,UN,UNDESIGNATED,REP,REPUBLICAN,21.0,2272009.0,,AA163518
ALAMANCE,A,,ALSALDIDIRHEMABBAS,DIRHEMABBASALSALDI,,ASIAN,UN,UNDESIGNATED,UNA,UNAFFILIATED,56.0,10082004.0,Age4165,AA140294
ALAMANCE,I,INACTIVE,ALSPAUGHCAROLYNBYRUM,CAROLYNBYRUMALSPAUGH,406GATESAVE,WHITE,NL,NOTHISPANICorNOTLATINO,DEM,DEMOCRATIC,96.0,5101952.0,AgeOver66,AA2821
ALAMANCE,A,,ALSTONAARONDUPREE,AARONDUPREEALSTON,1872TURNERRD,BLACKorAFRICANAMERICAN,NL,NOTHISPANICorNOTLATINO,DEM,DEMOCRATIC,36.0,4072004.0,Age2640,AA133693
ALAMANCE,A,,ALSTONACHLEEANGEL,ACHLEEANGELALSTON,2954ETHANPOINTEDR4101,TWOorMORERACES,UN,UNDESIGNATED,DEM,DEMOCRATIC,22.0,4112008.0,,AA153746
ALAMANCE,A,,ALSTONALVISALEXANDER,ALVISALEXANDERALSTON,2971VICTORIAFALLSDR,BLACKorAFRICANAMERICAN,NL,NOTHISPANICorNOTLATINO,DEM,DEMOCRATIC,,10081996.0,Age4165,AA103033
ALAMANCE,A,,ALSTONANTHONYKALBERT,ANTHONYKALBERTALSTON,2946SILERRD,BLACKorAFRICANAMERICAN,NL,NOTHISPANICorNOTLATINO,UNA,UNAFFILIATED,43.0,9112009.0,Age4165,BE170025
ALAMANCE,A,,ALSTONANTHONY,ANTHONYALSTON,,TWOorMORERACES,UN,UNDESIGNATED,DEM,DEMOCRATIC,53.0,9101999.0,Age4165,AA115382
ALAMANCE,A,,ALSTONANTONIOAMERICUS,ANTONIOAMERICUSALSTON,6523BISHOPRDA,BLACKorAFRICANAMERICAN,NL,NOTHISPANICorNOTLATINO,DEM,DEMOCRATIC,,6071995.0,Age4165,AA94268
ALAMANCE,A,,ALSTONAUTRYLEE,AUTRYLEEALSTON,1922LAMBERTRD,BLACKorAFRICANAMERICAN,NL,NOTHISPANICorNOTLATINO,DEM,DEMOCRATIC,69.0,9251992.0,AgeOver66,AA84000
ALAMANCE,A,,ALSTONBAKIYAAB,BAKIYAABALSTON,837RAYST,BLACKorAFRICANAMERICAN,UN,UNDESIGNATED,UNA,UNAFFILIATED,18.0,5212012.0,,AA172175
ALAMANCE,A,,ALSTONBARBARAANN,BARBARAANNALSTON,4800SMOKEYHOLLOWRD,BLACKorAFRICANAMERICAN,NL,NOTHISPANICorNOTLATINO,DEM,DEMOCRATIC,77.0,5091964.0,AgeOver66,AA2825
ALAMANCE,A,,ALSTONBARRYDALEYON,BARRYDALEYONALSTON,1889ALLENJARRETTDR,BLACKorAFRICANAMERICAN,NL,NOTHISPANICorNOTLATINO,DEM,DEMOCRATIC,,7011989.0,Age4165,AA69586
ALAMANCE,A,,ALSTONBARRYLEE,BARRYLEEALSTON,5716DAVIDMOORERD,BLACKorAFRICANAMERICAN,NL,NOTHISPANICorNOTLATINO,DEM,DEMOCRATIC,62.0,8021989.0,Age4165,AA69748
ALAMANCE,R,REMOVED,ALSTONBARRYEDWIN,BARRYEDWINALSTON,5716DAVIDMOORERD,BLACKorAFRICANAMERICAN,NL,NOTHISPANICorNOTLATINO,DEM,DEMOCRATIC,33.0,4111997.0,Age2640,AA105952
ALAMANCE,A,,ALSTONBETTIEHAITH,BETTIEHAITHALSTON,514RICHMONDAVE,BLACKorAFRICANAMERICAN,NL,NOTHISPANICorNOTLATINO,DEM,DEMOCRATIC,59.0,5092003.0,Age4165,AA130203
ALAMANCE,A,,ALSTONBETTYA,BETTYAALSTON,2211LEEDR,BLACKorAFRICANAMERICAN,UN,UNDESIGNATED,DEM,DEMOCRATIC,77.0,3072007.0,AgeOver66,AA149069
ALAMANCE,A,,ALSTONBEVERLYDENISE,BEVERLYDENISEALSTON,1009TOWNBRANCHRD2D,UNDESIGNATED,UN,UNDESIGNATED,DEM,DEMOCRATIC,52.0,5092012.0,Age4165,AA172405
ALAMANCE,R,REMOVED,ALSTONBOBBIE,BOBBIEALSTON,310TRYONST,BLACKorAFRICANAMERICAN,NL,NOTHISPANICorNOTLATINO,DEM,DEMOCRATIC,73.0,9212005.0,AgeOver66,AA144802
ALAMANCE,A,,ALSTONBOBBYLEE,BOBBYLEEALSTON,310TRYONST,BLACKorAFRICANAMERICAN,NL,NOTHISPANICorNOTLATINO,DEM,DEMOCRATIC,28.0,9292005.0,Age2640,AA144803
ALAMANCE,A,,ALSTONBORISLAMONT,BORISLAMONTALSTON,325STONERDE,BLACKorAFRICANAMERICAN,NL,NOTHISPANICorNOTLATINO,DEM,DEMOCRATIC,44.0,4302008.0,Age4165,AA102307
ALAMANCE,A,,ALSTONBRANDIEDENAY,BRANDIEDENAYALSTON,2212PHYLLISLNA,BLACKorAFRICANAMERICAN,UN,UNDESIGNATED,DEM,DEMOCRATIC,21.0,5242012.0,,AA172419
ALAMANCE,A,,ALSTONBRANDONLEIGH,BRANDONLEIGHALSTON,1410SHARPERD,BLACKorAFRICANAMERICAN,UN,UNDESIGNATED,DEM,DEMOCRATIC,33.0,9242000.0,Age2640,AA120240
ALAMANCE,D,DENIED,ALSTONBRITTANYLEA,BRITTANYLEAALSTON,5716DAVIDMOORERD,BLACKorAFRICANAMERICAN,NL,NOTHISPANICorNOTLATINO,DEM,DEMOCRATIC,28.0,10012004.0,Age2640,AA140615
ALAMANCE,A,,ALSTONCARLJUNIOR,CARLJUNIORALSTON,514RICHMONDAVE,BLACKorAFRICANAMERICAN,NL,NOTHISPANICorNOTLATINO,DEM,DEMOCRATIC,64.0,11192002.0,Age4165,AA128481
ALAMANCE,A,,ALSTONCARLAMARIE,CARLAMARIEALSTON,1336PARKERST,BLACKorAFRICANAMERICAN,UN,UNDESIGNATED,DEM,DEMOCRATIC,,6071994.0,Age4165,AA90341
ALAMANCE,A,,ALSTONCAROLAWOODS,CAROLAWOODSALSTON,4365SWEPSONVILLESAXAPAHAWRD,BLACKorAFRICANAMERICAN,NL,NOTHISPANICorNOTLATINO,DEM,DEMOCRATIC,86.0,6231972.0,AgeOver66,
ALAMANCE,R,REMOVED,ALSTONCAROLYNELAINE,CAROLYNELAINEALSTON,322LAKESIDEAVE,BLACKorAFRICANAMERICAN,UN,UNDESIGNATED,DEM,DEMOCRATIC,76.0,,AgeOver66,AA159660
ALAMANCE,A,,ALSTONCATHERINELOUISE,CATHERINELOUISEALSTON,1003APPLEST,BLACKorAFRICANAMERICAN,NL,NOTHISPANICorNOTLATINO,DEM,DEMOCRATIC,79.0,,AgeOver66,AA2828
ALAMANCE,I,INACTIVE,ALSTONCHARLENEWOODS,CHARLENEWOODSALSTON,2620FRESHWATERRD,BLACKorAFRICANAMERICAN,UN,UNDESIGNATED,DEM,DEMOCRATIC,60.0,1172002.0,Age4165,AA125410
ALAMANCE,R,REMOVED,ALSTONCHARLESEMANUEL,CHARLESEMANUELALSTON,2524HILLDALEST,BLACKorAFRICANAMERICAN,NL,NOTHISPANICorNOTLATINO,DEM,DEMOCRATIC,61.0,7131987.0,Age4165,AA61782
ALAMANCE,A,,ALSTONCHEZETTEWATLINGTON,CHEZETTEWATLINGTONALSTON,2163SHADYLN,BLACKorAFRICANAMERICAN,NL,NOTHISPANICorNOTLATINO,DEM,DEMOCRATIC,,,Age4165,AA67957
ALAMANCE,A,,ALSTONCHRISTIELORRAINE,CHRISTIELORRAINEALSTON,3071MANSFIELDRD,BLACKorAFRICANAMERICAN,UN,UNDESIGNATED,UNA,UNAFFILIATED,,6172008.0,Age4165,AA155129
ALAMANCE,R,REMOVED,ALSTONCHRISTIELORRAINE,CHRISTIELORRAINEALSTON,3071MANSFIELDRD,BLACKorAFRICANAMERICAN,NL,NOTHISPANICorNOTLATINO,DEM,DEMOCRATIC,,11142000.0,Age4165,AA121987
ALAMANCE,A,,ALSTONCHRISTINAALEENE,CHRISTINAALEENEALSTON,,BLACKorAFRICANAMERICAN,NL,NOTHISPANICorNOTLATINO,DEM,DEMOCRATIC,21.0,2182011.0,,AA168085
ALAMANCE,I,INACTIVE,ALSTONCHRISTINASILER,CHRISTINASILERALSTON,719BROOKGREENTER,BLACKorAFRICANAMERICAN,UN,UNDESIGNATED,DEM,DEMOCRATIC,44.0,,Age4165,AA140295
ALAMANCE,A,,ALSTONCHRISTOPHERJAMES,CHRISTOPHERJAMESALSTON,716EVERETTST,BLACKorAFRICANAMERICAN,NL,NOTHISPANICorNOTLATINO,DEM,DEMOCRATIC,19.0,8122011.0,,AA169114
ALAMANCE,A,,ALSTONCHRISTYMOORE,CHRISTYMOOREALSTON,5066DAILEYSTORERD,BLACKorAFRICANAMERICAN,NL,NOTHISPANICorNOTLATINO,UNA,UNAFFILIATED,33.0,9242004.0,Age2640,AA138910
ALAMANCE,A,,ALSTONCHRISTYPARKER,CHRISTYPARKERALSTON,3256NNCHWY49,BLACKorAFRICANAMERICAN,NL,NOTHISPANICorNOTLATINO,DEM,DEMOCRATIC,38.0,9221992.0,Age2640,AA83399
ALAMANCE,A,,ALSTONCLARAMILLIKAN,CLARAMILLIKANALSTON,1859MORROWSCHOOLRD,BLACKorAFRICANAMERICAN,NL,NOTHISPANICorNOTLATINO,DEM,DEMOCRATIC,83.0,10281950.0,AgeOver66,AA2830
ALAMANCE,A,,ALSTONCLARENCEELVESTER,CLARENCEELVESTERALSTON,1564MORGANTOWNRD,BLACKorAFRICANAMERICAN,NL,NOTHISPANICorNOTLATINO,DEM,DEMOCRATIC,89.0,,AgeOver66,AA2831
ALAMANCE,A,,ALSTONCLARENCEELVESTERJR,CLARENCEELVESTERALSTONJR,147HAZELDR,BLACKorAFRICANAMERICAN,NL,NOTHISPANICorNOTLATINO,DEM,DEMOCRATIC,59.0,9291976.0,Age4165,AA2832
ALAMANCE,R,REMOVED,ALSTONCLARENCEEDWARD,CLARENCEEDWARDALSTON,501HAWFIELDRD,BLACKorAFRICANAMERICAN,NL,NOTHISPANICorNOTLATINO,DEM,DEMOCRATIC,69.0,4161990.0,AgeOver66,AA71518
ALAMANCE,A,,ALSTONCLYDEHERRINGTON,CLYDEHERRINGTONALSTON,223SLANEST,BLACKorAFRICANAMERICAN,NL,NOTHISPANICorNOTLATINO,DEM,DEMOCRATIC,57.0,10302008.0,Age4165,AA162122
ALAMANCE,A,,ALSTONCONSTANCEANN,CONSTANCEANNALSTON,1704OLDCARRIAGECT,WHITE,UN,UNDESIGNATED,DEM,DEMOCRATIC,34.0,5062008.0,Age2640,EH562809
ALAMANCE,A,,ALSTONCONSTANCEBURGH,CONSTANCEBURGHALSTON,3925ANDERSWAY,BLACKorAFRICANAMERICAN,NL,NOTHISPANICorNOTLATINO,DEM,DEMOCRATIC,,4041988.0,Age4165,AA64778
ALAMANCE,A,,ALSTONCOREYA,COREYAALSTON,835CORNWALLISDR,UNDESIGNATED,UN,UNDESIGNATED,DEM,DEMOCRATIC,41.0,10052012.0,Age4165,AA175990
ALAMANCE,A,,ALSTONCRASHONDAANTIONETTE,CRASHONDAANTIONETTEALSTON,,BLACKorAFRICANAMERICAN,UN,UNDESIGNATED,DEM,DEMOCRATIC,27.0,9192008.0,Age2640,AA161176
ALAMANCE,A,,ALSTONCRYSTALDANIELLE,CRYSTALDANIELLEALSTON,5480LINDLEYMILLRD,BLACKorAFRICANAMERICAN,UN,UNDESIGNATED,DEM,DEMOCRATIC,20.0,6042012.0,,AA172421
ALAMANCE,A,,ALSTONDALEKIMBERLYROY,DALEKIMBERLYROYALSTON,,BLACKorAFRICANAMERICAN,NL,NOTHISPANICorNOTLATINO,DEM,DEMOCRATIC,42.0,3311992.0,Age4165,AA80556
ALAMANCE,A,,ALSTONDAVIDLEEIII,DAVIDLEEALSTONIII,3154CALLOWAYDR,BLACKorAFRICANAMERICAN,NL,NOTHISPANICorNOTLATINO,DEM,DEMOCRATIC,28.0,2262008.0,Age2640,AA152470
ALAMANCE,I,INACTIVE,ALSTONDEANGELORASHAD,DEANGELORASHADALSTON,1937PAYNERD,BLACKorAFRICANAMERICAN,NL,NOTHISPANICorNOTLATINO,UNA,UNAFFILIATED,32.0,8091999.0,Age2640,AA114868
ALAMANCE,A,,ALSTONDELORES,DELORESALSTON,1450DURHAMMEADOWSDR,BLACKorAFRICANAMERICAN,UN,UNDESIGNATED,DEM,DEMOCRATIC,55.0,3241984.0,Age4165,
ALAMANCE,A,,ALSTONDEVOLIAMAE,DEVOLIAMAEALSTON,3475CORBETTRD,BLACKorAFRICANAMERICAN,NL,NOTHISPANICorNOTLATINO,DEM,DEMOCRATIC,70.0,10081990.0,AgeOver66,AA74507
ALAMANCE,I,INACTIVE,ALSTONDEVOYERLYNN,DEVOYERLYNNALSTON,9608SNOWCAMPRD,BLACKorAFRICANAMERICAN,NL,NOTHISPANICorNOTLATINO,DEM,DEMOCRATIC,,9301996.0,Age4165,AA102593
ALAMANCE,A,,ALSTONDEWITTJR,DEWITTALSTONJR,,BLACKorAFRICANAMERICAN,NL,NOTHISPANICorNOTLATINO,DEM,DEMOCRATIC,51.0,2232009.0,Age4165,AA163475
ALAMANCE,A,,ALSTONDIACABRINA,DIACABRINAALSTON,1904SASHLANDDR,BLACKorAFRICANAMERICAN,NL,NOTHISPANICorNOTLATINO,DEM,DEMOCRATIC,41.0,9091990.0,Age4165,AA73188
ALAMANCE,A,,ALSTONDIANEM,DIANEMALSTON,505HAWFIELDRD,BLACKorAFRICANAMERICAN,NL,NOTHISPANICorNOTLATINO,DEM,DEMOCRATIC,,8281998.0,Age4165,AA111479
ALAMANCE,A,,ALSTONDOMAMICHELLE,DOMAMICHELLEALSTON,3992SHONNETTEDR,BLACKorAFRICANAMERICAN,NL,NOTHISPANICorNOTLATINO,DEM,DEMOCRATIC,,9272007.0,Age4165,DE222618
ALAMANCE,R,REMOVED,ALSTONDONDITHERON,DONDITHERONALSTON,1410SHARPERD,BLACKorAFRICANAMERICAN,NL,NOTHISPANICorNOTLATINO,DEM,DEMOCRATIC,50.0,4081980.0,Age4165,AA2836
ALAMANCE,A,,ALSTONDONNIERAY,DONNIERAYALSTON,259DAKOTADR,BLACKorAFRICANAMERICAN,UN,UNDESIGNATED,DEM,DEMOCRATIC,41.0,11022004.0,Age4165,AA141446
ALAMANCE,A,,ALSTONDOREENTHOMPSON,DOREENTHOMPSONALSTON,5480LINDLEYMILLRD,BLACKorAFRICANAMERICAN,NL,NOTHISPANICorNOTLATINO,DEM,DEMOCRATIC,54.0,9241982.0,Age4165,AA2837
ALAMANCE,A,,ALSTONDUNCANERIC,DUNCANERICALSTON,1009TOWNBRANCHRD1D,BLACKorAFRICANAMERICAN,UN,UNDESIGNATED,DEM,DEMOCRATIC,54.0,,Age4165,AA159553
ALAMANCE,A,,ALSTONDWIGHTDIEON,DWIGHTDIEONALSTON,,BLACKorAFRICANAMERICAN,UN,UNDESIGNATED,DEM,DEMOCRATIC,42.0,10041988.0,Age4165,AA66782
ALAMANCE,A,,ALSTONEARLEUGENE,EARLEUGENEALSTON,2913ANITACT,BLACKorAFRICANAMERICAN,NL,NOTHISPANICorNOTLATINO,UNA,UNAFFILIATED,35.0,11022004.0,Age2640,AA141447
ALAMANCE,A,,ALSTONEARLEUGENE,EARLEUGENEALSTON,1924NNCHWY49,BLACKorAFRICANAMERICAN,UN,UNDESIGNATED,DEM,DEMOCRATIC,68.0,5142012.0,AgeOver66,AA172425
ALAMANCE,A,,ALSTONEBONY,EBONYALSTON,3925ANDERSWAY,BLACKorAFRICANAMERICAN,NL,NOTHISPANICorNOTLATINO,DEM,DEMOCRATIC,28.0,10082004.0,Age2640,AA140192
ALAMANCE,A,,ALSTONEBONYC,EBONYCALSTON,4800SMOKEYHOLLOWRD,BLACKorAFRICANAMERICAN,UN,UNDESIGNATED,DEM,DEMOCRATIC,23.0,4072008.0,,AA153772
ALAMANCE,A,,ALSTONEDITHDERICE,EDITHDERICEALSTON,123SANTHONYST,BLACKorAFRICANAMERICAN,UN,UNDESIGNATED,DEM,DEMOCRATIC,,9302008.0,Age4165,AA158178
ALAMANCE,A,,ALSTONEDITHPAULETTE,EDITHPAULETTEALSTON,640SCOTTDR,BLACKorAFRICANAMERICAN,NL,NOTHISPANICorNOTLATINO,DEM,DEMOCRATIC,63.0,10051992.0,Age4165,AA83615
ALAMANCE,A,,ALSTONEDNAMAE,EDNAMAEALSTON,6725LINDLEYMILLRD,BLACKorAFRICANAMERICAN,NL,NOTHISPANICorNOTLATINO,DEM,DEMOCRATIC,57.0,,Age4165,AA103843
ALAMANCE,A,,ALSTONELIZABETHATWATER,ELIZABETHATWATERALSTON,4165SWEPSONVILLESAXAPAHAWRD,BLACKorAFRICANAMERICAN,NL,NOTHISPANICorNOTLATINO,DEM,DEMOCRATIC,66.0,10061972.0,AgeOver66,AA2839
ALAMANCE,A,,ALSTONELIZABETH,ELIZABETHALSTON,1924NNCHWY49,BLACKorAFRICANAMERICAN,UN,UNDESIGNATED,DEM,DEMOCRATIC,66.0,5142012.0,AgeOver66,AA172427
ALAMANCE,R,REMOVED,ALSTONEMMAHTORAIN,EMMAHTORAINALSTON,4160SWEPSONVILLESAXAPAHAWRD,BLACKorAFRICANAMERICAN,NL,NOTHISPANICorNOTLATINO,DEM,DEMOCRATIC,83.0,10021976.0,AgeOver66,AA2840
ALAMANCE,A,,ALSTONEMMAMARIE,EMMAMARIEALSTON,2524HILLDALEST,BLACKorAFRICANAMERICAN,NL,NOTHISPANICorNOTLATINO,DEM,DEMOCRATIC,58.0,8201986.0,Age4165,AA60294
ALAMANCE,A,,ALSTONERICWILLIAM,ERICWILLIAMALSTON,505HAWFIELDRD,BLACKorAFRICANAMERICAN,NL,NOTHISPANICorNOTLATINO,DEM,DEMOCRATIC,41.0,4041989.0,Age4165,AA68995
ALAMANCE,A,,ALSTONERICVANBUREN,ERICVANBURENALSTON,324WFIFTHST3,BLACKorAFRICANAMERICAN,NL,NOTHISPANICorNOTLATINO,LIB,LIBERTARIAN,20.0,9212012.0,,BL384101
ALAMANCE,R,REMOVED,ALSTONERICRICARDO,ERICRICARDOALSTON,2211LEEDR,BLACKorAFRICANAMERICAN,UN,UNDESIGNATED,DEM,DEMOCRATIC,53.0,4112007.0,Age4165,EJ18785
ALAMANCE,A,,ALSTONERNEST,ERNESTALSTON,415NEWST,UNDESIGNATED,UN,UNDESIGNATED,UNA,UNAFFILIATED,60.0,4142008.0,Age4165,AA154033
ALAMANCE,A,,ALSTONEUGENE,EUGENEALSTON,1924NNCHWY4922,UNDESIGNATED,UN,UNDESIGNATED,UNA,UNAFFILIATED,33.0,11022004.0,Age2640,AA141434
ALAMANCE,A,,ALSTONEULISSJACKJR,EULISSJACKALSTONJR,5456LINDLEYMILLRD,BLACKorAFRICANAMERICAN,NL,NOTHISPANICorNOTLATINO,DEM,DEMOCRATIC,82.0,2061984.0,AgeOver66,AA2843
ALAMANCE,A,,ALSTONEUNDRA,EUNDRAALSTON,230CARRIAGELOOP,BLACKorAFRICANAMERICAN,UN,UNDESIGNATED,DEM,DEMOCRATIC,,10272008.0,Age4165,AA161806
ALAMANCE,A,,ALSTONFANNIEWHITE,FANNIEWHITEALSTON,5456LINDLEYMILLRD,BLACKorAFRICANAMERICAN,NL,NOTHISPANICorNOTLATINO,DEM,DEMOCRATIC,77.0,1241974.0,AgeOver66,AA2844
ALAMANCE,A,,ALSTONFANNIEBELL,FANNIEBELLALSTON,519NSECONDST,BLACKorAFRICANAMERICAN,NL,NOTHISPANICorNOTLATINO,DEM,DEMOCRATIC,71.0,10051988.0,AgeOver66,AA67489
ALAMANCE,A,,ALSTONFLORABELL,FLORABELLALSTON,733CHANDLERAVE,BLACKorAFRICANAMERICAN,NL,NOTHISPANICorNOTLATINO,DEM,DEMOCRATIC,97.0,10231952.0,AgeOver66,AA2845
ALAMANCE,A,,ALSTONGAILMARIE,GAILMARIEALSTON,5316SWEPSONVILLESAXAPAHAWRD,WHITE,NL,NOTHISPANICorNOTLATINO,DEM,DEMOCRATIC,41.0,10022008.0,Age4165,AA161350
ALAMANCE,A,,ALSTONGARYEUGENESR,GARYEUGENEALSTONSR,,BLACKorAFRICANAMERICAN,UN,UNDESIGNATED,DEM,DEMOCRATIC,41.0,10232012.0,Age4165,AA178249
ALAMANCE,A,,ALSTONGELEANADREW,GELEANADREWALSTON,5716DAVIDMOORERD,BLACKorAFRICANAMERICAN,NL,NOTHISPANICorNOTLATINO,DEM,DEMOCRATIC,30.0,8132007.0,Age2640,AA150373
ALAMANCE,A,,ALSTONGERALDINEINEZ,GERALDINEINEZALSTON,4016EGREENSBOROCHAPELHILLRD,BLACKorAFRICANAMERICAN,NL,NOTHISPANICorNOTLATINO,DEM,DEMOCRATIC,57.0,7091991.0,Age4165,AA77805
ALAMANCE,A,,ALSTONGLORIASTANFIELD,GLORIASTANFIELDALSTON,425KERNODLEDRA,BLACKorAFRICANAMERICAN,NL,NOTHISPANICorNOTLATINO,DEM,DEMOCRATIC,62.0,9251982.0,Age4165,AA2847
ALAMANCE,A,,ALSTONGLORIAMCLAUGHLIN,GLORIAMCLAUGHLINALSTON,2280JAMESBOSWELLRD,BLACKorAFRICANAMERICAN,UN,UNDESIGNATED,DEM,DEMOCRATIC,,9242012.0,Age4165,BL189744
ALAMANCE,A,,ALSTONGRACIEM,GRACIEMALSTON,506EPARKERST102,BLACKorAFRICANAMERICAN,UN,UNDESIGNATED,DEM,DEMOCRATIC,51.0,10021992.0,Age4165,AA83728
ALAMANCE,R,REMOVED,ALSTONHANNAHRODGERS,HANNAHRODGERSALSTON,9677SNOWCAMPRD,BLACKorAFRICANAMERICAN,NL,NOTHISPANICorNOTLATINO,DEM,DEMOCRATIC,89.0,5191978.0,AgeOver66,AA2848
ALAMANCE,A,,ALSTONHAROLDDEAN,HAROLDDEANALSTON,2212PHYLLISLN,BLACKorAFRICANAMERICAN,NL,NOTHISPANICorNOTLATINO,UNA,UNAFFILIATED,65.0,2201998.0,Age4165,AA109133
ALAMANCE,A,,ALSTONHARVEYMORGAN,HARVEYMORGANALSTON,413FOSTERST,BLACKorAFRICANAMERICAN,NL,NOTHISPANICorNOTLATINO,DEM,DEMOCRATIC,,4101995.0,Age4165,AA93540
ALAMANCE,A,,ALSTONHAZELDAYE,HAZELDAYEALSTON,1564MORGANTOWNRD,BLACKorAFRICANAMERICAN,NL,NOTHISPANICorNOTLATINO,DEM,DEMOCRATIC,85.0,10241964.0,AgeOver66,AA2849
ALAMANCE,A,,ALSTONHERBERTFENNELLJR,HERBERTFENNELLALSTONJR,505EPARKERSTM,BLACKorAFRICANAMERICAN,UN,UNDESIGNATED,DEM,DEMOCRATIC,19.0,11022012.0,,AA178881
ALAMANCE,I,INACTIVE,ALSTONHERMANELROY,HERMANELROYALSTON,719BROOKGREENTER,BLACKorAFRICANAMERICAN,UN,UNDESIGNATED,DEM,DEMOCRATIC,,9151998.0,Age4165,AA111517
ALAMANCE,A,,ALSTONHORACEWILLIAM,HORACEWILLIAMALSTON,505HAWFIELDRD,BLACKorAFRICANAMERICAN,NL,NOTHISPANICorNOTLATINO,DEM,DEMOCRATIC,71.0,2091984.0,AgeOver66,
ALAMANCE,A,,ALSTONINARDELYN,INARDELYNALSTON,1704GLENNST,BLACKorAFRICANAMERICAN,NL,NOTHISPANICorNOTLATINO,DEM,DEMOCRATIC,56.0,9281976.0,Age4165,AA2852
ALAMANCE,A,,ALSTONIOLABAYNES,IOLABAYNESALSTON,627SEIGHTHST,BLACKorAFRICANAMERICAN,NL,NOTHISPANICorNOTLATINO,DEM,DEMOCRATIC,82.0,10251952.0,AgeOver66,AA2853
ALAMANCE,R,REMOVED,ALSTONIOLAJOEDETTA,IOLAJOEDETTAALSTON,5304LINDLEYMILLRD,BLACKorAFRICANAMERICAN,NL,NOTHISPANICorNOTLATINO,DEM,DEMOCRATIC,44.0,9301990.0,Age4165,AA74236
ALAMANCE,A,,ALSTONISAACEMMANUEL,ISAACEMMANUELALSTON,3925ANDERSWAY,BLACKorAFRICANAMERICAN,NL,NOTHISPANICorNOTLATINO,DEM,DEMOCRATIC,,12271991.0,Age4165,AA79141
ALAMANCE,A,,ALSTONISAACEMMANUELJR,ISAACEMMANUELALSTONJR,3925ANDERSWAY,BLACKorAFRICANAMERICAN,NL,NOTHISPANICorNOTLATINO,UNA,UNAFFILIATED,26.0,2182004.0,Age2640,AA133042
ALAMANCE,A,,ALSTONISIAHVANBUREN,ISIAHVANBURENALSTON,2116TRAILTWO90,BLACKorAFRICANAMERICAN,NL,NOTHISPANICorNOTLATINO,DEM,DEMOCRATIC,19.0,9212012.0,,AH23732
ALAMANCE,A,,ALSTONJACKIELOUISE,JACKIELOUISEALSTON,4375BSWEPSONVILLESAXAPAHAWRD,BLACKorAFRICANAMERICAN,NL,NOTHISPANICorNOTLATINO,UNA,UNAFFILIATED,56.0,10021990.0,Age4165,AA74237
ALAMANCE,A,,ALSTONJALENJAMAAL,JALENJAMAALALSTON,1889ALLENJARRETTDR,BLACKorAFRICANAMERICAN,NL,NOTHISPANICorNOTLATINO,DEM,DEMOCRATIC,19.0,7082011.0,,AA168850
ALAMANCE,A,,ALSTONJAMESROBERT,JAMESROBERTALSTON,3326WOODSCHAPELRD,BLACKorAFRICANAMERICAN,NL,NOTHISPANICorNOTLATINO,DEM,DEMOCRATIC,69.0,8241993.0,AgeOver66,AA87791
ALAMANCE,A,,ALSTONJANICEBROOKS,JANICEBROOKSALSTON,219SLANEST,BLACKorAFRICANAMERICAN,NL,,DEM,DEMOCRATIC,67.0,3102005.0,AgeOver66,AA143220
ALAMANCE,A,,ALSTONJANICEDAYE,JANICEDAYEALSTON,1461NNCHWY119,BLACKorAFRICANAMERICAN,UN,UNDESIGNATED,DEM,DEMOCRATIC,38.0,6092004.0,Age2640,AA134831
ALAMANCE,A,,ALSTONJAREDIGNACIO,JAREDIGNACIOALSTON,,TWOorMORERACES,NL,,DEM,DEMOCRATIC,23.0,3032008.0,,AA152635
ALAMANCE,A,,ALSTONJAYLEVAR,JAYLEVARALSTON,147HAZELDR,BLACKorAFRICANAMERICAN,NL,,DEM,DEMOCRATIC,31.0,,Age2640,AA121226
ALAMANCE,A,,ALSTONJEANETTELEAVERNE,JEANETTELEAVERNEALSTON,1704GLENNST,BLACKorAFRICANAMERICAN,NL,,DEM,DEMOCRATIC,43.0,6102009.0,Age4165,AA164183
ALAMANCE,A,,ALSTONJENNIFERMARIE,JENNIFERMARIEALSTON,2524HILLDALEST,BLACKorAFRICANAMERICAN,NL,,DEM,DEMOCRATIC,30.0,,Age2640,EL57184
ALAMANCE,A,,ALSTONJERMAINETROY,JERMAINETROYALSTON,514EHARDENSTG,BLACKorAFRICANAMERICAN,UN,UNDESIGNATED,DEM,DEMOCRATIC,40.0,10082004.0,Age2640,AA141270
ALAMANCE,A,,ALSTONJERRYHOLT,JERRYHOLTALSTON,6109BASSMOUNTAINRD,BLACKorAFRICANAMERICAN,NL,,DEM,DEMOCRATIC,40.0,9141990.0,Age2640,AA73458
ALAMANCE,A,,ALSTONJESSELEA,JESSELEAALSTON,219SLANEST,BLACKorAFRICANAMERICAN,NL,,DEM,DEMOCRATIC,72.0,9102004.0,AgeOver66,AA137364
ALAMANCE,A,,ALSTONJESSETYRONE,JESSETYRONEALSTON,1461NNCHWY119,BLACKorAFRICANAMERICAN,UN,UNDESIGNATED,DEM,DEMOCRATIC,40.0,3192007.0,Age2640,AA149168
ALAMANCE,A,,ALSTONJEWELLLEE,JEWELLLEEALSTON,2338GRANDOAKSBLVD,BLACKorAFRICANAMERICAN,NL,,DEM,DEMOCRATIC,60.0,9252007.0,Age4165,AA150648
ALAMANCE,A,,ALSTONJOELPATRICK,JOELPATRICKALSTON,1704OLDCARRIAGECT,BLACKorAFRICANAMERICAN,NL,,DEM,DEMOCRATIC,36.0,10291997.0,Age2640,AA108019
ALAMANCE,A,,ALSTONJOHNSTERLINGSR,JOHNSTERLINGALSTONSR,507EVERETTST303B,TWOorMORERACES,UN,UNDESIGNATED,DEM,DEMOCRATIC,71.0,12012010.0,AgeOver66,BY335880
ALAMANCE,A,,ALSTONJORDANWESLEY,JORDANWESLEYALSTON,2954ETHANPOINTEDR4101,BLACKorAFRICANAMERICAN,NL,,DEM,DEMOCRATIC,19.0,10312011.0,,AA169551
ALAMANCE,A,,ALSTONJOSEPHTIMOTHY,JOSEPHTIMOTHYALSTON,1450DURHAMMEADOWSDR,BLACKorAFRICANAMERICAN,NL,,DEM,DEMOCRATIC,58.0,2292000.0,Age4165,AA117246
ALAMANCE,A,,ALSTONJOSHUAEMANUEL,JOSHUAEMANUELALSTON,2524HILLDALEST,BLACKorAFRICANAMERICAN,NL,,DEM,DEMOCRATIC,26.0,7232004.0,Age2640,AA136027
ALAMANCE,A,,ALSTONJOY,JOYALSTON,322LAKESIDEAVE,BLACKorAFRICANAMERICAN,UN,UNDESIGNATED,DEM,DEMOCRATIC,38.0,11012004.0,Age2640,AA142050
ALAMANCE,A,,ALSTONJUANITAHADLEY,JUANITAHADLEYALSTON,360NSTJOHNST,BLACKorAFRICANAMERICAN,NL,,DEM,DEMOCRATIC,90.0,3231984.0,AgeOver66,
ALAMANCE,A,,ALSTONJULESDWIGHT,JULESDWIGHTALSTON,948WHOLTST,BLACKorAFRICANAMERICAN,NL,,DEM,DEMOCRATIC,62.0,4071972.0,Age4165,AA2859
ALAMANCE,I,INACTIVE,ALSTONKASANDRARENETTE,KASANDRARENETTEALSTON,,BLACKorAFRICANAMERICAN,NL,,DEM,DEMOCRATIC,35.0,9261995.0,Age2640,AA95734
ALAMANCE,A,,ALSTONKATHRINELATTA,KATHRINELATTAALSTON,,BLACKorAFRICANAMERICAN,NL,,DEM,DEMOCRATIC,53.0,,Age4165,AA145087
ALAMANCE,A,,ALSTONKEITHMICHAEL,KEITHMICHAELALSTON,1711WHITSETTSTB8,BLACKorAFRICANAMERICAN,UN,UNDESIGNATED,DEM,DEMOCRATIC,56.0,,Age4165,AA177598
ALAMANCE,R,REMOVED,ALSTONKENNETH,KENNETHALSTON,,BLACKorAFRICANAMERICAN,UN,UNDESIGNATED,UNA,UNAFFILIATED,60.0,4112008.0,Age4165,AA154335
ALAMANCE,A,,ALSTONKEONACHANNEL,KEONACHANNELALSTON,1529NNCHWY49,BLACKorAFRICANAMERICAN,NL,,DEM,DEMOCRATIC,35.0,4121996.0,Age2640,AA99001
ALAMANCE,I,INACTIVE,ALSTONKRISTENSHANESE,KRISTENSHANESEALSTON,618BRASSFIELDDR,BLACKorAFRICANAMERICAN,NL,,DEM,DEMOCRATIC,20.0,6232010.0,,AA165808
ALAMANCE,A,,ALSTONLACYII,LACYALSTONII,2103MORNINGSIDEDR,BLACKorAFRICANAMERICAN,UN,UNDESIGNATED,REP,REPUBLICAN,71.0,7252012.0,AgeOver66,AA126644
ALAMANCE,A,,ALSTONLARRYVINSON,LARRYVINSONALSTON,4165SWEPSONVILLESAXAPAHAWRD,BLACKorAFRICANAMERICAN,NL,,DEM,DEMOCRATIC,68.0,10061972.0,AgeOver66,AA2863
ALAMANCE,A,,ALSTONLATONYAMICHELLE,LATONYAMICHELLEALSTON,509STOREYST,BLACKorAFRICANAMERICAN,UN,UNDESIGNATED,DEM,DEMOCRATIC,26.0,3202012.0,Age2640,AA170989
ALAMANCE,A,,ALSTONLAURALEE,LAURALEEALSTON,3075MANSFIELDRD,BLACKorAFRICANAMERICAN,NL,,DEM,DEMOCRATIC,76.0,1171997.0,AgeOver66,AA104472
ALAMANCE,A,,ALSTONLEATRICEKAYE,LEATRICEKAYEALSTON,405COLUMBIAAVE,BLACKorAFRICANAMERICAN,NL,,DEM,DEMOCRATIC,62.0,3081984.0,Age4165,
ALAMANCE,A,,ALSTONLINDAPATTERSON,LINDAPATTERSONALSTON,1515SMEBANEST50,BLACKorAFRICANAMERICAN,NL,,DEM,DEMOCRATIC,65.0,9222007.0,Age4165,AA157744
ALAMANCE,A,,ALSTONLIZZIEMITCHELL,,5716DAVIDMOORERD,BLACKorAFRICANAMERICAN,NL,,DEM,DEMOCRATIC,63.0,10071990.0,Age4165,AA74511
ALAMANCE,I,INACTIVE,ALSTONLOISLILLIE,,5764FANCYLOOPRD,BLACKorAFRICANAMERICAN,NL,,DEM,DEMOCRATIC,102.0,10251952.0,AgeOver66,AA2864
ALAMANCE,A,,ALSTONLORENZOKEITH,,2163SHADYLN,BLACKorAFRICANAMERICAN,NL,,DEM,DEMOCRATIC,,,Age4165,AA67958
ALAMANCE,D,DENIED,ALSTONLORIANN,,,BLACKorAFRICANAMERICAN,UN,UNDESIGNATED,DEM,DEMOCRATIC,39.0,9162008.0,Age2640,AA157902
ALAMANCE,A,,ALSTONLORRAINEKAY,,1872TURNERRD,BLACKorAFRICANAMERICAN,UN,UNDESIGNATED,DEM,DEMOCRATIC,53.0,8172004.0,Age4165,AA135236
ALAMANCE,A,,ALSTONLUTHERERICJR,,,BLACKorAFRICANAMERICAN,NL,,DEM,DEMOCRATIC,39.0,9212012.0,Age2640,AX40279
ALAMANCE,A,,ALSTONMARCUSCENTEGE,,1009TOWNBRANCHRD2F,UNDESIGNATED,UN,UNDESIGNATED,DEM,DEMOCRATIC,33.0,,Age2640,AA177599
ALAMANCE,A,,ALSTONMARGIEHOLT,,2355MELFIELDDR,BLACKorAFRICANAMERICAN,NL,,DEM,DEMOCRATIC,61.0,3181972.0,Age4165,
ALAMANCE,A,,ALSTONMARIELCYNTHIA,,,BLACKorAFRICANAMERICAN,UN,UNDESIGNATED,DEM,DEMOCRATIC,30.0,11032012.0,Age2640,AA178887
ALAMANCE,A,,ALSTONMARLINDWAYNE,,3256NNCHWY49,BLACKorAFRICANAMERICAN,NL,,DEM,DEMOCRATIC,39.0,,Age2640,AA103034
ALAMANCE,A,,ALSTONMARQUISBOYETT,,510TRAILONEC1,BLACKorAFRICANAMERICAN,NL,,DEM,DEMOCRATIC,25.0,,,AA159674
ALAMANCE,A,,ALSTONMARTHABALDWIN,,3159BRAGGTRL,BLACKorAFRICANAMERICAN,NL,,DEM,DEMOCRATIC,87.0,4302008.0,AgeOver66,AA154645
ALAMANCE,A,,ALSTONMARVINSTANLEY,,4018EGREENSBOROCHAPELHILLRD,BLACKorAFRICANAMERICAN,NL,,DEM,DEMOCRATIC,58.0,10051992.0,Age4165,AA84015
ALAMANCE,A,,ALSTONMAURICEEDWARD,,2311JAMESBOSWELLRD,BLACKorAFRICANAMERICAN,NL,,DEM,DEMOCRATIC,41.0,2201990.0,Age4165,AA70654
ALAMANCE,A,,ALSTONMELVINCURTIS,,5066DAILEYSTORERD,BLACKorAFRICANAMERICAN,UN,UNDESIGNATED,DEM,DEMOCRATIC,37.0,11022004.0,Age2640,AA141448
ALAMANCE,A,,ALSTONMICHAELANTHONY,,206NFISHERST,BLACKorAFRICANAMERICAN,NL,,DEM,DEMOCRATIC,50.0,8302004.0,Age4165,AA136772
ALAMANCE,A,,ALSTONMICHELEASHLEY,,5480LINDLEYMILLRD,BLACKorAFRICANAMERICAN,UN,UNDESIGNATED,DEM,DEMOCRATIC,27.0,9272004.0,Age2640,AA138292
ALAMANCE,A,,ALSTONMIGUELANTWAIN,,510TRAILONEC1,BLACKorAFRICANAMERICAN,NL,,DEM,DEMOCRATIC,28.0,10072008.0,Age2640,AA159056
ALAMANCE,A,,ALSTONNAKEITHASHAVONDA,NAKEITHASHAVONDAALSTON,5301BYRDRD,BLACKorAFRICANAMERICAN,UN,UNDESIGNATED,DEM,DEMOCRATIC,25.0,10032005.0,,AA144760
ALAMANCE,A,,ALSTONNANNIERUTH,NANNIERUTHALSTON,724IVEYRDM,BLACKorAFRICANAMERICAN,NL,,DEM,DEMOCRATIC,72.0,9161990.0,AgeOver66,AA74238
ALAMANCE,A,,ALSTONNAPOLEONSTEVE,NAPOLEONSTEVEALSTON,1859MORROWSCHOOLRD,BLACKorAFRICANAMERICAN,NL,,DEM,DEMOCRATIC,52.0,5011992.0,Age4165,AA81374
ALAMANCE,A,,ALSTONNICKEYRENE,NICKEYRENEALSTON,402CANNONST604,BLACKorAFRICANAMERICAN,NL,,DEM,DEMOCRATIC,32.0,10272008.0,Age2640,AA161840
ALAMANCE,A,,ALSTONNICOLEYVONNE,NICOLEYVONNEALSTON,259DAKOTADR,BLACKorAFRICANAMERICAN,UN,UNDESIGNATED,DEM,DEMOCRATIC,36.0,,Age2640,AA120991
ALAMANCE,A,,ALSTONNICOLEGRAVES,NICOLEGRAVESALSTON,137EGRAHAMST,BLACKorAFRICANAMERICAN,NL,,DEM,DEMOCRATIC,37.0,4121994.0,Age2640,AA90206
ALAMANCE,A,,ALSTONNIKKIDEVONDA,NIKKIDEVONDAALSTON,5301BYRDRD,BLACKorAFRICANAMERICAN,NL,,DEM,DEMOCRATIC,29.0,8302004.0,Age2640,AA136875
ALAMANCE,A,,ALSTONPATRICIAANNSCOTTON,PATRICIAANNSCOTTONALSTON,,BLACKorAFRICANAMERICAN,NL,,DEM,DEMOCRATIC,63.0,,Age4165,AA121085
ALAMANCE,A,,ALSTONPATTIE,PATTIEALSTON,322LAKESIDEAVE,BLACKorAFRICANAMERICAN,UN,UNDESIGNATED,DEM,DEMOCRATIC,59.0,,Age4165,AA159662
ALAMANCE,A,,ALSTONPAULETTEMARTIN,PAULETTEMARTINALSTON,6523ABISHOPRD,BLACKorAFRICANAMERICAN,NL,,DEM,DEMOCRATIC,,,Age4165,AA68510
ALAMANCE,A,,ALSTONPAULINECOMPTON,PAULINECOMPTONALSTON,2416PINEBROOKDR,BLACKorAFRICANAMERICAN,NL,,DEM,DEMOCRATIC,66.0,7191976.0,AgeOver66,AA2871
ALAMANCE,I,INACTIVE,ALSTONPEARLHAMLETT,PEARLHAMLETTALSTON,628EELMST,BLACKorAFRICANAMERICAN,NL,,DEM,DEMOCRATIC,98.0,10251952.0,AgeOver66,AA2872
ALAMANCE,A,,ALSTONPENNYMORRISON,PENNYMORRISONALSTON,948WHOLTST,BLACKorAFRICANAMERICAN,NL,,DEM,DEMOCRATIC,60.0,4071972.0,Age4165,AA2875
ALAMANCE,A,,ALSTONRAYJEVAR,RAYJEVARALSTON,147HAZELDR,BLACKorAFRICANAMERICAN,NL,,DEM,DEMOCRATIC,31.0,,Age2640,AA121227
ALAMANCE,I,INACTIVE,ALSTONRAYVONPHILLIPPE,RAYVONPHILLIPPEALSTON,221QUINTASAVED,BLACKorAFRICANAMERICAN,NL,,DEM,DEMOCRATIC,41.0,,Age4165,AA159754
ALAMANCE,A,,ALSTONREZELLIII,REZELLALSTONIII,3992SHONNETTEDR,BLACKorAFRICANAMERICAN,UN,UNDESIGNATED,UNA,UNAFFILIATED,,2082008.0,Age4165,AA152336
ALAMANCE,A,,ALSTONRICHARDCRAIG,RICHARDCRAIGALSTON,1859MORROWSCHOOLRD,BLACKorAFRICANAMERICAN,NL,,DEM,DEMOCRATIC,54.0,10051996.0,Age4165,AA103025
ALAMANCE,A,,ALSTONROBERTLEESR,ROBERTLEEALSTONSR,3326WOODSCHAPELRD,BLACKorAFRICANAMERICAN,NL,,DEM,DEMOCRATIC,,10272008.0,Age4165,AA161841
ALAMANCE,A,,ALSTONRONNIE,RONNIEALSTON,325STONERDE,BLACKorAFRICANAMERICAN,NL,,DEM,DEMOCRATIC,61.0,5022008.0,Age4165,AA136028
ALAMANCE,A,,ALSTONRONNIEDEAN,RONNIEDEANALSTON,3475CORBETTRD,BLACKorAFRICANAMERICAN,UN,UNDESIGNATED,DEM,DEMOCRATIC,,9262012.0,Age4165,AA175322
ALAMANCE,A,,ALSTONROSCOE,ROSCOEALSTON,714AVONAVE,BLACKorAFRICANAMERICAN,UN,UNDESIGNATED,DEM,DEMOCRATIC,56.0,9151992.0,Age4165,AA82877
ALAMANCE,A,,ALSTONROXANAMURFREE,ROXANAMURFREEALSTON,67DENISEDR,BLACKorAFRICANAMERICAN,NL,,DEM,DEMOCRATIC,43.0,4032008.0,Age4165,BL299159
ALAMANCE,A,,ALSTONROYCLARENCE,ROYCLARENCEALSTON,4800SMOKEYHOLLOWRD,BLACKorAFRICANAMERICAN,NL,,DEM,DEMOCRATIC,80.0,5091964.0,AgeOver66,AA2881
ALAMANCE,A,,ALSTONRUTHEDNAMILLIKE,RUTHEDNAMILLIKEALSTON,5737PINEWAYLN,BLACKorAFRICANAMERICAN,NL,,DEM,DEMOCRATIC,79.0,10021990.0,AgeOver66,AA74239
ALAMANCE,A,,ALSTONSANDRAEVANS,SANDRAEVANSALSTON,317ATWOODDRB,BLACKorAFRICANAMERICAN,NL,,DEM,DEMOCRATIC,54.0,9201978.0,Age4165,AA2884
ALAMANCE,A,,ALSTONSANDYL,SANDYLALSTON,1003APPLEST,BLACKorAFRICANAMERICAN,NL,,DEM,DEMOCRATIC,52.0,8221983.0,Age4165,AA2883
ALAMANCE,A,,ALSTONSARAHBALDWIN,SARAHBALDWINALSTON,,BLACKorAFRICANAMERICAN,UN,UNDESIGNATED,DEM,DEMOCRATIC,65.0,8232008.0,Age4165,AA156947
ALAMANCE,I,INACTIVE,ALSTONSHANNONDESHAWN,SHANNONDESHAWNALSTON,468ELMIRAST,BLACKorAFRICANAMERICAN,NL,,REP,REPUBLICAN,35.0,9042004.0,Age2640,AA137160
ALAMANCE,A,,ALSTONSHAVONTAKAENDRA,SHAVONTAKAENDRAALSTON,718IVEYRDI,BLACKorAFRICANAMERICAN,UN,UNDESIGNATED,DEM,DEMOCRATIC,26.0,,Age2640,DE210752
ALAMANCE,A,,ALSTONSHERRYLEVON,SHERRYLEVONALSTON,501HAWFIELDRD,BLACKorAFRICANAMERICAN,NL,,UNA,UNAFFILIATED,43.0,3031999.0,Age4165,AA113640
ALAMANCE,A,,ALSTONTABITHAS,TABITHASALSTON,2212PHYLLISLNA,BLACKorAFRICANAMERICAN,UN,UNDESIGNATED,DEM,DEMOCRATIC,44.0,9202004.0,Age4165,AA137970
ALAMANCE,R,REMOVED,ALSTONTABITHASHERRELL,TABITHASHERRELLALSTON,2212PHYLLISLN,BLACKorAFRICANAMERICAN,NL,,DEM,DEMOCRATIC,44.0,5191992.0,Age4165,AA81375
ALAMANCE,A,,ALSTONTAMARNICOLE,TAMARNICOLEALSTON,1009TOWNBRANCHRD2F,BLACKorAFRICANAMERICAN,NL,,UNA,UNAFFILIATED,31.0,5042011.0,Age2640,AA168489
ALAMANCE,A,,ALSTONTARIKANTONIO,TARIKANTONIOALSTON,6523BISHOPRDA,BLACKorAFRICANAMERICAN,UN,UNDESIGNATED,DEM,DEMOCRATIC,22.0,10012008.0,,AA158463
ALAMANCE,A,,ALSTONTERRYLEMONT,TERRYLEMONTALSTON,501HAWFIELDRD,BLACKorAFRICANAMERICAN,NL,,UNA,UNAFFILIATED,44.0,10022008.0,Age4165,AA158895
ALAMANCE,A,,ALSTONTERRYLEE,TERRYLEEALSTON,1859MORROWSCHOOLRD,BLACKorAFRICANAMERICAN,NL,,DEM,DEMOCRATIC,51.0,4091984.0,Age4165,
ALAMANCE,I,INACTIVE,ALSTONTHEODORELANDONJR,THEODORELANDONALSTONJR,1711WHITSETTSTC8,BLACKorAFRICANAMERICAN,NL,,DEM,DEMOCRATIC,52.0,6181999.0,Age4165,AA114547
ALAMANCE,A,,ALSTONTHERESAANN,THERESAANNALSTON,237CHRISTOPHERDR,BLACKorAFRICANAMERICAN,NL,,DEM,DEMOCRATIC,,,Age4165,AA124891
ALAMANCE,A,,ALSTONTHERESASPRINGFIELD,THERESASPRINGFIELDALSTON,1911KEOGHST,BLACKorAFRICANAMERICAN,UN,UNDESIGNATED,UNA,UNAFFILIATED,,,Age4165,AA140172
ALAMANCE,A,,ALSTONTHERESAODETTE,THERESAODETTEALSTON,1300WARWICKDR,BLACKorAFRICANAMERICAN,NL,,DEM,DEMOCRATIC,51.0,3171984.0,Age4165,
ALAMANCE,A,,ALSTONTIMOTHYRAYSR,TIMOTHYRAYALSTONSR,2280JAMESBOSWELLRD,BLACKorAFRICANAMERICAN,UN,UNDESIGNATED,DEM,DEMOCRATIC,,9242012.0,Age4165,BL305262
ALAMANCE,A,,ALSTONTONISHEPHARD,TONISHEPHARDALSTON,1889ALLENJARRETTDR,BLACKorAFRICANAMERICAN,NL,,DEM,DEMOCRATIC,42.0,9091988.0,Age4165,AA65964
ALAMANCE,A,,ALSTONTONIGEZELLE,TONIGEZELLEALSTON,424KERNODLEDRE,BLACKorAFRICANAMERICAN,UN,UNDESIGNATED,UNA,UNAFFILIATED,57.0,,Age4165,AA142051
ALAMANCE,R,REMOVED,ALSTONTONIAANN,TONIAANNALSTON,,BLACKorAFRICANAMERICAN,NL,,DEM,DEMOCRATIC,39.0,5311991.0,Age2640,AA77470
ALAMANCE,I,INACTIVE,ALSTONTONYADENISEPALME,TONYADENISEPALMEALSTON,4148SWEPSONVILLESAXAPAHAWRD,BLACKorAFRICANAMERICAN,NL,,DEM,DEMOCRATIC,,,Age4165,AA67959
ALAMANCE,I,INACTIVE,ALSTONTORYDENISE,TORYDENISEALSTON,1314BEAUMONTCTA,UNDESIGNATED,UN,UNDESIGNATED,UNA,UNAFFILIATED,30.0,7212008.0,Age2640,AA155672
ALAMANCE,A,,ALSTONTRACEYWILLIAMSON,TRACEYWILLIAMSONALSTON,2971VICTORIAFALLSDR,BLACKorAFRICANAMERICAN,NL,,DEM,DEMOCRATIC,44.0,9301990.0,Age4165,AA75572
ALAMANCE,A,,ALSTONTRACI,TRACIALSTON,7555CURTISTRL,BLACKorAFRICANAMERICAN,UN,UNDESIGNATED,DEM,DEMOCRATIC,30.0,7202008.0,Age2640,AA156175
ALAMANCE,A,,ALSTONTRAVISRONDELL,TRAVISRONDELLALSTON,514RICHMONDAVE,BLACKorAFRICANAMERICAN,NL,,UNA,UNAFFILIATED,35.0,5111998.0,Age2640,AA109977
ALAMANCE,A,,ALSTONTREQUAZQUASHAWN,TREQUAZQUASHAWNALSTON,419COLLINGTONDR,BLACKorAFRICANAMERICAN,UN,UNDESIGNATED,DEM,DEMOCRATIC,20.0,6232010.0,,AA165809
ALAMANCE,A,,ALSTONVELMAELAINE,VELMAELAINEALSTON,1638GLENNST,BLACKorAFRICANAMERICAN,NL,,DEM,DEMOCRATIC,,4271999.0,Age4165,AA114112
ALAMANCE,A,,ALSTONVICTORIAMARIA,VICTORIAMARIAALSTON,2163SHADYLN,BLACKorAFRICANAMERICAN,NL,,DEM,DEMOCRATIC,19.0,8122011.0,,AA169103
ALAMANCE,A,,ALSTONWALLACEJUNIOR,WALLACEJUNIORALSTON,5480LINDLEYMILLRD,BLACKorAFRICANAMERICAN,NL,,DEM,DEMOCRATIC,54.0,11072006.0,Age4165,AA148721
ALAMANCE,A,,ALSTONWAMONLEWIS,WAMONLEWISALSTON,1704GLENNST,BLACKorAFRICANAMERICAN,UN,UNDESIGNATED,DEM,DEMOCRATIC,54.0,10022008.0,Age4165,AA158896
ALAMANCE,A,,ALSTONWENDYLINETTE,WENDYLINETTEALSTON,419COLLINGTONDR,BLACKorAFRICANAMERICAN,UN,UNDESIGNATED,DEM,DEMOCRATIC,41.0,11022010.0,Age4165,AA169493
ALAMANCE,A,,ALSTONWESLEYA,WESLEYAALSTON,2954ETHANPOINTEDR4101,BLACKorAFRICANAMERICAN,UN,UNDESIGNATED,DEM,DEMOCRATIC,43.0,4021991.0,Age4165,AA77060
ALAMANCE,A,,ALSTONWILLARDGOLEY,WILLARDGOLEYALSTON,5737PINEWAYLN,BLACKorAFRICANAMERICAN,NL,,DEM,DEMOCRATIC,89.0,10011990.0,AgeOver66,AA74240
ALAMANCE,A,,ALSTONWILLIAMNORWOOD,WILLIAMNORWOODALSTON,3475CORBETTRD,BLACKorAFRICANAMERICAN,NL,,DEM,DEMOCRATIC,72.0,10081990.0,AgeOver66,AA74513
ALAMANCE,A,,ALSTONWILLIAM(NMN)JR,WILLIAM(NMN)ALSTONJR,7769NNCHWY62,BLACKorAFRICANAMERICAN,NL,,DEM,DEMOCRATIC,51.0,11051996.0,Age4165,AA104475
ALAMANCE,A,,ALSTONWILLIAMTHOMAS,WILLIAMTHOMASALSTON,2338GRANDOAKSBLVD,BLACKorAFRICANAMERICAN,NL,,DEM,DEMOCRATIC,68.0,9252007.0,AgeOver66,AA150649
ALAMANCE,A,,ALSTONWILLIAM,WILLIAMALSTON,733CHANDLERAVE,BLACKorAFRICANAMERICAN,NL,,DEM,DEMOCRATIC,72.0,11292005.0,AgeOver66,AA145196
ALAMANCE,A,,ALSTONYVONNE,YVONNEALSTON,230CARRIAGELOOP,BLACKorAFRICANAMERICAN,NL,,DEM,DEMOCRATIC,54.0,9291999.0,Age4165,AA115673
ALAMANCE,A,,ALSTONZELMAROBERTA,ZELMAROBERTAALSTON,501HAWFIELDRD,BLACKorAFRICANAMERICAN,NL,,UNA,UNAFFILIATED,66.0,1042012.0,AgeOver66,AA170025
ALAMANCE,A,,ALSTONATWATERCYNTHIAJEAN,CYNTHIAJEANALSTONATWATER,4528MINERALSPRINGSRD,BLACKorAFRICANAMERICAN,UN,UNDESIGNATED,DEM,DEMOCRATIC,42.0,10082004.0,Age4165,AA140296
ALAMANCE,A,,ALSTONLEGGETTMARCUS,,,BLACKorAFRICANAMERICAN,NL,,DEM,DEMOCRATIC,23.0,9292012.0,,AA175825
ALAMANCE,A,,ALSTONPETTIFORDDEBORAH,DEBORAHALSTONPETTIFORD,1405ROGERSRD,BLACKorAFRICANAMERICAN,UN,UNDESIGNATED,DEM,DEMOCRATIC,61.0,9131984.0,Age4165,
ALAMANCE,A,,ALTJAYEDWARD,JAYEDWARDALT,1806WELLINGTONRD,WHITE,NL,,REP,REPUBLICAN,41.0,9122011.0,Age4165,BY468175
ALAMANCE,A,,ALTHOUSEBRUCEMERVIN,BRUCEMERVINALTHOUSE,606OLDFARMDR,WHITE,NL,,UNA,UNAFFILIATED,68.0,10052000.0,AgeOver66,AA120913
ALAMANCE,A,,ALTHOUSEKATHLEENNEMECEK,KATHLEENNEMECEKALTHOUSE,606OLDFARMDR,WHITE,NL,,UNA,UNAFFILIATED,112.0,10052000.0,AgeOver66,AA120914
ALAMANCE,A,,ALTINTOPMISELRODRIG,MISELRODRIGALTINTOP,,WHITE,NL,,REP,REPUBLICAN,65.0,6031996.0,Age4165,AA99226
ALAMANCE,A,,ALTINTOPZEKIYEBIRGUL,ZEKIYEBIRGULALTINTOP,,WHITE,NL,,DEM,DEMOCRATIC,63.0,,Age4165,AA107756
ALAMANCE,A,,ALTIZERCARLYERIN,CARLYERINALTIZER,1000ELONACORNDR209A,WHITE,NL,,UNA,UNAFFILIATED,23.0,9172008.0,,AA157181
ALAMANCE,R,REMOVED,ALTMANCHARLESEDGARJR,CHARLESEDGARALTMANJR,2502SNCHWY119,WHITE,NL,,REP,REPUBLICAN,98.0,6191999.0,AgeOver66,AA114548
ALAMANCE,A,,ALTMANDEBORAHJEAN,DEBORAHJEANALTMAN,363SOUTHSIXTYCT,WHITE,NL,,UNA,UNAFFILIATED,57.0,2222000.0,Age4165,AA116999
ALAMANCE,A,,ALTMANJAMESHARRIS,JAMESHARRISALTMAN,363SOUTHSIXTYCT,WHITE,NL,,REP,REPUBLICAN,58.0,2211990.0,Age4165,AA70665
ALAMANCE,A,,ALTMANJAMESSCOTT,JAMESSCOTTALTMAN,,WHITE,NL,,REP,REPUBLICAN,37.0,,Age2640,DE164096
ALAMANCE,I,INACTIVE,ALTMANJASONHARRIS,JASONHARRISALTMAN,605ANNADR,WHITE,NL,,REP,REPUBLICAN,32.0,8232004.0,Age2640,AA135928
ALAMANCE,A,,ALTMANJERRYLEVERNE,JERRYLEVERNEALTMAN,256WOODLAWNRD,WHITE,UN,UNDESIGNATED,REP,REPUBLICAN,68.0,1061992.0,AgeOver66,AA79383
ALAMANCE,A,,ALTMANKRISTINAGERALDINE,KRISTINAGERALDINEALTMAN,201DANIELEYCENTER201,WHITE,UN,UNDESIGNATED,DEM,DEMOCRATIC,23.0,9022008.0,,AA157081
ALAMANCE,A,,ALTMANMELISSADANIEL,,200BRIARWOODDR,WHITE,NL,,UNA,UNAFFILIATED,38.0,7182003.0,Age2640,AA130795
ALAMANCE,R,REMOVED,ALTMANRITAPIERSON,RITAPIERSONALTMAN,2502SNCHWY119,WHITE,NL,,REP,REPUBLICAN,95.0,6191999.0,AgeOver66,AA114549
ALAMANCE,A,,ALTMANROYBRADLY,ROYBRADLYALTMAN,256WOODLAWNRD,WHITE,NL,,UNA,UNAFFILIATED,30.0,,Age2640,AA121218
ALAMANCE,A,,ALTMANVIRGINIASTALLINGS,VIRGINIASTALLINGSALTMAN,256WOODLAWNRD,WHITE,NL,,REP,REPUBLICAN,60.0,4071989.0,Age4165,AA68996
ALAMANCE,A,,ALTMANNKATHARINEROUB,KATHARINEROUBALTMANN,1916SOMERSAVE,WHITE,UN,UNDESIGNATED,UNA,UNAFFILIATED,42.0,,Age4165,AA131844
ALAMANCE,A,,ALTMANNKYLENEAL,KYLENEALALTMANN,1916SOMERSAVE,WHITE,NL,,UNA,UNAFFILIATED,40.0,11262003.0,Age2640,AA132184
ALAMANCE,A,,ALTOPPMILLERSHELLICHRISTINE,SHELLICHRISTINEALTOPPMILLER,215TRAVISLN,WHITE,NL,,REP,REPUBLICAN,41.0,8182008.0,Age4165,AA156264
ALAMANCE,A,,ALTSONTRACILASHEIA,TRACILASHEIAALTSON,1331BEAUMONTCTD,BLACKorAFRICANAMERICAN,UN,UNDESIGNATED,UNA,UNAFFILIATED,30.0,6032011.0,Age2640,AA168671
ALAMANCE,A,ACTIVE,ALUESTIAMARIA,,,OTHER,HL,HISPANICorLATINO,DEM,DEMOCRATIC,77.0,9222004.0,AgeOver66,AA138070
ALAMANCE,A,,ALVARADOADRIANASOPHIA,ADRIANASOPHIAALVARADO,217NMAINST,WHITE,NL,,DEM,DEMOCRATIC,,,Age4165,AA104477
ALAMANCE,A,ACTIVE,ALVARADODANIELPAUL,DANIELPAULALVARADO,3551FORESTDALEDRA17,WHITE,NL,,DEM,DEMOCRATIC,60.0,7242009.0,Age4165,AA164426
ALAMANCE,A,ACTIVE,ALVARADOEDGARSTEVE,EDGARSTEVEALVARADO,2844MAPLEAVE1,OTHER,HL,HISPANICorLATINO,UNA,UNAFFILIATED,23.0,7072009.0,,AA164329
ALAMANCE,A,ACTIVE,ALVARADOELENAMIREILLE,ELENAMIREILLEALVARADO,152HOLLARSST,UNDESIGNATED,HL,HISPANICorLATINO,UNA,UNAFFILIATED,30.0,,Age2640,AA177572
ALAMANCE,A,ACTIVE,ALVARADOELVIAP,ELVIAPALVARADO,646COUNTRYCLUBDR,OTHER,NL,,REP,REPUBLICAN,,9292000.0,Age4165,AA120364
ALAMANCE,I,INACTIVE,ALVARADOFABIOLACABRAL,FABIOLACABRALALVARADO,8693NICHOLSONFARMLN,OTHER,NL,,UNA,UNAFFILIATED,34.0,12032004.0,Age2640,AA142052
ALAMANCE,A,ACTIVE,ALVARADOJADARENEE,JADARENEEALVARADO,323WELMST,BLACKorAFRICANAMERICAN,NL,,UNA,UNAFFILIATED,21.0,7012009.0,,AA164311
ALAMANCE,A,ACTIVE,ALVARADOJAMESEDWARD,JAMESEDWARDALVARADO,323WELMST,BLACKorAFRICANAMERICAN,NL,,UNA,UNAFFILIATED,23.0,5152007.0,,AA149612
ALAMANCE,A,ACTIVE,ALVARADOJASMINEROSE,JASMINEROSEALVARADO,217NMAINST,BLACKorAFRICANAMERICAN,NL,,UNA,UNAFFILIATED,21.0,6202012.0,,AA172432
ALAMANCE,A,ACTIVE,ALVARADOJOHANNARUTH,JOHANNARUTHALVARADO,323WELMST,TWOorMORERACES,NL,,UNA,UNAFFILIATED,28.0,2022004.0,Age2640,AA132732
ALAMANCE,A,ACTIVE,ALVARADOJOSE,JOSEALVARADO,609EWILLOWBROOKDR,UNDESIGNATED,UN,UNDESIGNATED,UNA,UNAFFILIATED,38.0,,Age2640,AA161308
ALAMANCE,I,INACTIVE,ALVARADOJULIETTARAE,JULIETTARAEALVARADO,614EPARKERSTF,TWOorMORERACES,UN,UNDESIGNATED,UNA,UNAFFILIATED,29.0,1022008.0,Age2640,AA151691
ALAMANCE,A,ACTIVE,ALVARADOLESAA,LESAAALVARADO,2326KNIGHTDALEDR,WHITE,UN,UNDESIGNATED,UNA,UNAFFILIATED,52.0,12092011.0,Age4165,AA169868
ALAMANCE,A,ACTIVE,ALVARADOMANUELALVARADO,,707EMOREHEADST,OTHER,HL,HISPANICorLATINO,DEM,DEMOCRATIC,,,Age4165,AA120992
ALAMANCE,A,ACTIVE,ALVARADORAULDESIDERIO,RAULDESIDERIOALVARADO,2506SILERRD,OTHER,HL,HISPANICorLATINO,DEM,DEMOCRATIC,39.0,3172008.0,Age2640,AA152875
ALAMANCE,A,ACTIVE,ALVARADORAVENJOY,RAVENJOYALVARADO,217NMAINST,OTHER,NL,,DEM,DEMOCRATIC,18.0,3092012.0,,AA170631
ALAMANCE,I,INACTIVE,ALVARADORAYMOND,RAYMONDALVARADO,323WELMST,BLACKorAFRICANAMERICAN,NL,,UNA,UNAFFILIATED,,10281996.0,Age4165,AA104479
ALAMANCE,A,ACTIVE,ALVARADOSALLIEANN,SALLIEANNALVARADO,1622DARRELLDR,WHITE,NL,,DEM,DEMOCRATIC,65.0,6291990.0,Age4165,AA72233
ALAMANCE,A,ACTIVE,ALVARADOBELTRANDENISSE,DENISSEALVARADOBELTRAN,1402IRONDR,OTHER,NL,,REP,REPUBLICAN,34.0,7082011.0,Age2640,EH844811
ALAMANCE,A,ACTIVE,ALVARENGASHANNONDENISE,SHANNONDENISEALVARENGA,1305BEAUFORTDR,WHITE,NL,,DEM,DEMOCRATIC,35.0,3251997.0,Age2640,AA105878
ALAMANCE,A,ACTIVE,ALVAREZALBERT,ALBERTALVAREZ,2058PAISLEYDR,OTHER,HL,HISPANICorLATINO,DEM,DEMOCRATIC,31.0,,Age2640,AA176250
ALAMANCE,A,ACTIVE,ALVAREZAMANCIO,AMANCIOALVAREZ,1924NNCHWY4927A,OTHER,NL,,REP,REPUBLICAN,32.0,12032002.0,Age2640,AA128482
ALAMANCE,A,ACTIVE,ALVAREZANARROSA,ANARROSAALVAREZ,2833SNCHWY8749,UNDESIGNATED,HL,HISPANICorLATINO,DEM,DEMOCRATIC,22.0,9162008.0,,AA157503
ALAMANCE,D,DENIED,ALVAREZANGELINA,ANGELINAALVAREZ,2008SMEBANEST7454,BLACKorAFRICANAMERICAN,HL,HISPANICorLATINO,DEM,DEMOCRATIC,24.0,6212007.0,,AA149948
ALAMANCE,A,ACTIVE,ALVAREZANGELINA,ANGELINAALVAREZ,1717EWEBBAVE,BLACKorAFRICANAMERICAN,NL,,UNA,UNAFFILIATED,24.0,3192012.0,,AA170981
ALAMANCE,A,ACTIVE,ALVAREZCAMILLELOUISE,CAMILLELOUISEALVAREZ,413PIEDMONTWAY,TWOorMORERACES,HL,HISPANICorLATINO,DEM,DEMOCRATIC,22.0,12112007.0,,AA151640
ALAMANCE,A,ACTIVE,ALVAREZCRUZROBERTO,CRUZROBERTOALVAREZ,1630ELMST,OTHER,HL,HISPANICorLATINO,UNA,UNAFFILIATED,20.0,9232010.0,,AA166846
ALAMANCE,A,ACTIVE,ALVAREZJAELKARINA,JAELKARINAALVAREZ,1524SMEBANESTJ,OTHER,HL,HISPANICorLATINO,DEM,DEMOCRATIC,35.0,2232012.0,Age2640,AA170438
ALAMANCE,A,ACTIVE,ALVAREZJUANEDUARDO,JUANEDUARDOALVAREZ,1630ELMST,OTHER,UN,UNDESIGNATED,DEM,DEMOCRATIC,18.0,4132012.0,,AA171444
ALAMANCE,A,ACTIVE,ALVAREZNANCYLARETTA,NANCYLARETTAALVAREZ,617LINCOLNST,TWOorMORERACES,HL,HISPANICorLATINO,DEM,DEMOCRATIC,30.0,10302012.0,Age2640,AA178564
ALAMANCE,A,ACTIVE,ALVAREZNANCY,NANCYALVAREZ,923NMAINST,UNDESIGNATED,HL,HISPANICorLATINO,DEM,DEMOCRATIC,39.0,11262007.0,Age2640,AA151240
ALAMANCE,I,INACTIVE,ALVAREZNATALIEALEXIS,NATALIEALEXISALVAREZ,1514SMEBANESTC,UNDESIGNATED,HL,HISPANICorLATINO,UNA,UNAFFILIATED,35.0,11172009.0,Age2640,AA164990
ALAMANCE,A,ACTIVE,ALVAREZSARAIROSARIO,SARAIROSARIOALVAREZ,2414HUNTINGTONRDA,UNDESIGNATED,UN,UNDESIGNATED,DEM,DEMOCRATIC,32.0,7252012.0,Age2640,AA173599
ALAMANCE,A,ACTIVE,ALVAREZSHAUNTAADAMS,SHAUNTAADAMSALVAREZ,1463KNOLLWOODDR,BLACKorAFRICANAMERICAN,NL,,UNA,UNAFFILIATED,39.0,8242004.0,Age2640,AA136744
ALAMANCE,A,ACTIVE,ALVAREZGUZMANLEONARDOATAWALPA,LEONARDOATAWALPAALVAREZGUZMAN,1510SMEBANESTJ,UNDESIGNATED,HL,HISPANICorLATINO,UNA,UNAFFILIATED,33.0,5182008.0,Age2640,AA155139
ALAMANCE,A,ACTIVE,ALVARRANMARTHASHOE,,1604HERONCOVETRL,WHITE,UN,UNDESIGNATED,DEM,DEMOCRATIC,52.0,3132008.0,Age4165,AA152804
ALAMANCE,A,ACTIVE,ALVERSONBOBBYLEE,BOBBYLEEALVERSON,2330VENIEST,WHITE,NL,,REP,REPUBLICAN,71.0,12011969.0,AgeOver66,AA2894
ALAMANCE,A,ACTIVE,ALVERSONGLENDAGUNNELL,GLENDAGUNNELLALVERSON,2236LACYST,WHITE,NL,,REP,REPUBLICAN,69.0,11131989.0,AgeOver66,AA70173
ALAMANCE,A,ACTIVE,ALVESARMANDOMANUEL,ARMANDOMANUELALVES,2533ASHEWOODDR,WHITE,NL,,REP,REPUBLICAN,30.0,11172006.0,Age2640,AA148048
ALAMANCE,A,ACTIVE,ALVESJOSE,JOSEALVES,7340JEWELLN,OTHER,HL,HISPANICorLATINO,UNA,UNAFFILIATED,59.0,12012011.0,Age4165,AA169788
ALAMANCE,A,ACTIVE,ALVESLAURENANN,LAURENANNALVES,303IVEYRD,WHITE,UN,UNDESIGNATED,UNA,UNAFFILIATED,25.0,1052010.0,Age1825,AA165243
ALAMANCE,A,ACTIVE,ALVESROSAMARIA,ROSAMARIAALVES,7340JEWELLN,WHITE,NL,,UNA,UNAFFILIATED,55.0,11302011.0,Age4165,AA171445
ALAMANCE,I,INACTIVE,ALVESSHERIANNE,SHERIANNEALVES,2533ASHEWOODDR,WHITE,NL,,DEM,DEMOCRATIC,31.0,10022006.0,Age2640,AA147755
ALAMANCE,A,ACTIVE,ALVISANNMARKS,ANNMARKSALVIS,608ROLLINGRD,WHITE,NL,,REP,REPUBLICAN,61.0,10071983.0,Age4165,AA2895
ALAMANCE,A,ACTIVE,ALVISDANIELLYNN,DANIELLYNNALVIS,1707PIEDMONTWAY,WHITE,NL,,REP,REPUBLICAN,41.0,7162009.0,Age4165,AS67325
ALAMANCE,R,REMOVED,ALVISFRANCESGALLIMORE,FRANCESGALLIMOREALVIS,407EMAINST,WHITE,NL,,REP,REPUBLICAN,88.0,10231973.0,AgeOver66,AA2896
ALAMANCE,A,ACTIVE,ALVISHOPECOLEMAN,HOPECOLEMANALVIS,4670NNCHWY62,WHITE,NL,,DEM,DEMOCRATIC,44.0,4201992.0,Age4165,AA81219
ALAMANCE,A,ACTIVE,ALVISJEANETTERAY,JEANETTERAYALVIS,4007WHITELEVELRD,WHITE,NL,,UNA,UNAFFILIATED,37.0,9112009.0,Age2640,AA138294
ALAMANCE,A,ACTIVE,ALVISJOHNRODNEY,JOHNRODNEYALVIS,3627BENTRIDGEDR,WHITE,NL,,REP,REPUBLICAN,44.0,9092004.0,Age4165,AA138143
ALAMANCE,A,ACTIVE,ALVISJOHNAUMAN,JOHNAUMANALVIS,407EMAINST,WHITE,NL,,DEM,DEMOCRATIC,91.0,10231952.0,AgeOver66,AA2898
ALAMANCE,A,ACTIVE,ALVISLAURAMATKINS,LAURAMATKINSALVIS,3627BENTRIDGEDR,WHITE,NL,,REP,REPUBLICAN,39.0,4051992.0,Age2640,AA80829
ALAMANCE,A,ACTIVE,ALVISLISADICKEY,,1707PIEDMONTWAY,WHITE,NL,,REP,REPUBLICAN,,7272012.0,Age4165,AS74537
ALAMANCE,A,ACTIVE,ALVISNANCYVARNADORE,NANCYVARNADOREALVIS,2867HOLLYWOODDR,WHITE,NL,,REP,REPUBLICAN,42.0,7131990.0,Age4165,AA72532
ALAMANCE,A,ACTIVE,ALVISNEILCOREY,NEILCOREYALVIS,4670NNCHWY62,WHITE,NL,,REP,REPUBLICAN,40.0,5112007.0,Age2640,AA149588
ALAMANCE,A,ACTIVE,ALVISROGERDALEJR,ROGERDALEALVISJR,157TARLETONAVE,WHITE,NL,,UNA,UNAFFILIATED,31.0,6112004.0,Age2640,AA134714
ALAMANCE,A,ACTIVE,ALVISROGERDALE,ROGERDALEALVIS,1863TURNERRD33,WHITE,UN,UNDESIGNATED,DEM,DEMOCRATIC,60.0,1162002.0,Age4165,AA125457
ALAMANCE,A,ACTIVE,ALVISRONNIELEWIS,RONNIELEWISALVIS,2867HOLLYWOODDR,WHITE,NL,,UNA,UNAFFILIATED,42.0,10061994.0,Age4165,AA91601
ALAMANCE,A,ACTIVE,ALVISRUSSELLLYNN,RUSSELLLYNNALVIS,4007WHITELEVELRD,WHITE,NL,,REP,REPUBLICAN,39.0,9112009.0,Age2640,AA138297
ALAMANCE,A,ACTIVE,ALVISSANDRAHALL,SANDRAHALLALVIS,3266MANSFIELDRD,WHITE,NL,,REP,REPUBLICAN,,9301988.0,Age4165,AA66565
ALAMANCE,A,ACTIVE,ALVISWILLIAMLAWRENCEJR,WILLIAMLAWRENCEALVISJR,3266MANSFIELDRD,WHITE,NL,,REP,REPUBLICAN,,7131984.0,Age4165,
ALAMANCE,A,ACTIVE,ALVISWILLIAMLAWRENCE,WILLIAMLAWRENCEALVIS,608ROLLINGRD,WHITE,NL,,REP,REPUBLICAN,70.0,1101979.0,AgeOver66,AA2900
ALAMANCE,A,ACTIVE,ALZOERICH,ERICHALZO,3551FORESTDALEDRMH,OTHER,NL,,UNA,UNAFFILIATED,36.0,11152011.0,Age2640,AA169552
ALAMANCE,A,ACTIVE,AMABOKCARABAMABO,KCARABAMABOAMABO,4643SNCHWY62,OTHER,NL,,DEM,DEMOCRATIC,28.0,9262012.0,Age2640,AA175130
ALAMANCE,A,ACTIVE,AMADIKATINAMARIE,KATINAMARIEAMADI,148CARRIAGELOOP,BLACKorAFRICANAMERICAN,UN,UNDESIGNATED,DEM,DEMOCRATIC,39.0,11192002.0,Age2640,AA128485
ALAMANCE,A,ACTIVE,AMADIREMIGIUS,REMIGIUSAMADI,148CARRIAGELOOP,BLACKorAFRICANAMERICAN,UN,UNDESIGNATED,UNA,UNAFFILIATED,,9112006.0,Age4165,AA147429
ALAMANCE,A,ACTIVE,AMADORRAYMUNDOPANFILO,RAYMUNDOPANFILOAMADOR,1508DARRELLDR31,OTHER,HL,HISPANICorLATINO,DEM,DEMOCRATIC,,10022008.0,Age4165,AA158448
ALAMANCE,R,REMOVED,AMANDOLIAMARGARETBRYAN,,301BUCKINGHAMDR,WHITE,NL,,DEM,DEMOCRATIC,91.0,9291976.0,AgeOver66,AA2904
ALAMANCE,A,ACTIVE,AMARALDEBORAH,DEBORAHAMARAL,5840JEWELLRD,WHITE,NL,,DEM,DEMOCRATIC,56.0,12312007.0,Age4165,DE84810
ALAMANCE,A,ACTIVE,AMARALIVOMAGALHAES,IVOMAGALHAESAMARAL,3221BROOKSTONEDR,WHITE,NL,,UNA,UNAFFILIATED,82.0,3052009.0,AgeOver66,AA163534
ALAMANCE,A,ACTIVE,AMARALWILMAELIZABETH,WILMAELIZABETHAMARAL,3221BROOKSTONEDR,WHITE,UN,UNDESIGNATED,UNA,UNAFFILIATED,75.0,8262010.0,AgeOver66,AA166624
ALAMANCE,A,ACTIVE,AMARODAMARISSTARR,DAMARISSTARRAMARO,758SHARPERD,BLACKorAFRICANAMERICAN,HL,HISPANICorLATINO,DEM,DEMOCRATIC,21.0,1162009.0,,AA163291
ALAMANCE,A,ACTIVE,AMASHANDREWAUSTEN,ANDREWAUSTENAMASH,313TRAILEIGHT,UNDESIGNATED,UN,UNDESIGNATED,DEM,DEMOCRATIC,26.0,7252012.0,Age2640,AA173601
ALAMANCE,R,REMOVED,AMASHANDREWAUSTEN,ANDREWAUSTENAMASH,618DIXONRD,WHITE,UN,UNDESIGNATED,UNA,UNAFFILIATED,26.0,9212004.0,Age2640,AA138043
ALAMANCE,A,ACTIVE,AMASHBECKYWALKER,BECKYWALKERAMASH,2054HAWRIVERHOPEDALERD,WHITE,NL,,DEM,DEMOCRATIC,,8011990.0,Age4165,AA72733
ALAMANCE,A,ACTIVE,AMASHGENEVIVEKEHOUSH,GENEVIVEKEHOUSHAMASH,306TRYONST,WHITE,NL,,REP,REPUBLICAN,82.0,2251991.0,AgeOver66,AA76642
ALAMANCE,A,ACTIVE,AMASHGEORGEJOSEPH,GEORGEJOSEPHAMASH,795MARTINAVE,WHITE,NL,,DEM,DEMOCRATIC,62.0,6011982.0,Age4165,AA2907
ALAMANCE,A,ACTIVE,AMASHJEANNETTE,JEANNETTEAMASH,506ROLLINGRD,WHITE,NL,,DEM,DEMOCRATIC,59.0,3091988.0,Age4165,AA64469
ALAMANCE,A,ACTIVE,AMASHJERRYJOSEPH,JERRYJOSEPHAMASH,3065BEAVERHILLSDR,OTHER,NL,,UNA,UNAFFILIATED,39.0,2032012.0,Age2640,BY410490
ALAMANCE,A,ACTIVE,AMASHJOHNJOSEPH,JOHNJOSEPHAMASH,2054HAWRIVERHOPEDALERD,OTHER,UN,UNDESIGNATED,UNA,UNAFFILIATED,54.0,9271976.0,Age4165,AA2908
ALAMANCE,A,ACTIVE,AMASHJUDITHRANDALL,JUDITHRANDALLAMASH,795MARTINAVE,WHITE,NL,,DEM,DEMOCRATIC,64.0,6011982.0,Age4165,AA2910
ALAMANCE,A,ACTIVE,AMASHMELISSAPOWELL,,3065BEAVERHILLSDR,WHITE,NL,,UNA,UNAFFILIATED,42.0,2032012.0,Age4165,BY378872
ALAMANCE,A,ACTIVE,AMASHRIMAAYOUB,RIMAAYOUBAMASH,2410PARRISHST,OTHER,NL,,REP,REPUBLICAN,59.0,3252003.0,Age4165,AA129890
ALAMANCE,A,ACTIVE,AMAYAANAMARIA,ANAMARIAAMAYA,739EHAGGARDAVE3E,OTHER,HL,HISPANICorLATINO,UNA,UNAFFILIATED,,1232009.0,Age4165,AA163310
ALAMANCE,I,INACTIVE,AMAYACARLOSALBERTOSR,CARLOSALBERTOAMAYASR,,UNDESIGNATED,NL,NOTHISPANICorNOTLATINO,DEM,DEMOCRATIC,72.0,6071999.0,AgeOver66,AA114352
ALAMANCE,R,REMOVED,AMAYACHRISTIANIVAN,CHRISTIANIVANAMAYA,1601PIEDMONTWAYC,OTHER,HL,HISPANICorLATINO,DEM,DEMOCRATIC,29.0,11172004.0,Age2640,AA142053
ALAMANCE,A,ACTIVE,AMAYAKEVIN,KEVINAMAYA,,UNDESIGNATED,HL,HISPANICorLATINO,DEM,DEMOCRATIC,20.0,,,AA176929
ALAMANCE,A,ACTIVE,AMAYAMARCELO,,504WENTWORTHDR,TWOorMORERACES,HL,HISPANICorLATINO,DEM,DEMOCRATIC,42.0,11042008.0,Age4165,AA162465
ALAMANCE,R,REMOVED,AMAYANORISANTELMA,NORISANTELMAAMAYA,1601PIEDMONTWAY,OTHER,HL,HISPANICorLATINO,UNA,UNAFFILIATED,59.0,2042008.0,Age4165,AA152025
ALAMANCE,R,REMOVED,AMAYAOSCARRENE,OSCARRENEAMAYA,,UNDESIGNATED,HL,HISPANICorLATINO,DEM,DEMOCRATIC,43.0,1142008.0,Age4165,AA151884
ALAMANCE,A,ACTIVE,AMBRIZRAFAEL,RAFAELAMBRIZ,637OAKGROVEDR,OTHER,HL,HISPANICorLATINO,UNA,UNAFFILIATED,28.0,6122008.0,Age2640,AA154929
ALAMANCE,R,REMOVED,AMBROSEJOHNZACHARY,JOHNZACHARYAMBROSE,,WHITE,NL,NOTHISPANICorNOTLATINO,DEM,DEMOCRATIC,44.0,1161998.0,Age4165,AA108909
ALAMANCE,A,ACTIVE,AMBROSEKAREN,KARENAMBROSE,2043SINCLAIRTRCE,WHITE,UN,UNDESIGNATED,REP,REPUBLICAN,34.0,9302000.0,Age2640,AA120417
ALAMANCE,A,ACTIVE,AMBROSESTEVEN,STEVENAMBROSE,2043SINCLAIRTRCE,WHITE,NL,NOTHISPANICorNOTLATINO,REP,REPUBLICAN,35.0,9302000.0,Age2640,AA120418
ALAMANCE,R,REMOVED,AMBROSESUSANBROOKE,SUSANBROOKEAMBROSE,2012LONGDAIRYRD,WHITE,NL,NOTHISPANICorNOTLATINO,DEM,DEMOCRATIC,39.0,5232000.0,Age2640,AA118309
ALAMANCE,A,ACTIVE,AMBURNDANNYWAYNE,DANNYWAYNEAMBURN,1842TRAVISLN,WHITE,NL,NOTHISPANICorNOTLATINO,REP,REPUBLICAN,65.0,9161976.0,Age4165,AA2911
ALAMANCE,A,ACTIVE,AMBURNDIANADEAN,DIANADEANAMBURN,1842TRAVISLN,WHITE,NL,NOTHISPANICorNOTLATINO,REP,REPUBLICAN,67.0,9251976.0,AgeOver66,AA2912
ALAMANCE,A,ACTIVE,AMBURNDREWTHOMAS,DREWTHOMASAMBURN,1842TRAVISLN,WHITE,NL,NOTHISPANICorNOTLATINO,UNA,UNAFFILIATED,34.0,11022004.0,Age2640,AA141456
ALAMANCE,I,INACTIVE,AMEDEEPORSCHUELENORA,PORSCHUELENORAAMEDEE,219WALKERAVE,BLACKorAFRICANAMERICAN,NL,NOTHISPANICorNOTLATINO,UNA,UNAFFILIATED,32.0,8082001.0,Age2640,AA123966
ALAMANCE,A,ACTIVE,AMEELOUISECOMINGS,,1670WESTBROOKAVE,WHITE,UN,UNDESIGNATED,UNA,UNAFFILIATED,88.0,4032010.0,AgeOver66,AA165697
ALAMANCE,A,ACTIVE,AMERSONMICHAELWILLIAM,,3508GARDENRDL7,WHITE,NL,NOTHISPANICorNOTLATINO,REP,REPUBLICAN,37.0,9082005.0,Age2640,AA144614
ALAMANCE,A,ACTIVE,AMERSONTONYARENE,TONYARENEAMERSON,3508GARDENRDM4,WHITE,UN,UNDESIGNATED,REP,REPUBLICAN,34.0,11042008.0,Age2640,AA162804
ALAMANCE,A,ACTIVE,AMESJONATHAND,JONATHANDAMES,5464THREEWATERSLN,WHITE,NL,NOTHISPANICorNOTLATINO,UNA,UNAFFILIATED,66.0,5032000.0,AgeOver66,AA117958
ALAMANCE,I,INACTIVE,AMESKENNETHMICHAEL,KENNETHMICHAELAMES,784BOONESTATIONDRM,TWOorMORERACES,HL,HISPANICorLATINO,UNA,UNAFFILIATED,28.0,9302005.0,Age2640,AA144804
ALAMANCE,D,DENIED,AMESKENNETHM,KENNETHMAMES,784BOONESTATIONDR,UNDESIGNATED,HL,HISPANICorLATINO,UNA,UNAFFILIATED,28.0,,Age2640,AA140755
ALAMANCE,I,INACTIVE,AMESMICHAELALLENII,,3551FORESTDALEDRML,WHITE,NL,NOTHISPANICorNOTLATINO,REP,REPUBLICAN,32.0,8192004.0,Age2640,AA138168
ALAMANCE,A,ACTIVE,AMEYCOURTNEYLASHAWN,COURTNEYLASHAWNAMEY,2432GREENLEVELCHURCHRD,BLACKorAFRICANAMERICAN,UN,UNDESIGNATED,DEM,DEMOCRATIC,19.0,10022012.0,Age1825,AA176251
ALAMANCE,A,ACTIVE,AMEYLYNDATAPP,,2283SADDLECLUBRD,WHITE,NL,NOTHISPANICorNOTLATINO,DEM,DEMOCRATIC,,3181984.0,Age4165,
ALAMANCE,A,ACTIVE,AMEYMICHAELRICHARD,,2283SADDLECLUBRD,WHITE,UN,UNDESIGNATED,DEM,DEMOCRATIC,29.0,11012008.0,Age2640,BY353116
ALAMANCE,A,ACTIVE,AMEYRICHARD,RICHARDAMEY,2283SADDLECLUBRD,UNDESIGNATED,HL,HISPANICorLATINO,DEM,DEMOCRATIC,54.0,10012004.0,Age4165,AA140592
ALAMANCE,A,ACTIVE,AMICKBETTYLINENS,BETTYLINENSAMICK,1720OLDSTMARK'SCHURCHRD41B,WHITE,UN,UNDESIGNATED,DEM,DEMOCRATIC,81.0,9152010.0,AgeOver66,BY5191
ALAMANCE,A,ACTIVE,AMICKBILLIETICKLE,BILLIETICKLEAMICK,1865ROBINHOODDR,WHITE,NL,NOTHISPANICorNOTLATINO,REP,REPUBLICAN,82.0,10271962.0,AgeOver66,AA2914
ALAMANCE,A,ACTIVE,AMICKCHRISTIJEANLONG,CHRISTIJEANLONGAMICK,4257BKEYSTONERD,WHITE,NL,NOTHISPANICorNOTLATINO,REP,REPUBLICAN,38.0,12301999.0,Age2640,AA116536
ALAMANCE,A,ACTIVE,AMICKHAROLDWAYNE,HAROLDWAYNEAMICK,1975WFRONTST,WHITE,NL,NOTHISPANICorNOTLATINO,UNA,UNAFFILIATED,67.0,6232010.0,AgeOver66,EH101827
ALAMANCE,A,ACTIVE,AMICKJOSELLARS,JOSELLARSAMICK,4808FORESTLAKEDR,WHITE,NL,NOTHISPANICorNOTLATINO,DEM,DEMOCRATIC,85.0,5011948.0,AgeOver66,AA2924
ALAMANCE,A,ACTIVE,AMICKJOHNL,JOHNLAMICK,1865ROBINHOODDR,WHITE,NL,NOTHISPANICorNOTLATINO,REP,REPUBLICAN,83.0,10271962.0,AgeOver66,AA2926
ALAMANCE,A,ACTIVE,AMICKJOLIERICH,JOLIERICHAMICK,2130WFRONTST,WHITE,NL,NOTHISPANICorNOTLATINO,UNA,UNAFFILIATED,37.0,,Age2640,AA131846
ALAMANCE,A,ACTIVE,AMICKMICHAELANTHONY,,4257AKEYSTONERD,WHITE,NL,NOTHISPANICorNOTLATINO,UNA,UNAFFILIATED,39.0,3171999.0,Age2640,AA113804
ALAMANCE,I,INACTIVE,AMICKOLIVERJOHNSONJR,OLIVERJOHNSONAMICKJR,507SFIFTHST,WHITE,NL,NOTHISPANICorNOTLATINO,DEM,DEMOCRATIC,52.0,9281978.0,Age4165,AA2930
ALAMANCE,A,ACTIVE,AMICKPAULADOLPHUS,PAULADOLPHUSAMICK,1975WFRONTST,WHITE,NL,NOTHISPANICorNOTLATINO,DEM,DEMOCRATIC,43.0,,Age4165,AA91351
ALAMANCE,I,INACTIVE,AMICKRACHELJONES,RACHELJONESAMICK,734SFIFTHST,WHITE,NL,NOTHISPANICorNOTLATINO,DEM,DEMOCRATIC,80.0,9121953.0,AgeOver66,AA2932
ALAMANCE,A,ACTIVE,AMICKRODNEYDOUGLAS,RODNEYDOUGLASAMICK,2130WFRONTST,WHITE,NL,NOTHISPANICorNOTLATINO,REP,REPUBLICAN,44.0,9301986.0,Age4165,AA61183
ALAMANCE,A,ACTIVE,AMICKRUTHMICHAELS,RUTHMICHAELSAMICK,2436HODGESRD,WHITE,UN,UNDESIGNATED,DEM,DEMOCRATIC,68.0,11052002.0,AgeOver66,AA128465
ALAMANCE,A,ACTIVE,AMICKSHELLEYMARTIN,SHELLEYMARTINAMICK,2130WFRONTST,WHITE,NL,NOTHISPANICorNOTLATINO,REP,REPUBLICAN,38.0,1161998.0,Age2640,AA108912
ALAMANCE,I,INACTIVE,AMICKTHEODOREPEARLJR,THEODOREPEARLAMICKJR,4257AKEYSTONERD,WHITE,NL,NOTHISPANICorNOTLATINO,REP,REPUBLICAN,63.0,12152005.0,Age4165,AA145329
ALAMANCE,A,ACTIVE,AMICKTHOMASBENNETT,THOMASBENNETTAMICK,2236WFRONTST,WHITE,NL,NOTHISPANICorNOTLATINO,DEM,DEMOCRATIC,95.0,8251956.0,AgeOver66,AA2934
ALAMANCE,A,ACTIVE,AMINDHAVALHIRALAL,DHAVALHIRALALAMIN,7007WINDSORWAY,UNDESIGNATED,UN,UNDESIGNATED,UNA,UNAFFILIATED,51.0,10022012.0,Age4165,AA175995
ALAMANCE,A,ACTIVE,AMINHEMADHAVAL,HEMADHAVALAMIN,7007WINDSORWAY,ASIAN,UN,UNDESIGNATED,UNA,UNAFFILIATED,,10052012.0,Age4165,AA178132
ALAMANCE,A,ACTIVE,AMINKRUNALDHAVAL,KRUNALDHAVALAMIN,7007WINDSORWAY,OTHER,NL,NOTHISPANICorNOTLATINO,UNA,UNAFFILIATED,18.0,3092012.0,Age1825,AA170639
ALAMANCE,A,ACTIVE,AMMANNMICHELLELEE,,1827ERICDR,WHITE,NL,NOTHISPANICorNOTLATINO,DEM,DEMOCRATIC,43.0,6152001.0,Age4165,AA123495
ALAMANCE,A,ACTIVE,AMMANNRICHARDWAYNE,RICHARDWAYNEAMMANN,1827ERICDR,WHITE,NL,NOTHISPANICorNOTLATINO,REP,REPUBLICAN,,5092001.0,Age4165,AA123774
ALAMANCE,A,ACTIVE,AMMERMANAARONMICHAEL,AARONMICHAELAMMERMAN,5409MTOLIVECHURCHRD,WHITE,NL,NOTHISPANICorNOTLATINO,REP,REPUBLICAN,39.0,,Age2640,AA132478
ALAMANCE,A,ACTIVE,AMMONSSALLYCOLE,SALLYCOLEAMMONS,2040MARTINST,WHITE,NL,NOTHISPANICorNOTLATINO,REP,REPUBLICAN,96.0,5161964.0,AgeOver66,AA2941
ALAMANCE,A,ACTIVE,AMMONSTROYWILLIAMJR,TROYWILLIAMAMMONSJR,2040MARTINST,WHITE,NL,NOTHISPANICorNOTLATINO,REP,REPUBLICAN,71.0,7192012.0,AgeOver66,AA172574
ALAMANCE,A,ACTIVE,AMONROBERTF,ROBERTFAMON,4114HANSELTRCE,WHITE,UN,UNDESIGNATED,UNA,UNAFFILIATED,27.0,10302003.0,Age2640,AA131847
ALAMANCE,A,ACTIVE,AMOREROGERALLEN,ROGERALLENAMORE,2186RONEYLINEBERRYRD07,WHITE,NL,NOTHISPANICorNOTLATINO,UNA,UNAFFILIATED,50.0,9051990.0,Age4165,AA73191
ALAMANCE,A,ACTIVE,AMOROSOALEXANDERRICHARDJR,ALEXANDERRICHARDAMOROSOJR,6491HOMESTEADFARMLNAA,WHITE,NL,NOTHISPANICorNOTLATINO,UNA,UNAFFILIATED,,4132012.0,Age4165,BY5289
ALAMANCE,A,ACTIVE,AMOROSOVERASWARINGEN,VERASWARINGENAMOROSO,6491HOMESTEADFARMLNAA,WHITE,UN,UNDESIGNATED,DEM,DEMOCRATIC,,4122012.0,Age4165,BY188613
ALAMANCE,A,ACTIVE,AMOSBONNIEJEAN,BONNIEJEANAMOS,5956MTZIONRD1,WHITE,NL,NOTHISPANICorNOTLATINO,DEM,DEMOCRATIC,68.0,10062003.0,AgeOver66,AA131655
ALAMANCE,A,ACTIVE,AMOSDONALDLAMBERT,DONALDLAMBERTAMOS,708AMOSLN,WHITE,NL,NOTHISPANICorNOTLATINO,DEM,DEMOCRATIC,72.0,1111972.0,AgeOver66,AA2945
ALAMANCE,A,ACTIVE,AMOSLEEROY,LEEROYAMOS,216EASTWAYLN,WHITE,NL,NOTHISPANICorNOTLATINO,DEM,DEMOCRATIC,81.0,1301996.0,AgeOver66,AA97187
ALAMANCE,A,ACTIVE,AMOSMELISSAANN,,342KIMDR,WHITE,NL,NOTHISPANICorNOTLATINO,DEM,DEMOCRATIC,54.0,12232009.0,Age4165,EH641388
ALAMANCE,A,ACTIVE,AMOSREBECCANOELLE,REBECCANOELLEAMOS,1744WDAVISST,WHITE,NL,NOTHISPANICorNOTLATINO,DEM,DEMOCRATIC,44.0,10052005.0,Age4165,AA144805
ALAMANCE,A,ACTIVE,AMOSSHARONDENNIS,SHARONDENNISAMOS,216EASTWAYLN,WHITE,NL,NOTHISPANICorNOTLATINO,DEM,DEMOCRATIC,69.0,4031984.0,AgeOver66,
ALAMANCE,A,ACTIVE,AMOSSUEHUMPHREY,SUEHUMPHREYAMOS,708AMOSLN,WHITE,NL,NOTHISPANICorNOTLATINO,DEM,DEMOCRATIC,69.0,,AgeOver66,AA2947
ALAMANCE,R,REMOVED,AMRHEINCLIFFORDMICHAEL,CLIFFORDMICHAELAMRHEIN,826WILTSHIREDR,WHITE,NL,NOTHISPANICorNOTLATINO,REP,REPUBLICAN,87.0,12301975.0,AgeOver66,AA2949
ALAMANCE,A,ACTIVE,AMUNDSENDONALDWAYNE,DONALDWAYNEAMUNDSEN,207ATKINSONAVE,WHITE,NL,NOTHISPANICorNOTLATINO,REP,REPUBLICAN,58.0,2282012.0,Age4165,AA170466
ALAMANCE,A,ACTIVE,AMUNDSENMARIBETHBODY,,207ATKINSONAVE,WHITE,NL,NOTHISPANICorNOTLATINO,UNA,UNAFFILIATED,56.0,2142012.0,Age4165,AA170364
ALAMANCE,A,ACTIVE,AMYOTANNBERRY,ANNBERRYAMYOT,3559BENTRIDGEDR,WHITE,NL,NOTHISPANICorNOTLATINO,UNA,UNAFFILIATED,43.0,4122000.0,Age4165,AA117961
ALAMANCE,A,ACTIVE,AMYOTMICHAELJOHN,,3559BENTRIDGEDR,WHITE,NL,NOTHISPANICorNOTLATINO,DEM,DEMOCRATIC,,4122000.0,Age4165,AA117962
ALAMANCE,A,ACTIVE,ANCHARANGSR,CHARANGANSR,4573REGULATORDR,OTHER,NL,NOTHISPANICorNOTLATINO,REP,REPUBLICAN,70.0,10041995.0,AgeOver66,AA95952
ALAMANCE,A,ACTIVE,ANHEAOK,HEAOKAN,2517CLARENDONRD,ASIAN,UN,UNDESIGNATED,DEM,DEMOCRATIC,59.0,4192007.0,Age4165,AA149417
ALAMANCE,A,ACTIVE,ANJONGUK,JONGUKAN,605SLEXINGTONAVEA3,OTHER,NL,NOTHISPANICorNOTLATINO,DEM,DEMOCRATIC,40.0,8102007.0,Age2640,BY303610
ALAMANCE,A,ACTIVE,ANJONGCHAN,JONGCHANAN,4573REGULATORDR,OTHER,NL,NOTHISPANICorNOTLATINO,REP,REPUBLICAN,42.0,3021990.0,Age4165,AA70745
ALAMANCE,A,ACTIVE,ANNAMWOONG,NAMWOONGAN,2517CLARENDONRD,ASIAN,UN,UNDESIGNATED,UNA,UNAFFILIATED,59.0,6162008.0,Age4165,AA155130
ALAMANCE,A,ACTIVE,ANANTATMULASHRUTI,SHRUTIANANTATMULA,,ASIAN,UN,UNDESIGNATED,DEM,DEMOCRATIC,19.0,4132012.0,Age1825,AA171446
ALAMANCE,A,ACTIVE,ANARIEMILYANNE,EMILYANNEANARI,315WLEBANONAVE9,WHITE,UN,UNDESIGNATED,UNA,UNAFFILIATED,20.0,,Age1825,AA178570
ALAMANCE,A,ACTIVE,ANATRAANGELAELIZABETH,ANGELAELIZABETHANATRA,,WHITE,NL,NOTHISPANICorNOTLATINO,DEM,DEMOCRATIC,23.0,6072007.0,Age1825,AA149776
ALAMANCE,A,ACTIVE,ANATRACHRISTOPHERANTHONY,CHRISTOPHERANTHONYANATRA,,WHITE,NL,NOTHISPANICorNOTLATINO,REP,REPUBLICAN,26.0,2232004.0,Age2640,AA133272
ALAMANCE,A,ACTIVE,ANATRAELISANAZZARI,ELISANAZZARIANATRA,,WHITE,NL,NOTHISPANICorNOTLATINO,DEM,DEMOCRATIC,57.0,7311992.0,Age4165,AA82440
ALAMANCE,A,ACTIVE,ANDERSANNSMITH,ANNSMITHANDERS,524CIRCLEDR,WHITE,NL,NOTHISPANICorNOTLATINO,DEM,DEMOCRATIC,72.0,10061980.0,AgeOver66,AA2952
ALAMANCE,A,ACTIVE,ANDERSBILLYLEE,BILLYLEEANDERS,524CIRCLEDR,WHITE,NL,NOTHISPANICorNOTLATINO,DEM,DEMOCRATIC,72.0,1141976.0,AgeOver66,AA2953
ALAMANCE,A,ACTIVE,ANDERSIRABELLECOLE,IRABELLECOLEANDERS,502ROLLINGRD,WHITE,NL,NOTHISPANICorNOTLATINO,REP,REPUBLICAN,85.0,9182001.0,AgeOver66,AA124462
ALAMANCE,A,ACTIVE,ANDERSJEFFREYHAMPTON,JEFFREYHAMPTONANDERS,524CIRCLEDR,WHITE,NL,NOTHISPANICorNOTLATINO,REP,REPUBLICAN,,3141984.0,Age4165,
ALAMANCE,A,ACTIVE,ANDERSKAREN,KARENANDERS,1926CONNERSCT,WHITE,NL,NOTHISPANICorNOTLATINO,REP,REPUBLICAN,41.0,5031995.0,Age4165,AA93968
ALAMANCE,A,ACTIVE,ANDERSNICHOLASALLEN,NICHOLASALLENANDERS,1926CONNERSCT,WHITE,NL,NOTHISPANICorNOTLATINO,REP,REPUBLICAN,39.0,11022004.0,Age2640,AA141458
ALAMANCE,A,ACTIVE,ANDERSENASHLEYMARIE,ASHLEYMARIEANDERSEN,210UNIONAVE,WHITE,UN,UNDESIGNATED,UNA,UNAFFILIATED,21.0,7252012.0,Age1825,AA173602
ALAMANCE,I,INACTIVE,ANDERSENBRYANSCOTT,BRYANSCOTTANDERSEN,409GREENST,WHITE,NL,NOTHISPANICorNOTLATINO,DEM,DEMOCRATIC,38.0,11082004.0,Age2640,AA142054
ALAMANCE,A,ACTIVE,ANDERSENETHANFREDERICK,ETHANFREDERICKANDERSEN,2001ELONCOMMONSDR306,UNDESIGNATED,UN,UNDESIGNATED,UNA,UNAFFILIATED,21.0,10052012.0,Age1825,AA175998
ALAMANCE,A,ACTIVE,ANDERSENMARTHASUSAN,,5117BREVARDLN,WHITE,NL,NOTHISPANICorNOTLATINO,REP,REPUBLICAN,56.0,6012009.0,Age4165,AA164143
ALAMANCE,A,ACTIVE,ANDERSENROBINWAYNE,ROBINWAYNEANDERSEN,5117BREVARDLN,WHITE,UN,UNDESIGNATED,UNA,UNAFFILIATED,55.0,6162009.0,Age4165,BY5412
ALAMANCE,A,ACTIVE,ANDERSONALANAMAXINE,ALANAMAXINEANDERSON,607HOLLYST,BLACKorAFRICANAMERICAN,NL,NOTHISPANICorNOTLATINO,DEM,DEMOCRATIC,20.0,3312010.0,Age1825,AA165683
ALAMANCE,A,ACTIVE,ANDERSONALAYNABREANN,ALAYNABREANNANDERSON,2807NNCHWY49,WHITE,NL,NOTHISPANICorNOTLATINO,UNA,UNAFFILIATED,21.0,9182012.0,,AA174908
ALAMANCE,A,ACTIVE,ANDERSONALBERTC,ALBERTCANDERSON,1813ROBINHOODDR,WHITE,NL,NOTHISPANICorNOTLATINO,REP,REPUBLICAN,53.0,9281992.0,Age4165,AA85039
ALAMANCE,A,ACTIVE,ANDERSONALEASEMILES,ALEASEMILESANDERSON,5840ANDERSONBROTHERSTRL,BLACKorAFRICANAMERICAN,NL,NOTHISPANICorNOTLATINO,DEM,DEMOCRATIC,83.0,2081984.0,AgeOver66,
ALAMANCE,R,REMOVED,ANDERSONALTHEAHAYES,ALTHEAHAYESANDERSON,1860BROOKWOODAVEH308B,BLACKorAFRICANAMERICAN,UN,UNDESIGNATED,DEM,DEMOCRATIC,88.0,9131995.0,AgeOver66,AA99105
ALAMANCE,A,ACTIVE,ANDERSONALYCEOLIVE,ALYCEOLIVEANDERSON,1753NORTHSIDEDR,WHITE,UN,UNDESIGNATED,DEM,DEMOCRATIC,36.0,3242010.0,Age2640,BY303751
ALAMANCE,I,INACTIVE,ANDERSONAMANDAJEAN,AMANDAJEANANDERSON,,WHITE,NL,NOTHISPANICorNOTLATINO,REP,REPUBLICAN,36.0,10302007.0,Age2640,AA151004
ALAMANCE,A,ACTIVE,ANDERSONAMANDACOVINGTON,AMANDACOVINGTONANDERSON,517WILDWOODLN,WHITE,NL,NOTHISPANICorNOTLATINO,DEM,DEMOCRATIC,35.0,,Age2640,AA144830
ALAMANCE,A,ACTIVE,ANDERSONAMANDACHEEK,AMANDACHEEKANDERSON,4205VISTAKNOLLDR,WHITE,NL,NOTHISPANICorNOTLATINO,REP,REPUBLICAN,36.0,9202004.0,Age2640,AA138044
ALAMANCE,A,ACTIVE,ANDERSONAMANDAWALKER,AMANDAWALKERANDERSON,1339BEAUFORTDR,WHITE,UN,UNDESIGNATED,REP,REPUBLICAN,,4101996.0,Age4165,AA98936
ALAMANCE,A,ACTIVE,ANDERSONAMBERRENEE,AMBERRENEEANDERSON,1720OLDSTMARK'SCHURCHRD81G,WHITE,NL,NOTHISPANICorNOTLATINO,UNA,UNAFFILIATED,28.0,12172008.0,Age2640,AA162466
ALAMANCE,A,ACTIVE,ANDERSONAMYSMITH,AMYSMITHANDERSON,1010PLEASANTDR,WHITE,NL,NOTHISPANICorNOTLATINO,REP,REPUBLICAN,55.0,8211992.0,Age4165,AA82714
ALAMANCE,I,INACTIVE,ANDERSONANDREWPAUL,ANDREWPAULANDERSON,828KENWOODDR,WHITE,UN,UNDESIGNATED,UNA,UNAFFILIATED,25.0,6272007.0,,AA150007
ALAMANCE,A,ACTIVE,ANDERSONANNEGREEN,ANNEGREENANDERSON,212ESUMMERBELLAVE,WHITE,NL,NOTHISPANICorNOTLATINO,DEM,DEMOCRATIC,57.0,9251984.0,Age4165,
ALAMANCE,A,ACTIVE,ANDERSONANNIEMAERUSSELL,ANNIEMAERUSSELLANDERSON,5983ANDERSONBROTHERSTRL,BLACKorAFRICANAMERICAN,NL,NOTHISPANICorNOTLATINO,DEM,DEMOCRATIC,68.0,3271972.0,AgeOver66,AA2961
ALAMANCE,A,ACTIVE,ANDERSONANTHONYCRAIG,ANTHONYCRAIGANDERSON,507TRUITTDR,WHITE,UN,UNDESIGNATED,REP,REPUBLICAN,51.0,9222004.0,Age4165,AA138016
ALAMANCE,A,ACTIVE,ANDERSONANTOINEDEMARO,ANTOINEDEMAROANDERSON,607HOLLYST,UNDESIGNATED,UN,UNDESIGNATED,DEM,DEMOCRATIC,51.0,7252011.0,Age4165,AA168966
ALAMANCE,A,ACTIVE,ANDERSONAPRILMITCHELL,APRILMITCHELLANDERSON,5811ANDERSONBROTHERSTRLA,BLACKorAFRICANAMERICAN,NL,NOTHISPANICorNOTLATINO,DEM,DEMOCRATIC,30.0,9142007.0,Age2640,DE219626
ALAMANCE,A,ACTIVE,ANDERSONASHLEYMARIE,ASHLEYMARIEANDERSON,210UNIONAVE,WHITE,NL,NOTHISPANICorNOTLATINO,UNA,UNAFFILIATED,21.0,10022012.0,,AA176002
ALAMANCE,A,ACTIVE,ANDERSONBETHANYLYNN,BETHANYLYNNANDERSON,1004ELONACORNDR208,WHITE,NL,NOTHISPANICorNOTLATINO,DEM,DEMOCRATIC,19.0,9212012.0,,AA175133
ALAMANCE,R,REMOVED,ANDERSONBEULAHM,BEULAHMANDERSON,2500OLDNCHWY87,WHITE,NL,NOTHISPANICorNOTLATINO,DEM,DEMOCRATIC,91.0,5151952.0,AgeOver66,AA2963
ALAMANCE,R,REMOVED,ANDERSONBEULAHPHILLIPS,BEULAHPHILLIPSANDERSON,4024CATESLOOPRD,WHITE,NL,NOTHISPANICorNOTLATINO,DEM,DEMOCRATIC,91.0,10081984.0,AgeOver66,AA57722
ALAMANCE,A,ACTIVE,ANDERSONBEVERLYLYNN,BEVERLYLYNNANDERSON,304DRIFTWOODDR,INDIANAMERICANorALASKANATIVE,NL,NOTHISPANICorNOTLATINO,REP,REPUBLICAN,54.0,10082002.0,Age4165,AA128215
ALAMANCE,A,ACTIVE,ANDERSONBEVERLYSALMONS,BEVERLYSALMONSANDERSON,416MANNINGAVE,WHITE,NL,NOTHISPANICorNOTLATINO,REP,REPUBLICAN,59.0,10071972.0,Age4165,AA2964
ALAMANCE,A,ACTIVE,ANDERSONBILLYW,BILLYWANDERSON,416TUCKERST,WHITE,NL,NOTHISPANICorNOTLATINO,DEM,DEMOCRATIC,44.0,9172006.0,Age4165,AA147469
ALAMANCE,A,ACTIVE,ANDERSONBRANDYRICHARDSON,BRANDYRICHARDSONANDERSON,1611GIBSONVILLEOSSIPEERD,WHITE,NL,NOTHISPANICorNOTLATINO,REP,REPUBLICAN,32.0,9232008.0,Age2640,AA157745
ALAMANCE,A,ACTIVE,ANDERSONBRIANLESLIE,BRIANLESLIEANDERSON,406WGILBREATHST,WHITE,NL,NOTHISPANICorNOTLATINO,UNA,UNAFFILIATED,44.0,5102004.0,Age4165,AA134204
ALAMANCE,A,ACTIVE,ANDERSONBRIANTAYLOR,BRIANTAYLORANDERSON,,WHITE,NL,NOTHISPANICorNOTLATINO,UNA,UNAFFILIATED,42.0,6131995.0,Age4165,AA94417
ALAMANCE,A,ACTIVE,ANDERSONBRITTANYLEIGH,BRITTANYLEIGHANDERSON,,WHITE,NL,NOTHISPANICorNOTLATINO,DEM,DEMOCRATIC,24.0,8142006.0,,AA147245
ALAMANCE,A,ACTIVE,ANDERSONBRITTANYNICOLE,BRITTANYNICOLEANDERSON,790BOONESTATIONDRD,WHITE,NL,NOTHISPANICorNOTLATINO,DEM,DEMOCRATIC,22.0,,,AA167092
ALAMANCE,A,ACTIVE,ANDERSONBRYANEUGENE,BRYANEUGENEANDERSON,4040CATESLOOPRD,WHITE,NL,NOTHISPANICorNOTLATINO,DEM,DEMOCRATIC,,3301984.0,Age4165,
ALAMANCE,A,ACTIVE,ANDERSONCARMENLYNETTE,CARMENLYNETTEANDERSON,725GROVERLN,BLACKorAFRICANAMERICAN,NL,NOTHISPANICorNOTLATINO,DEM,DEMOCRATIC,,5211982.0,Age4165,AA2966
ALAMANCE,A,ACTIVE,ANDERSONCAROLYNROSE,CAROLYNROSEANDERSON,629AUDREYLN,BLACKorAFRICANAMERICAN,NL,NOTHISPANICorNOTLATINO,DEM,DEMOCRATIC,63.0,5032003.0,Age4165,AA130176
ALAMANCE,A,ACTIVE,ANDERSONCATHERINESTOCKARD,CATHERINESTOCKARDANDERSON,605MEADOWOODDR,WHITE,UN,UNDESIGNATED,REP,REPUBLICAN,,6141996.0,Age4165,AA99978
ALAMANCE,A,ACTIVE,ANDERSONCATHYMARIE,CATHYMARIEANDERSON,9652SNCHWY87,WHITE,NL,NOTHISPANICorNOTLATINO,UNA,UNAFFILIATED,55.0,2131976.0,Age4165,AA2968
ALAMANCE,A,ACTIVE,ANDERSONCHARLESEUGENE,CHARLESEUGENEANDERSON,3815NNCHWY49,WHITE,NL,NOTHISPANICorNOTLATINO,DEM,DEMOCRATIC,68.0,4201968.0,AgeOver66,AA2969
ALAMANCE,D,DENIED,ANDERSONCHARLESMARSHALL,CHARLESMARSHALLANDERSON,3551FORESTDALEDRJI,WHITE,NL,NOTHISPANICorNOTLATINO,UNA,UNAFFILIATED,66.0,3172003.0,AgeOver66,AA129780
ALAMANCE,A,ACTIVE,ANDERSONCHARLESROBERT,CHARLESROBERTANDERSON,3049MITCHELLPASTURELN,WHITE,NL,NOTHISPANICorNOTLATINO,REP,REPUBLICAN,31.0,8142000.0,Age2640,AA119228
ALAMANCE,A,ACTIVE,ANDERSONCHRISTINEBARFIELD,CHRISTINEBARFIELDANDERSON,4962HOMESTEADDR,WHITE,NL,NOTHISPANICorNOTLATINO,UNA,UNAFFILIATED,71.0,1192008.0,AgeOver66,AX37477
ALAMANCE,A,ACTIVE,ANDERSONCHRISTOPHERBRIAN,CHRISTOPHERBRIANANDERSON,4205VISTAKNOLLDR,WHITE,UN,UNDESIGNATED,REP,REPUBLICAN,37.0,9202004.0,Age2640,AA137860
ALAMANCE,A,ACTIVE,ANDERSONCORNELIASPRINGS,CORNELIASPRINGSANDERSON,1832CEDARRIDGEDR,BLACKorAFRICANAMERICAN,NL,NOTHISPANICorNOTLATINO,DEM,DEMOCRATIC,73.0,,AgeOver66,AA128907
ALAMANCE,A,ACTIVE,ANDERSONCRAIGWADDELL,CRAIGWADDELLANDERSON,517WILDWOODLN,WHITE,NL,NOTHISPANICorNOTLATINO,UNA,UNAFFILIATED,43.0,8172006.0,Age4165,AA147276
ALAMANCE,A,ACTIVE,ANDERSONCURTISMONWDELL,CURTISMONWDELLANDERSON,321AUSTINST,BLACKorAFRICANAMERICAN,UN,UNDESIGNATED,DEM,DEMOCRATIC,30.0,4092008.0,Age2640,AA153773
ALAMANCE,A,ACTIVE,ANDERSONCURTIS,CURTISANDERSON,1009LORRAINESTB4,BLACKorAFRICANAMERICAN,NL,NOTHISPANICorNOTLATINO,DEM,DEMOCRATIC,53.0,4061979.0,Age4165,AA2972
ALAMANCE,A,ACTIVE,ANDERSONDALLASMALONEJR,DALLASMALONEANDERSONJR,2900MEBANEROGERSRD,WHITE,NL,NOTHISPANICorNOTLATINO,REP,REPUBLICAN,77.0,5141960.0,AgeOver66,AA2973
ALAMANCE,I,INACTIVE,ANDERSONDANIELERIC,DANIELERICANDERSON,,WHITE,NL,NOTHISPANICorNOTLATINO,REP,REPUBLICAN,39.0,9161997.0,Age2640,AA107496
ALAMANCE,A,ACTIVE,ANDERSONDANIELJOSEPH,DANIELJOSEPHANDERSON,,WHITE,NL,NOTHISPANICorNOTLATINO,DEM,DEMOCRATIC,56.0,2181998.0,Age4165,AA109134
ALAMANCE,I,INACTIVE,ANDERSONDANIELCHRISTOPHER,DANIELCHRISTOPHERANDERSON,24LONDONLN,WHITE,NL,NOTHISPANICorNOTLATINO,UNA,UNAFFILIATED,43.0,10272009.0,Age4165,AA165152
ALAMANCE,A,ACTIVE,ANDERSONDAVIDPAUL,DAVIDPAULANDERSON,2005SINCLAIRTRCE,WHITE,NL,NOTHISPANICorNOTLATINO,REP,REPUBLICAN,40.0,,Age2640,AA158449
ALAMANCE,A,ACTIVE,ANDERSONDAVIDCHRIS,DAVIDCHRISANDERSON,317HILLCRESTAVE,WHITE,NL,NOTHISPANICorNOTLATINO,DEM,DEMOCRATIC,69.0,5222006.0,AgeOver66,CA74184
ALAMANCE,A,ACTIVE,ANDERSONDAWNMARIE,DAWNMARIEANDERSON,3049MITCHELLPASTURELN,WHITE,NL,NOTHISPANICorNOTLATINO,REP,REPUBLICAN,32.0,5042000.0,Age2640,AA117976
ALAMANCE,A,ACTIVE,ANDERSONDELINDAMICHELL,DELINDAMICHELLANDERSON,86LESLEEDR,WHITE,UN,UNDESIGNATED,UNA,UNAFFILIATED,29.0,8282008.0,Age2640,AA156473
ALAMANCE,A,ACTIVE,ANDERSONDELPHINEMAHALIE,DELPHINEMAHALIEANDERSON,2386PLEASANTGROVEUNIONSCHOOLRD,BLACKorAFRICANAMERICAN,NL,NOTHISPANICorNOTLATINO,DEM,DEMOCRATIC,42.0,7091998.0,Age4165,AA110640
ALAMANCE,A,ACTIVE,ANDERSONDELSIEM,DELSIEMANDERSON,2533TOMANDERSONRD,BLACKorAFRICANAMERICAN,NL,NOTHISPANICorNOTLATINO,DEM,DEMOCRATIC,82.0,10291997.0,AgeOver66,AA108021
ALAMANCE,A,ACTIVE,ANDERSONDIANE(NMN),DIANE(NMN)ANDERSON,5840ANDERSONBROTHERSTRL,BLACKorAFRICANAMERICAN,NL,NOTHISPANICorNOTLATINO,DEM,DEMOCRATIC,58.0,3051992.0,Age4165,AA80058
ALAMANCE,A,ACTIVE,ANDERSONDONAVONRAY,DONAVONRAYANDERSON,1339BEAUFORTDR,WHITE,NL,NOTHISPANICorNOTLATINO,UNA,UNAFFILIATED,23.0,10012008.0,,AA158450
ALAMANCE,I,INACTIVE,ANDERSONDONNARUTH,DONNARUTHANDERSON,824TILLMANST,WHITE,NL,NOTHISPANICorNOTLATINO,UNA,UNAFFILIATED,54.0,3072003.0,Age4165,AA129708
ALAMANCE,I,INACTIVE,ANDERSONDONTALEE,DONTALEEANDERSON,5331FANCYLOOPRD,BLACKorAFRICANAMERICAN,NL,NOTHISPANICorNOTLATINO,DEM,DEMOCRATIC,30.0,2172000.0,Age2640,AA117000
ALAMANCE,A,ACTIVE,ANDERSONDORIANN,DORIANNANDERSON,1403FIRESTONEDR,WHITE,NL,NOTHISPANICorNOTLATINO,REP,REPUBLICAN,43.0,12122006.0,Age4165,AA148189
ALAMANCE,R,REMOVED,ANDERSONDORISWARREN,DORISWARRENANDERSON,504BROWNBARKLN,WHITE,NL,NOTHISPANICorNOTLATINO,REP,REPUBLICAN,95.0,10082002.0,AgeOver66,AA128216
ALAMANCE,R,REMOVED,ANDERSONDOUGLASWAYNE,DOUGLASWAYNEANDERSON,512CENTRALAVE,WHITE,NL,NOTHISPANICorNOTLATINO,DEM,DEMOCRATIC,43.0,11231994.0,Age4165,AA92511
ALAMANCE,D,DENIED,ANDERSONEBONIELATRICE,EBONIELATRICEANDERSON,730IVEYRDJ,BLACKorAFRICANAMERICAN,NL,NOTHISPANICorNOTLATINO,DEM,DEMOCRATIC,24.0,8152006.0,,AA148758
ALAMANCE,A,ACTIVE,ANDERSONEBONYJANA,EBONYJANAANDERSON,712VANDERFORDST,UNDESIGNATED,UN,UNDESIGNATED,DEM,DEMOCRATIC,21.0,7252012.0,,AA173603
ALAMANCE,R,REMOVED,ANDERSONEDITHWALKER,EDITHWALKERANDERSON,1723JOHNSONRD,WHITE,NL,NOTHISPANICorNOTLATINO,DEM,DEMOCRATIC,98.0,10261944.0,AgeOver66,AA2976
ALAMANCE,R,REMOVED,ANDERSONELMER,ELMERANDERSON,209CLAPPST,WHITE,NL,NOTHISPANICorNOTLATINO,REP,REPUBLICAN,75.0,2211984.0,AgeOver66,
ALAMANCE,A,ACTIVE,ANDERSONERINPATRICIA,ERINPATRICIAANDERSON,,WHITE,UN,UNDESIGNATED,DEM,DEMOCRATIC,19.0,4132012.0,,AA171411
ALAMANCE,A,ACTIVE,ANDERSONEUGENIAJEFFRIES,EUGENIAJEFFRIESANDERSON,,BLACKorAFRICANAMERICAN,UN,UNDESIGNATED,DEM,DEMOCRATIC,53.0,3052008.0,Age4165,
ALAMANCE,A,ACTIVE,ANDERSONFLORENCE,FLORENCEANDERSON,2532TOMANDERSONRD,BLACKorAFRICANAMERICAN,NL,NOTHISPANICorNOTLATINO,DEM,DEMOCRATIC,88.0,12191991.0,AgeOver66,AA79143
ALAMANCE,A,ACTIVE,ANDERSONFRANKANTHONY,FRANKANTHONYANDERSON,1229STHIRDST,BLACKorAFRICANAMERICAN,NL,NOTHISPANICorNOTLATINO,DEM,DEMOCRATIC,51.0,7282004.0,Age4165,AA136033
ALAMANCE,A,ACTIVE,ANDERSONFREDERICK(NMN),FREDERICK(NMN)ANDERSON,5873ANDERSONBROTHERSTRL,BLACKorAFRICANAMERICAN,NL,NOTHISPANICorNOTLATINO,DEM,DEMOCRATIC,41.0,6141991.0,Age4165,AA77517
ALAMANCE,A,ACTIVE,ANDERSONGALEDARRELL,GALEDARRELLANDERSON,2422MORNINGSIDEDR,WHITE,NL,NOTHISPANICorNOTLATINO,DEM,DEMOCRATIC,85.0,5141960.0,AgeOver66,AA2984
ALAMANCE,A,ACTIVE,ANDERSONGARRYDWIGHT,GARRYDWIGHTANDERSON,209ESIXTHST,BLACKorAFRICANAMERICAN,UN,UNDESIGNATED,DEM,DEMOCRATIC,60.0,9292004.0,Age4165,AA138616
ALAMANCE,A,ACTIVE,ANDERSONGEOFANNEKELCIE,GEOFANNEKELCIEANDERSON,100PHOENIXDR108A,UNDESIGNATED,UN,UNDESIGNATED,DEM,DEMOCRATIC,18.0,10012012.0,,AA175909
ALAMANCE,R,REMOVED,ANDERSONGEORGECLINTON,GEORGECLINTONANDERSON,1832CEDARRIDGEDR,BLACKorAFRICANAMERICAN,NL,NOTHISPANICorNOTLATINO,DEM,DEMOCRATIC,72.0,10242002.0,AgeOver66,AA128487
ALAMANCE,A,ACTIVE,ANDERSONGILLNELSON,GILLNELSONANDERSON,405SBEAUMONTAVE,BLACKorAFRICANAMERICAN,UN,UNDESIGNATED,DEM,DEMOCRATIC,38.0,8252008.0,Age2640,AA156444
ALAMANCE,R,REMOVED,ANDERSONGLADYSBIGELOW,GLADYSBIGELOWANDERSON,409GREENST,BLACKorAFRICANAMERICAN,NL,NOTHISPANICorNOTLATINO,DEM,DEMOCRATIC,92.0,10241964.0,AgeOver66,AA2987
ALAMANCE,A,ACTIVE,ANDERSONGLENWAYNE,GLENWAYNEANDERSON,2200NNCHWY49,WHITE,NL,NOTHISPANICorNOTLATINO,DEM,DEMOCRATIC,77.0,5171960.0,AgeOver66,AA2988
ALAMANCE,A,ACTIVE,ANDERSONHANNAHLOUISE,HANNAHLOUISEANDERSON,613CENTRALAVE,WHITE,NL,NOTHISPANICorNOTLATINO,DEM,DEMOCRATIC,,5092006.0,Age4165,DB164154
ALAMANCE,A,ACTIVE,ANDERSONHAZELKERNODLE,HAZELKERNODLEANDERSON,1454NNCHWY87,WHITE,NL,NOTHISPANICorNOTLATINO,REP,REPUBLICAN,82.0,10291960.0,AgeOver66,AA2995
ALAMANCE,A,ACTIVE,ANDERSONHEIDEFICK,HEIDEFICKANDERSON,2620BELLEMONTALAMANCERD,WHITE,NL,NOTHISPANICorNOTLATINO,REP,REPUBLICAN,52.0,9142000.0,Age4165,AA119781
ALAMANCE,R,REMOVED,ANDERSONHELENMADSEN,HELENMADSENANDERSON,1840BROOKWOODAVE232,WHITE,NL,NOTHISPANICorNOTLATINO,UNA,UNAFFILIATED,92.0,4272005.0,AgeOver66,AA143478
ALAMANCE,R,REMOVED,ANDERSONHUEDAVIES,HUEDAVIESANDERSON,5840ANDERSONBROTHERSTRL,BLACKorAFRICANAMERICAN,UN,UNDESIGNATED,DEM,DEMOCRATIC,27.0,8022004.0,Age2640,AA135201
ALAMANCE,A,ACTIVE,ANDERSONHUEDAVIES,HUEDAVIESANDERSON,5840ANDERSONBROTHERSTRL,BLACKorAFRICANAMERICAN,UN,UNDESIGNATED,DEM,DEMOCRATIC,27.0,6122012.0,Age2640,AA172437
ALAMANCE,A,ACTIVE,ANDERSONIDAEMILY,IDAEMILYANDERSON,1817JOHNSONRD,WHITE,NL,NOTHISPANICorNOTLATINO,UNA,UNAFFILIATED,61.0,8261991.0,Age4165,AA78299
ALAMANCE,A,ACTIVE,ANDERSONJAMESROBERT,JAMESROBERTANDERSON,3228WOODSIDEAVE,WHITE,NL,NOTHISPANICorNOTLATINO,UNA,UNAFFILIATED,64.0,6281996.0,Age4165,AA100262
ALAMANCE,A,ACTIVE,ANDERSONJAMES,JAMESANDERSON,4962HOMESTEADDR,WHITE,UN,UNDESIGNATED,UNA,UNAFFILIATED,86.0,1182008.0,AgeOver66,AA151867
ALAMANCE,R,REMOVED,ANDERSONJAMESLEVI,JAMESLEVIANDERSON,870BOONERD,BLACKorAFRICANAMERICAN,NL,NOTHISPANICorNOTLATINO,DEM,DEMOCRATIC,80.0,9301976.0,AgeOver66,AA2996
ALAMANCE,A,ACTIVE,ANDERSONJANETHERESE,JANETHERESEANDERSON,,WHITE,NL,NOTHISPANICorNOTLATINO,DEM,DEMOCRATIC,66.0,5101996.0,AgeOver66,AA99227
ALAMANCE,A,ACTIVE,ANDERSONJANNAQUITNEY,JANNAQUITNEYANDERSON,,WHITE,NL,NOTHISPANICorNOTLATINO,UNA,UNAFFILIATED,57.0,2171998.0,Age4165,AA109135
ALAMANCE,A,ACTIVE,ANDERSONJASONWESLEY,JASONWESLEYANDERSON,1775NNCHWY49,WHITE,NL,NOTHISPANICorNOTLATINO,REP,REPUBLICAN,36.0,5121994.0,Age2640,AA89849
ALAMANCE,A,ACTIVE,ANDERSONJASONMATTHEW,JASONMATTHEWANDERSON,1611GIBSONVILLEOSSIPEERD,WHITE,NL,NOTHISPANICorNOTLATINO,REP,REPUBLICAN,37.0,8242004.0,Age2640,AA136745
ALAMANCE,A,ACTIVE,ANDERSONJEANFAMBROUGH,JEANFAMBROUGHANDERSON,2422MORNINGSIDEDR,WHITE,NL,NOTHISPANICorNOTLATINO,DEM,DEMOCRATIC,78.0,5141960.0,AgeOver66,AA2999
ALAMANCE,R,REMOVED,ANDERSONJEANTURNER,JEANTURNERANDERSON,224WSHANNONDR,WHITE,NL,NOTHISPANICorNOTLATINO,REP,REPUBLICAN,82.0,5091964.0,AgeOver66,AA3000
ALAMANCE,A,ACTIVE,ANDERSONJEANNIESUE,JEANNIESUEANDERSON,6730COLTTRL,WHITE,UN,UNDESIGNATED,REP,REPUBLICAN,42.0,3292004.0,Age4165,AA133513
ALAMANCE,A,ACTIVE,ANDERSONJEFFREYDEAN,JEFFREYDEANANDERSON,2641SUDIEDR,WHITE,NL,NOTHISPANICorNOTLATINO,UNA,UNAFFILIATED,,3142005.0,Age4165,AA143140
ALAMANCE,A,ACTIVE,ANDERSONJEFFREYBRIAN,JEFFREYBRIANANDERSON,3181SAWMILLDR,WHITE,NL,NOTHISPANICorNOTLATINO,UNA,UNAFFILIATED,52.0,4021982.0,Age4165,AA3001
ALAMANCE,A,ACTIVE,ANDERSONJEFFREYBRIAN,JEFFREYBRIANANDERSON,2258SANDYLN,WHITE,NL,NOTHISPANICorNOTLATINO,REP,REPUBLICAN,,10051992.0,Age4165,AA84017
ALAMANCE,A,ACTIVE,ANDERSONJENNIFERANNE,JENNIFERANNEANDERSON,1319BRANSONDR,WHITE,NL,NOTHISPANICorNOTLATINO,REP,REPUBLICAN,37.0,7252002.0,Age2640,AA126987
ALAMANCE,A,ACTIVE,ANDERSONJERAMIEMICHAEL,JERAMIEMICHAELANDERSON,1720OLDSTMARK'SCHURCHRD81G,WHITE,NL,NOTHISPANICorNOTLATINO,UNA,UNAFFILIATED,30.0,11182008.0,Age2640,AA162467
ALAMANCE,A,ACTIVE,ANDERSONJEREMYJAMES,JEREMYJAMESANDERSON,3124ECALLOWAYDR,UNDESIGNATED,UN,UNDESIGNATED,UNA,UNAFFILIATED,25.0,4102012.0,,AA171372
ALAMANCE,A,ACTIVE,ANDERSONJOANDELORIS,JOANDELORISANDERSON,81DENISEDR,BLACKorAFRICANAMERICAN,UN,UNDESIGNATED,DEM,DEMOCRATIC,55.0,12192008.0,Age4165,AA162468
ALAMANCE,A,ACTIVE,ANDERSONJOE,JOEANDERSON,607HOLLYST,BLACKorAFRICANAMERICAN,NL,NOTHISPANICorNOTLATINO,DEM,DEMOCRATIC,75.0,5161964.0,AgeOver66,AA3003
ALAMANCE,A,ACTIVE,ANDERSONJOHANNANICOLE,JOHANNANICOLEANDERSON,,WHITE,NL,NOTHISPANICorNOTLATINO,UNA,UNAFFILIATED,27.0,,Age2640,AA142250
ALAMANCE,A,ACTIVE,ANDERSONJOHNMICHAEL,JOHNMICHAELANDERSON,,WHITE,NL,NOTHISPANICorNOTLATINO,REP,REPUBLICAN,37.0,5152001.0,Age2640,AA123389
ALAMANCE,A,ACTIVE,ANDERSONJOHNNORMAN,JOHNNORMANANDERSON,,WHITE,NL,NOTHISPANICorNOTLATINO,REP,REPUBLICAN,62.0,3241980.0,Age4165,AA3004
ALAMANCE,R,REMOVED,ANDERSONJOSEPHTHOMAS,JOSEPHTHOMASANDERSON,,WHITE,NL,NOTHISPANICorNOTLATINO,UNA,UNAFFILIATED,,5201996.0,Age4165,AA99229
ALAMANCE,R,REMOVED,ANDERSONJOSHUADAVID,JOSHUADAVIDANDERSON,5840ANDERSONBROTHERSTRL,BLACKorAFRICANAMERICAN,NL,NOTHISPANICorNOTLATINO,DEM,DEMOCRATIC,26.0,10072004.0,Age2640,AA140135
ALAMANCE,A,ACTIVE,ANDERSONJOYCEMOORE,JOYCEMOOREANDERSON,303APPLEST,BLACKorAFRICANAMERICAN,NL,NOTHISPANICorNOTLATINO,DEM,DEMOCRATIC,68.0,10071972.0,AgeOver66,AA3007
ALAMANCE,A,ACTIVE,ANDERSONJUSTINDEAN,JUSTINDEANANDERSON,2641SUDIEDR,WHITE,NL,NOTHISPANICorNOTLATINO,REP,REPUBLICAN,21.0,8102009.0,,AA164514
ALAMANCE,I,INACTIVE,ANDERSONKARAMICHELLE,KARAMICHELLEANDERSON,725EHAGGARDAVE23,WHITE,UN,UNDESIGNATED,REP,REPUBLICAN,28.0,,Age2640,AA128390
ALAMANCE,A,ACTIVE,ANDERSONKARENPULLEY,KARENPULLEYANDERSON,,WHITE,NL,NOTHISPANICorNOTLATINO,UNA,UNAFFILIATED,51.0,4031980.0,Age4165,AA36406
ALAMANCE,A,ACTIVE,ANDERSONKARENTUCKER,KARENTUCKERANDERSON,925EHARDENST,WHITE,NL,NOTHISPANICorNOTLATINO,UNA,UNAFFILIATED,55.0,1271999.0,Age4165,AA113499
ALAMANCE,A,ACTIVE,ANDERSONKATHLEENMARIE,KATHLEENMARIEANDERSON,510NORTHST,WHITE,NL,NOTHISPANICorNOTLATINO,REP,REPUBLICAN,27.0,4012008.0,Age2640,AA153225
ALAMANCE,A,ACTIVE,ANDERSONKAYSTALEY,KAYSTALEYANDERSON,1323SIDNEYAVEN,WHITE,NL,NOTHISPANICorNOTLATINO,REP,REPUBLICAN,69.0,3121984.0,AgeOver66,
ALAMANCE,A,ACTIVE,ANDERSONKEITHROLAND,KEITHROLANDANDERSON,304DRIFTWOODDR,WHITE,NL,NOTHISPANICorNOTLATINO,REP,REPUBLICAN,58.0,10082002.0,Age4165,AA128217
ALAMANCE,I,INACTIVE,ANDERSONKELLEYELIZABETH,KELLEYELIZABETHANDERSON,323WTROLLINGERAVEC8,WHITE,UN,UNDESIGNATED,UNA,UNAFFILIATED,25.0,10312008.0,,AA162258
ALAMANCE,A,ACTIVE,ANDERSONKELLYMICHELLE,KELLYMICHELLEANDERSON,2005SINCLAIRTRCE,WHITE,NL,NOTHISPANICorNOTLATINO,REP,REPUBLICAN,32.0,,Age2640,AA158451
ALAMANCE,A,ACTIVE,ANDERSONKENNETHRAY,KENNETHRAYANDERSON,1902SUNNYBROOKDR,WHITE,NL,NOTHISPANICorNOTLATINO,REP,REPUBLICAN,53.0,9251995.0,Age4165,AA95953
ALAMANCE,A,ACTIVE,ANDERSONKENNETHALAN,KENNETHALANANDERSON,1807FAIRVIEWST,WHITE,NL,NOTHISPANICorNOTLATINO,REP,REPUBLICAN,,9201992.0,Age4165,AA84773
ALAMANCE,A,ACTIVE,ANDERSONKIMBERLYSHEA,KIMBERLYSHEAANDERSON,,WHITE,NL,NOTHISPANICorNOTLATINO,UNA,UNAFFILIATED,25.0,11302004.0,,AA142055
ALAMANCE,R,REMOVED,ANDERSONKIMBERLYKAY,KIMBERLYKAYANDERSON,1813ROBINHOODDR,WHITE,NL,NOTHISPANICorNOTLATINO,UNA,UNAFFILIATED,51.0,9251992.0,Age4165,AA83013
ALAMANCE,A,ACTIVE,ANDERSONKIMBERLYLAWRENCE,KIMBERLYLAWRENCEANDERSON,9047KAMINCT,WHITE,NL,NOTHISPANICorNOTLATINO,UNA,UNAFFILIATED,33.0,8092010.0,Age2640,DN70493
ALAMANCE,A,ACTIVE,ANDERSONKRISTIEDIANA,KRISTIEDIANAANDERSON,870BOONERD,BLACKorAFRICANAMERICAN,NL,NOTHISPANICorNOTLATINO,DEM,DEMOCRATIC,38.0,10052012.0,Age2640,AA176001
ALAMANCE,A,ACTIVE,ANDERSONLAINEGORE,LAINEGOREANDERSON,700EHAGGARDAVE201A,BLACKorAFRICANAMERICAN,UN,UNDESIGNATED,UNA,UNAFFILIATED,19.0,5092012.0,,AA172439
ALAMANCE,A,ACTIVE,ANDERSONLAKISHALYNETTE,LAKISHALYNETTEANDERSON,,BLACKorAFRICANAMERICAN,NL,NOTHISPANICorNOTLATINO,DEM,DEMOCRATIC,33.0,12142010.0,Age2640,BL326140
ALAMANCE,A,ACTIVE,ANDERSONLANESCHOFIELDIII,LANESCHOFIELDANDERSONIII,,WHITE,UN,UNDESIGNATED,UNA,UNAFFILIATED,67.0,9122000.0,AgeOver66,AA119783
ALAMANCE,A,ACTIVE,ANDERSONLARANDAALEASE,LARANDAALEASEANDERSON,401WARDST,BLACKorAFRICANAMERICAN,UN,UNDESIGNATED,DEM,DEMOCRATIC,18.0,11022012.0,,AA178802
ALAMANCE,R,REMOVED,ANDERSONLARRYLINWOOD,LARRYLINWOODANDERSON,1454NNCHWY87,WHITE,NL,NOTHISPANICorNOTLATINO,REP,REPUBLICAN,84.0,10291960.0,AgeOver66,AA3009
ALAMANCE,A,ACTIVE,ANDERSONLARRYDONNELL,LARRYDONNELLANDERSON,5873ANDERSONBROTHERSTRL,BLACKorAFRICANAMERICAN,NL,NOTHISPANICorNOTLATINO,DEM,DEMOCRATIC,61.0,2111984.0,Age4165,
ALAMANCE,A,ACTIVE,ANDERSONLAURAKAY,LAURAKAYANDERSON,853NNCHWY87,WHITE,NL,NOTHISPANICorNOTLATINO,REP,REPUBLICAN,,6112003.0,Age4165,AA130481
ALAMANCE,A,ACTIVE,ANDERSONLEODANIEL,LEODANIELANDERSON,416MANNINGAVE,WHITE,NL,NOTHISPANICorNOTLATINO,REP,REPUBLICAN,61.0,1251982.0,Age4165,AA3012
ALAMANCE,A,ACTIVE,ANDERSONLEVADA,LEVADAANDERSON,2239TUCKERST,BLACKorAFRICANAMERICAN,UN,UNDESIGNATED,DEM,DEMOCRATIC,61.0,10042004.0,Age4165,AA139125
ALAMANCE,R,REMOVED,ANDERSONLEWISJR,LEWISANDERSONJR,303APPLEST,BLACKorAFRICANAMERICAN,NL,NOTHISPANICorNOTLATINO,DEM,DEMOCRATIC,69.0,2231976.0,AgeOver66,AA3014
ALAMANCE,A,ACTIVE,ANDERSONLINDALOU,LINDALOUANDERSON,3815NNCHWY49,WHITE,NL,NOTHISPANICorNOTLATINO,REP,REPUBLICAN,68.0,4201968.0,AgeOver66,AA3015
ALAMANCE,A,ACTIVE,ANDERSONLINDADIANEMOODY,LINDADIANEMOODYANDERSON,3228WOODSIDEAVE,WHITE,NL,NOTHISPANICorNOTLATINO,DEM,DEMOCRATIC,65.0,4201968.0,Age4165,AA31638
ALAMANCE,I,INACTIVE,ANDERSONLLOYD,,634KECKRD,WHITE,NL,NOTHISPANICorNOTLATINO,DEM,DEMOCRATIC,65.0,,Age4165,AA124722
ALAMANCE,R,REMOVED,ANDERSONLOUISBENTLEY,,3758SEABURYCT,WHITE,NL,NOTHISPANICorNOTLATINO,REP,REPUBLICAN,101.0,1131994.0,AgeOver66,AA89053
ALAMANCE,A,ACTIVE,ANDERSONLYNNWILSON,,3139COLETRL,WHITE,NL,NOTHISPANICorNOTLATINO,UNA,UNAFFILIATED,,6091992.0,Age4165,AA81676
ALAMANCE,I,INACTIVE,ANDERSONMALLORYALICIA,,3475FORESTDALEDR2A,WHITE,UN,UNDESIGNATED,DEM,DEMOCRATIC,35.0,8162008.0,Age2640,AA157536
ALAMANCE,A,ACTIVE,ANDERSONMARGIETATE,,,BLACKorAFRICANAMERICAN,NL,NOTHISPANICorNOTLATINO,DEM,DEMOCRATIC,57.0,10051990.0,Age4165,AA75726
ALAMANCE,A,ACTIVE,ANDERSONMARIONTHERESA,,2625BELLEMONTALAMANCERD,WHITE,NL,NOTHISPANICorNOTLATINO,REP,REPUBLICAN,83.0,8231990.0,AgeOver66,AA72891
ALAMANCE,A,ACTIVE,ANDERSONMARKDOUGLAS,,2620BELLEMONTALAMANCERD,WHITE,NL,NOTHISPANICorNOTLATINO,REP,REPUBLICAN,55.0,9111997.0,Age4165,AA107542
ALAMANCE,A,ACTIVE,ANDERSONMARKSTEVEN,,5656CHURCHRD,WHITE,NL,NOTHISPANICorNOTLATINO,UNA,UNAFFILIATED,51.0,12151996.0,Age4165,AA104482
ALAMANCE,A,ACTIVE,ANDERSONMARLYSJ,,3331ALAMANCERD,WHITE,NL,NOTHISPANICorNOTLATINO,REP,REPUBLICAN,52.0,8271980.0,Age4165,AA28322
ALAMANCE,A,ACTIVE,ANDERSONMARSHALLWILSONIII,,605MEADOWOODDR,WHITE,UN,UNDESIGNATED,REP,REPUBLICAN,,10031996.0,Age4165,AA102594
ALAMANCE,A,ACTIVE,ANDERSONMARSHALLWILSONIV,,605MEADOWOODDR,WHITE,UN,UNDESIGNATED,REP,REPUBLICAN,19.0,8092011.0,Age1825,AA169068
ALAMANCE,A,ACTIVE,ANDERSONMARTHADOVER,,209CLAPPST,WHITE,NL,NOTHISPANICorNOTLATINO,REP,REPUBLICAN,71.0,9301972.0,AgeOver66,AA3018
ALAMANCE,A,ACTIVE,ANDERSONMARYREBECCA,,,WHITE,NL,NOTHISPANICorNOTLATINO,UNA,UNAFFILIATED,23.0,10272008.0,,AA161810
ALAMANCE,A,ACTIVE,ANDERSONMARYKATHRYN,,3104AMHERSTAVE,WHITE,NL,NOTHISPANICorNOTLATINO,DEM,DEMOCRATIC,28.0,5012009.0,Age2640,AA163782
ALAMANCE,A,ACTIVE,ANDERSONMAXINEWILSON,,607HOLLYST,BLACKorAFRICANAMERICAN,NL,NOTHISPANICorNOTLATINO,DEM,DEMOCRATIC,76.0,10031980.0,AgeOver66,AA3020
ALAMANCE,A,ACTIVE,ANDERSONMEGANELIZABETH,,1002ELONACORNDRB,WHITE,NL,NOTHISPANICorNOTLATINO,REP,REPUBLICAN,23.0,,,AA159755
ALAMANCE,A,ACTIVE,ANDERSONMELANIEWARD,,,WHITE,NL,NOTHISPANICorNOTLATINO,UNA,UNAFFILIATED,39.0,8142008.0,Age2640,AA156214
ALAMANCE,A,ACTIVE,ANDERSONMELBAWHITLEY,,1775NNCHWY49,WHITE,NL,NOTHISPANICorNOTLATINO,DEM,DEMOCRATIC,61.0,,Age4165,AA3021
ALAMANCE,R,REMOVED,ANDERSONMELINDAFLORENCE,,430WWILLOWBROOKDR,UNDESIGNATED,UN,UNDESIGNATED,UNA,UNAFFILIATED,57.0,,Age4165,AA147947
ALAMANCE,A,ACTIVE,ANDERSONMERIELLYNN,,,WHITE,NL,NOTHISPANICorNOTLATINO,UNA,UNAFFILIATED,62.0,4192011.0,Age4165,AA168398
ALAMANCE,A,ACTIVE,ANDERSONMISTYMAE,MISTYMAEANDERSON,428GILMERST,WHITE,NL,NOTHISPANICorNOTLATINO,UNA,UNAFFILIATED,23.0,11272006.0,,AA149766
ALAMANCE,A,ACTIVE,ANDERSONNINAALCON,NINAALCONANDERSON,2900MEBANEROGERSRD,WHITE,NL,NOTHISPANICorNOTLATINO,REP,REPUBLICAN,75.0,5091964.0,AgeOver66,AA3024
ALAMANCE,A,ACTIVE,ANDERSONPAMELASKENES,PAMELASKENESANDERSON,3181SAWMILLDR,WHITE,UN,UNDESIGNATED,UNA,UNAFFILIATED,53.0,9212008.0,Age4165,AA157746
ALAMANCE,A,ACTIVE,ANDERSONPAMELAROLLINS,PAMELAROLLINSANDERSON,1723WHITNEYBURCHETRL,WHITE,NL,NOTHISPANICorNOTLATINO,UNA,UNAFFILIATED,58.0,5232001.0,Age4165,AA123390
ALAMANCE,A,ACTIVE,ANDERSONPATRICIAANN,PATRICIAANNANDERSON,603WHOLTST,BLACKorAFRICANAMERICAN,NL,NOTHISPANICorNOTLATINO,UNA,UNAFFILIATED,52.0,1262005.0,Age4165,AA143018
ALAMANCE,A,ACTIVE,ANDERSONPATRICIASMALL,PATRICIASMALLANDERSON,4040CATESLOOPRD,WHITE,NL,NOTHISPANICorNOTLATINO,DEM,DEMOCRATIC,,8191991.0,Age4165,AA78031
ALAMANCE,A,ACTIVE,ANDERSONPATRICIACAROLYN,PATRICIACAROLYNANDERSON,3916LEWISRD,WHITE,NL,NOTHISPANICorNOTLATINO,UNA,UNAFFILIATED,63.0,7102012.0,Age4165,BP28429
ALAMANCE,A,ACTIVE,ANDERSONPAULA,PAULAANDERSON,1810PRINCEEDWARDDR,WHITE,NL,NOTHISPANICorNOTLATINO,REP,REPUBLICAN,56.0,2221996.0,Age4165,AA97898
ALAMANCE,A,ACTIVE,ANDERSONPHYLLISFERGUSON,PHYLLISFERGUSONANDERSON,,WHITE,NL,NOTHISPANICorNOTLATINO,REP,REPUBLICAN,54.0,2231976.0,Age4165,AA15215
ALAMANCE,A,ACTIVE,ANDERSONQUEENELLISON,QUEENELLISONANDERSON,2120HOLLANDAVE,BLACKorAFRICANAMERICAN,NL,NOTHISPANICorNOTLATINO,DEM,DEMOCRATIC,64.0,4061972.0,Age4165,AA3030
ALAMANCE,A,ACTIVE,ANDERSONRACHELJOILYN,RACHELJOILYNANDERSON,1813ROBINHOODDR,WHITE,NL,NOTHISPANICorNOTLATINO,UNA,UNAFFILIATED,22.0,,,AA154034
ALAMANCE,A,,ANDERSONRALPHVICTOR,RALPHVICTORANDERSON,224WSHANNONDR,WHITE,NL,NOTHISPANICorNOTLATINO,REP,REPUBLICAN,93.0,5091964.0,AgeOver66,AA3031
ALAMANCE,A,,ANDERSONREBECCALYNN,REBECCALYNNANDERSON,304DRIFTWOODDR,WHITE,NL,NOTHISPANICorNOTLATINO,REP,REPUBLICAN,20.0,6232010.0,,AA166163
ALAMANCE,A,,ANDERSONRICHARDLEWIS,RICHARDLEWISANDERSON,1010PLEASANTDR,WHITE,NL,NOTHISPANICorNOTLATINO,REP,REPUBLICAN,52.0,7071992.0,Age4165,AA82082
ALAMANCE,A,,ANDERSONRICKYLOUIS,RICKYLOUISANDERSON,1575HAWRIVERHOPEDALERD,WHITE,NL,NOTHISPANICorNOTLATINO,REP,REPUBLICAN,58.0,3212005.0,Age4165,AA143222
ALAMANCE,A,,ANDERSONROBBIELEE,ROBBIELEEANDERSON,1625MORNINGSIDEDRG,BLACKorAFRICANAMERICAN,NL,NOTHISPANICorNOTLATINO,DEM,DEMOCRATIC,66.0,10072011.0,AgeOver66,AA169445
ALAMANCE,I,INACTIVE,ANDERSONROBERTSHANNONJR,ROBERTSHANNONANDERSONJR,6730COLTTRL,WHITE,UN,UNDESIGNATED,REP,REPUBLICAN,44.0,3292004.0,Age4165,AA133514
ALAMANCE,A,,ANDERSONROBERTCARL,ROBERTCARLANDERSON,1723WHITNEYBURCHETRL,WHITE,NL,NOTHISPANICorNOTLATINO,UNA,UNAFFILIATED,54.0,5292001.0,Age4165,AA123391
ALAMANCE,A,,ANDERSONROBERTWILLIAM,ROBERTWILLIAMANDERSON,812SWILLIAMSONAVE,WHITE,NL,NOTHISPANICorNOTLATINO,REP,REPUBLICAN,30.0,3312000.0,Age2640,AA117628
ALAMANCE,I,INACTIVE,ANDERSONROBERTIII,ROBERTANDERSONIII,202SLOANDORM,WHITE,NL,NOTHISPANICorNOTLATINO,,DEMOCRATIC,23.0,10242008.0,,AA161705
ALAMANCE,A,,ANDERSONROBERTTERRELL,ROBERTTERRELLANDERSON,9652SNCHWY87,WHITE,NL,NOTHISPANICorNOTLATINO,DEM,DEMOCRATIC,57.0,9291990.0,Age4165,AA73893
ALAMANCE,A,,ANDERSONROBERTDALE,ROBERTDALEANDERSON,1622MORNINGSIDEDRF,WHITE,UN,UNDESIGNATED,,DEMOCRATIC,51.0,9121996.0,Age4165,AA101908
ALAMANCE,A,,ANDERSONROBERTGORDON,ROBERTGORDONANDERSON,212ESUMMERBELLAVE,WHITE,NL,NOTHISPANICorNOTLATINO,DEM,,67.0,9251984.0,AgeOver66,
ALAMANCE,I,INACTIVE,ANDERSONROBINSTALLINGS,ROBINSTALLINGSANDERSON,2532LABLN,WHITE,UN,UNDESIGNATED,DEM,DEMOCRATIC,,,Age4165,AA140297
ALAMANCE,R,REMOVED,ANDERSONRODNEYRENESR,RODNEYRENEANDERSONSR,1341KILBYST,BLACKorAFRICANAMERICAN,UN,UNDESIGNATED,DEM,DEMOCRATIC,55.0,,Age4165,AA128275
ALAMANCE,I,INACTIVE,ANDERSONRONALDCRAIG,RONALDCRAIGANDERSON,2463GIBSONVILLEOSSIPEERD,WHITE,NL,NOTHISPANICorNOTLATINO,REP,REPUBLICAN,61.0,5022011.0,Age4165,AA168473
ALAMANCE,R,REMOVED,ANDERSONROSAFAYEWEBSTER,ROSAFAYEWEBSTERANDERSON,1809NNCHWY49,WHITE,NL,NOTHISPANICorNOTLATINO,DEM,DEMOCRATIC,96.0,10231965.0,AgeOver66,AA3037
ALAMANCE,R,REMOVED,ANDERSONROSELEEMASON,ROSELEEMASONANDERSON,411HAWTHORNELN,WHITE,NL,NOTHISPANICorNOTLATINO,DEM,DEMOCRATIC,87.0,10241964.0,AgeOver66,AA3038
ALAMANCE,A,,ANDERSONRUTHSLAY,RUTHSLAYANDERSON,3727WADECOBLEDR201,WHITE,NL,NOTHISPANICorNOTLATINO,UNA,UNAFFILIATED,97.0,1131994.0,AgeOver66,AA89054
ALAMANCE,A,,ANDERSONSAMSIDNEY,SAMSIDNEYANDERSON,1809NNCHWY49,WHITE,NL,NOTHISPANICorNOTLATINO,DEM,DEMOCRATIC,96.0,5111940.0,AgeOver66,AA3046
ALAMANCE,A,,ANDERSONSAMUELKELLYIII,SAMUELKELLYANDERSONIII,3105HARRISONCT,WHITE,NL,NOTHISPANICorNOTLATINO,REP,REPUBLICAN,69.0,2212012.0,AgeOver66,DB71825
ALAMANCE,A,,ANDERSONSARAHJEAN,SARAHJEANANDERSON,2725EDGEWOODAVE,WHITE,NL,NOTHISPANICorNOTLATINO,DEM,DEMOCRATIC,63.0,8291991.0,Age4165,AA78238
ALAMANCE,A,,ANDERSONSCOTTPAUL,SCOTTPAULANDERSON,3139COLETRL,WHITE,NL,NOTHISPANICorNOTLATINO,REP,REPUBLICAN,52.0,8101992.0,Age4165,AA82259
ALAMANCE,A,,ANDERSONSCOTTWILLIAM,SCOTTWILLIAMANDERSON,812SWILLIAMSONAVE,WHITE,NL,NOTHISPANICorNOTLATINO,REP,REPUBLICAN,59.0,5051980.0,Age4165,AA3048
ALAMANCE,A,,ANDERSONSHARONMORICLE,SHARONMORICLEANDERSON,507TRUITTDR,WHITE,UN,UNDESIGNATED,UNA,UNAFFILIATED,52.0,9202004.0,Age4165,AA137858
ALAMANCE,A,,ANDERSONSHARONWHITMORE,SHARONWHITMOREANDERSON,7016SNCHWY49,BLACKorAFRICANAMERICAN,NL,NOTHISPANICorNOTLATINO,DEM,DEMOCRATIC,44.0,9122000.0,Age4165,AA119671
ALAMANCE,A,,ANDERSONSHELIAMARIE,SHELIAMARIEANDERSON,,TWOorMORERACES,HL,HISPANICorLATINO,UNA,UNAFFILIATED,34.0,9272004.0,Age2640,AA138789
ALAMANCE,A,,ANDERSONSHEREEA,SHEREEAANDERSON,536ANNADR,BLACKorAFRICANAMERICAN,UN,UNDESIGNATED,DEM,DEMOCRATIC,55.0,9202004.0,Age4165,AA137971
ALAMANCE,A,,ANDERSONSTACIACHARISSE,STACIACHARISSEANDERSON,2988ETHANPOINTEDR1105,BLACKorAFRICANAMERICAN,NL,NOTHISPANICorNOTLATINO,UNA,UNAFFILIATED,,9212011.0,Age4165,AA169342
ALAMANCE,A,,ANDERSONSTEPHANIEDAWN,STEPHANIEDAWNANDERSON,701TROLLINGWOODHAWFIELDSRD9,BLACKorAFRICANAMERICAN,UN,UNDESIGNATED,UNA,UNAFFILIATED,23.0,5142012.0,,AA172442
ALAMANCE,R,REMOVED,ANDERSONSTEPHANIEWATSON,STEPHANIEWATSONANDERSON,512CENTRALAVE,WHITE,NL,NOTHISPANICorNOTLATINO,REP,REPUBLICAN,41.0,10081990.0,Age4165,AA75498
ALAMANCE,A,,ANDERSONSTEPHANIECOLEMAN,STEPHANIECOLEMANANDERSON,2360FRESHWATERRD8,WHITE,NL,NOTHISPANICorNOTLATINO,UNA,UNAFFILIATED,25.0,2042005.0,,AA142850
ALAMANCE,A,,ANDERSONSTEPHENREG,STEPHENREGANDERSON,1403FIRESTONEDR,WHITE,NL,NOTHISPANICorNOTLATINO,UNA,UNAFFILIATED,41.0,12122006.0,Age4165,AA148190
ALAMANCE,A,,ANDERSONSTEPHENRAY,STEPHENRAYANDERSON,,WHITE,NL,NOTHISPANICorNOTLATINO,REP,REPUBLICAN,51.0,4081984.0,Age4165,
ALAMANCE,I,INACTIVE,ANDERSONSTEVENLEWIS,STEVENLEWISANDERSON,,WHITE,NL,NOTHISPANICorNOTLATINO,UNA,UNAFFILIATED,42.0,9262003.0,Age4165,AA131454
ALAMANCE,A,,ANDERSONSUSANKEARNS,SUSANKEARNSANDERSON,2258SANDYLN,WHITE,NL,NOTHISPANICorNOTLATINO,DEM,DEMOCRATIC,,10031992.0,Age4165,AA85667
ALAMANCE,A,,ANDERSONSYLVENIAEVANS,SYLVENIAEVANSANDERSON,224FITCHDR,BLACKorAFRICANAMERICAN,NL,NOTHISPANICorNOTLATINO,DEM,DEMOCRATIC,73.0,9241982.0,AgeOver66,AA3051
ALAMANCE,A,,ANDERSONTAMARA,TAMARAANDERSON,2641SUDIEDR,WHITE,UN,UNDESIGNATED,UNA,UNAFFILIATED,,8312008.0,Age4165,AA156948
ALAMANCE,A,,ANDERSONTAMMYFRYE,TAMMYFRYEANDERSON,1902SUNNYBROOKDR,WHITE,NL,NOTHISPANICorNOTLATINO,REP,REPUBLICAN,,9251995.0,Age4165,AA95954
ALAMANCE,R,REMOVED,ANDERSONTERRANCEEUGENE,TERRANCEEUGENEANDERSON,3767WADECOBLEDR106,WHITE,NL,NOTHISPANICorNOTLATINO,REP,REPUBLICAN,86.0,5172007.0,AgeOver66,AA149628
ALAMANCE,A,,ANDERSONTERRYCARLTON,TERRYCARLTONANDERSON,5811ANDERSONBROTHERSTRLA,BLACKorAFRICANAMERICAN,NL,NOTHISPANICorNOTLATINO,DEM,DEMOCRATIC,37.0,2011995.0,Age2640,AA92567
ALAMANCE,A,,ANDERSONTESHAMONISE,TESHAMONISEANDERSON,405SBEAUMONTAVE,BLACKorAFRICANAMERICAN,NL,NOTHISPANICorNOTLATINO,DEM,DEMOCRATIC,36.0,12031999.0,Age2640,AA116245
ALAMANCE,A,,ANDERSONTHOMASLEE,THOMASLEEANDERSON,7016SNCHWY49,BLACKorAFRICANAMERICAN,NL,NOTHISPANICorNOTLATINO,DEM,DEMOCRATIC,55.0,2111984.0,Age4165,
ALAMANCE,A,,ANDERSONTHOMASRUSSELL,THOMASRUSSELLANDERSON,,WHITE,NL,NOTHISPANICorNOTLATINO,DEM,DEMOCRATIC,64.0,4212011.0,Age4165,AA168419
ALAMANCE,A,,ANDERSONTHOMASAUBREY,THOMASAUBREYANDERSON,,WHITE,UN,UNDESIGNATED,REP,REPUBLICAN,21.0,8112010.0,,AA166516
ALAMANCE,A,,ANDERSONTHOMAS,THOMASANDERSON,714WROOSEVELTST,BLACKorAFRICANAMERICAN,NL,NOTHISPANICorNOTLATINO,DEM,DEMOCRATIC,31.0,,Age2640,AA177077
ALAMANCE,A,,ANDERSONTYLERQUITNEY,TYLERQUITNEYANDERSON,1513KEOGHST,WHITE,NL,NOTHISPANICorNOTLATINO,UNA,UNAFFILIATED,24.0,7242006.0,,AA147051
ALAMANCE,A,,ANDERSONVANBURENIII,VANBURENANDERSONIII,1831MOORE'SCHAPELCEMETARYRD,WHITE,NL,NOTHISPANICorNOTLATINO,DEM,DEMOCRATIC,59.0,7081992.0,Age4165,AA82083
ALAMANCE,A,,ANDERSONVANESSASTALEY,VANESSASTALEYANDERSON,2043MCCRAYRD,WHITE,NL,NOTHISPANICorNOTLATINO,UNA,UNAFFILIATED,53.0,9132010.0,Age4165,AA166726
ALAMANCE,A,,ANDERSONVICKIGARDNER,VICKIGARDNERANDERSON,812SWILLIAMSONAVE,WHITE,NL,NOTHISPANICorNOTLATINO,REP,REPUBLICAN,56.0,5051980.0,Age4165,AA3059
ALAMANCE,A,,ANDERSONVIVIANWILLIAMS,VIVIANWILLIAMSANDERSON,3105HARRISONCT,WHITE,NL,NOTHISPANICorNOTLATINO,REP,REPUBLICAN,67.0,2212012.0,AgeOver66,DB71826
ALAMANCE,A,,ANDERSONWESLEYFAY,WESLEYFAYANDERSON,1775NNCHWY49,WHITE,NL,NOTHISPANICorNOTLATINO,REP,REPUBLICAN,61.0,9121983.0,Age4165,AA3063
ALAMANCE,A,,ANDERSONWILLIAMALLEN,WILLIAMALLENANDERSON,2120HOLLANDAVE,BLACKorAFRICANAMERICAN,NL,NOTHISPANICorNOTLATINO,DEM,DEMOCRATIC,66.0,4091984.0,AgeOver66,
ALAMANCE,A,,ANDERSONWILLIAMGIBSON,WILLIAMGIBSONANDERSON,1006ELONACORNDRC105,WHITE,UN,UNDESIGNATED,UNA,UNAFFILIATED,22.0,5052012.0,Age1825,DE265002
ALAMANCE,A,,ANDERSONWILLIECHARLES,WILLIECHARLESANDERSON,629AUDREYLN,BLACKorAFRICANAMERICAN,NL,NOTHISPANICorNOTLATINO,UNA,UNAFFILIATED,63.0,5032003.0,Age4165,AA130188
ALAMANCE,A,,ANDERSONYVONNEWATLINGTON,YVONNEWATLINGTONANDERSON,870BOONERD,BLACKorAFRICANAMERICAN,NL,NOTHISPANICorNOTLATINO,DEM,DEMOCRATIC,77.0,5141960.0,AgeOver66,AA3065
ALAMANCE,A,,ANDERSONZACHARYWALKER,ZACHARYWALKERANDERSON,1902SUNNYBROOKDR,WHITE,NL,NOTHISPANICorNOTLATINO,REP,REPUBLICAN,19.0,8092012.0,Age1825,AA174255
ALAMANCE,A,,ANDERSONZORAWOOD,ZORAWOODANDERSON,316TRAILTWO,WHITE,NL,NOTHISPANICorNOTLATINO,DEM,DEMOCRATIC,65.0,10261968.0,Age4165,AA3066
ALAMANCE,A,,ANDERSONALBRIGHTADAJANE,ADAJANEANDERSONALBRIGHT,421ENOCHST,BLACKorAFRICANAMERICAN,NL,NOTHISPANICorNOTLATINO,DEM,DEMOCRATIC,57.0,8211995.0,Age4165,AA95242
ALAMANCE,A,,ANDERSONGILESTONORRADENISE,TONORRADENISEANDERSONGILES,1720OLDSTMARK'SCHURCHRD51H,BLACKorAFRICANAMERICAN,UN,UNDESIGNATED,DEM,DEMOCRATIC,44.0,9142012.0,Age4165,AA174808
ALAMANCE,A,,ANDERSONWILEYLETONYARENEE,LETONYARENEEANDERSONWILEY,147FLUSHINGST,BLACKorAFRICANAMERICAN,NL,NOTHISPANICorNOTLATINO,DEM,DEMOCRATIC,40.0,1282010.0,Age2640,AA165339
ALAMANCE,A,,ANDERTONJOHNTYLER,JOHNTYLERANDERTON,1251BETHELMETHODISTCHURCHRD,WHITE,UN,UNDESIGNATED,UNA,UNAFFILIATED,18.0,7252012.0,,AA173606
ALAMANCE,A,,ANDESCATHERINECOOPER,CATHERINECOOPERANDES,,WHITE,NL,NOTHISPANICorNOTLATINO,DEM,DEMOCRATIC,86.0,9291988.0,AgeOver66,AA66483
ALAMANCE,A,,ANDESDAVIDALFRED,DAVIDALFREDANDES,4005STONEYCREEKCHURCHRD,WHITE,NL,NOTHISPANICorNOTLATINO,DEM,DEMOCRATIC,69.0,9262006.0,AgeOver66,AA147653
ALAMANCE,A,,ANDESMARKWINSTON,,,WHITE,NL,NOTHISPANICorNOTLATINO,DEM,DEMOCRATIC,89.0,9291988.0,AgeOver66,AA66484
ALAMANCE,R,REMOVED,ANDESWILLIAMJACOB,WILLIAMJACOBANDES,,WHITE,NL,NOTHISPANICorNOTLATINO,DEM,DEMOCRATIC,97.0,8291980.0,AgeOver66,AA3069
ALAMANCE,A,,ANDINOTAMMYTERRELL,TAMMYTERRELLANDINO,8312BETHELSOUTHFORKRD,BLACKorAFRICANAMERICAN,NL,NOTHISPANICorNOTLATINO,DEM,DEMOCRATIC,43.0,7161999.0,Age4165,AA115193
ALAMANCE,A,,ANDRADESCESARANDRES,CESARANDRESANDRADES,609NMELVILLEST,OTHER,HL,HISPANICorLATINO,DEM,DEMOCRATIC,19.0,3162012.0,,AA170952
ALAMANCE,A,,ANDREACCHICALLANE,CALLANEANDREACCHI,1000STJOHNST207,ASIAN,UN,UNDESIGNATED,DEM,DEMOCRATIC,20.0,5052012.0,,AA171683
ALAMANCE,A,,ANDREASENKEITHLARS,KEITHLARSANDREASEN,,WHITE,UN,UNDESIGNATED,UNA,UNAFFILIATED,52.0,9172012.0,Age4165,CH37916
ALAMANCE,A,,ANDREASSIMADDALENAIRMA,,,WHITE,NL,NOTHISPANICorNOTLATINO,DEM,DEMOCRATIC,18.0,9212012.0,,AA175134
ALAMANCE,A,,ANDREASSIMAUREENP,,209COLONIALWAY,WHITE,NL,NOTHISPANICorNOTLATINO,DEM,DEMOCRATIC,,3012004.0,Age4165,AA133194
ALAMANCE,A,,ANDREJKOROMAN,ROMANANDREJKO,408BRIARWOODDR,WHITE,NL,NOTHISPANICorNOTLATINO,UNA,UNAFFILIATED,,7132012.0,Age4165,AA172815
ALAMANCE,R,REMOVED,ANDREOLLIMARYLISA,,2415ADAMSFARMCT,WHITE,NL,NOTHISPANICorNOTLATINO,DEM,DEMOCRATIC,,4302002.0,Age4165,AA126255
ALAMANCE,A,,ANDRESDAWNSOUTHARD,DAWNSOUTHARDANDRES,203BELLECT,WHITE,NL,NOTHISPANICorNOTLATINO,DEM,DEMOCRATIC,42.0,5172005.0,Age4165,AA143679
ALAMANCE,D,DENIED,ANDRESKEITHCHARLES,KEITHCHARLESANDRES,,WHITE,NL,NOTHISPANICorNOTLATINO,UNA,UNAFFILIATED,43.0,7101998.0,Age4165,AA110544
ALAMANCE,A,,ANDRESTHOMASANTHONY,THOMASANTHONYANDRES,1804RENDALLST,WHITE,UN,UNDESIGNATED,REP,REPUBLICAN,21.0,10022012.0,Age1825,AA176003
ALAMANCE,A,,ANDRESZABRINASTACIA,ZABRINASTACIAANDRES,100CAMPUSDR,WHITE,NL,NOTHISPANICorNOTLATINO,DEM,DEMOCRATIC,29.0,10072009.0,Age2640,AA164689
ALAMANCE,I,INACTIVE,ANDRESSBRENDASUE,BRENDASUEANDRESS,822BUCKNERST,WHITE,NL,NOTHISPANICorNOTLATINO,DEM,DEMOCRATIC,42.0,3222000.0,Age4165,AA117351
ALAMANCE,R,REMOVED,ANDRESSCHARLESLOGAN,CHARLESLOGANANDRESS,822BUCKNERST,WHITE,NL,NOTHISPANICorNOTLATINO,DEM,DEMOCRATIC,64.0,2231978.0,Age4165,AA3072
ALAMANCE,A,,ANDREWHELENCLAPP,HELENCLAPPANDREW,3745WADECOBLEDR104,WHITE,NL,NOTHISPANICorNOTLATINO,REP,REPUBLICAN,89.0,10062008.0,AgeOver66,AA158897
ALAMANCE,R,REMOVED,ANDREWLUCILLEDURHAM,,721VANDERFORDST,WHITE,NL,NOTHISPANICorNOTLATINO,UNA,UNAFFILIATED,91.0,5171952.0,AgeOver66,AA3076
ALAMANCE,R,REMOVED,ANDREWSAGATHAPRATER,AGATHAPRATERANDREWS,209WEBSTERRD,WHITE,NL,NOTHISPANICorNOTLATINO,REP,REPUBLICAN,87.0,5131950.0,AgeOver66,AA3079
ALAMANCE,A,,ANDREWSALLISONHAMM,ALLISONHAMMANDREWS,8754MANDALERD,WHITE,NL,NOTHISPANICorNOTLATINO,REP,REPUBLICAN,25.0,7242012.0,,AX47774
ALAMANCE,A,,ANDREWSANDREAFISHER,ANDREAFISHERANDREWS,3744REDBUDRD,WHITE,NL,NOTHISPANICorNOTLATINO,REP,REPUBLICAN,51.0,,Age4165,AA3082
ALAMANCE,A,,ANDREWSANGELALANGLEY,ANGELALANGLEYANDREWS,3242ALTAMAHAWRACETRACKRD,WHITE,NL,NOTHISPANICorNOTLATINO,DEM,DEMOCRATIC,,2191982.0,Age4165,AA3083
ALAMANCE,A,,ANDREWSASHLYKRISTINE,ASHLYKRISTINEANDREWS,605AUDREYLN,WHITE,UN,UNDESIGNATED,REP,REPUBLICAN,20.0,1182012.0,,AA170116
ALAMANCE,A,,ANDREWSAUSTINCRAIG,AUSTINCRAIGANDREWS,1316ACHONECHYDR,WHITE,NL,NOTHISPANICorNOTLATINO,REP,REPUBLICAN,21.0,9142012.0,,AA174709
ALAMANCE,R,REMOVED,ANDREWSBARBARAPAYTON,BARBARAPAYTONANDREWS,3272SAXAPAHAWBETHLEHEMCHURCHRD,WHITE,UN,UNDESIGNATED,UNA,UNAFFILIATED,,5301990.0,Age4165,AA71898
ALAMANCE,A,,ANDREWSBARBARAJEAN,BARBARAJEANANDREWS,2950CROUSELN119,WHITE,NL,NOTHISPANICorNOTLATINO,DEM,DEMOCRATIC,78.0,10241964.0,AgeOver66,
ALAMANCE,A,,ANDREWSBENJAMINJOEL,BENJAMINJOELANDREWS,200HUCKLEBERRYLOOP,WHITE,NL,NOTHISPANICorNOTLATINO,REP,REPUBLICAN,28.0,5032005.0,Age2640,AA143699
ALAMANCE,A,,ANDREWSBETTYWIGGINS,BETTYWIGGINSANDREWS,124TARPLEYST103,WHITE,NL,NOTHISPANICorNOTLATINO,REP,REPUBLICAN,80.0,1171959.0,AgeOver66,AA3089
ALAMANCE,A,,ANDREWSBETTYPARRISH,BETTYPARRISHANDREWS,303GREENCT,WHITE,NL,NOTHISPANICorNOTLATINO,REP,REPUBLICAN,65.0,10261968.0,Age4165,AA3091
ALAMANCE,I,INACTIVE,ANDREWSBEVERLYLINEBERRY,BEVERLYLINEBERRYANDREWS,815TILLMANST,WHITE,NL,NOTHISPANICorNOTLATINO,REP,REPUBLICAN,96.0,5111940.0,AgeOver66,AA3092
ALAMANCE,A,,ANDREWSBILLIEROBERSON,BILLIEROBERSONANDREWS,3615SMEBANEST33,WHITE,NL,NOTHISPANICorNOTLATINO,DEM,DEMOCRATIC,77.0,7221996.0,AgeOver66,AA100658
ALAMANCE,A,,ANDREWSBOBBIS,BOBBISANDREWS,,WHITE,NL,NOTHISPANICorNOTLATINO,UNA,UNAFFILIATED,31.0,7252012.0,Age2640,AA173605
ALAMANCE,A,,ANDREWSBOBBYWAYNEJR,BOBBYWAYNEANDREWSJR,2418MRSBLANCHARDRDA,WHITE,NL,NOTHISPANICorNOTLATINO,UNA,UNAFFILIATED,37.0,8312010.0,Age2640,AA166663
ALAMANCE,A,,ANDREWSBOBBYWAYNE,BOBBYWAYNEANDREWS,2009FOXRUNRD,WHITE,NL,NOTHISPANICorNOTLATINO,REP,REPUBLICAN,71.0,7171976.0,AgeOver66,AA3093
ALAMANCE,R,REMOVED,ANDREWSBOYDGERALD,BOYDGERALDANDREWS,307THOMPSONST,WHITE,NL,NOTHISPANICorNOTLATINO,DEM,DEMOCRATIC,84.0,1171959.0,AgeOver66,AA3094
ALAMANCE,A,,ANDREWSBRADLEYSCOTT,BRADLEYSCOTTANDREWS,4045SALEMCHURCHRD,WHITE,NL,NOTHISPANICorNOTLATINO,REP,REPUBLICAN,38.0,,Age2640,AA103845
ALAMANCE,A,,ANDREWSBRIANEVANS,BRIANEVANSANDREWS,,WHITE,NL,NOTHISPANICorNOTLATINO,UNA,UNAFFILIATED,51.0,,Age4165,AA121241
ALAMANCE,A,,ANDREWSBRYTONTHOMAS,BRYTONTHOMASANDREWS,,BLACKorAFRICANAMERICAN,NL,NOTHISPANICorNOTLATINO,DEM,DEMOCRATIC,20.0,11042010.0,,AA167566
ALAMANCE,A,,ANDREWSCAROLROPER,CAROLROPERANDREWS,,WHITE,NL,NOTHISPANICorNOTLATINO,DEM,DEMOCRATIC,69.0,4181968.0,AgeOver66,AA3097
ALAMANCE,A,,ANDREWSCAROLYNGRACE,CAROLYNGRACEANDREWS,3744REDBUDRD,WHITE,NL,NOTHISPANICorNOTLATINO,REP,REPUBLICAN,21.0,1032012.0,,AA170021
ALAMANCE,A,,ANDREWSCATHERINEISELEY,CATHERINEISELEYANDREWS,3038FIELDSTONELN,WHITE,NL,NOTHISPANICorNOTLATINO,DEM,DEMOCRATIC,63.0,4031984.0,Age4165,
ALAMANCE,A,,ANDREWSCHARLESARNOLD,CHARLESARNOLDANDREWS,3218OSCEOLARD,WHITE,NL,NOTHISPANICorNOTLATINO,REP,REPUBLICAN,61.0,9131977.0,Age4165,AA3098
ALAMANCE,A,,ANDREWSCHARLESADAM,CHARLESADAMANDREWS,630PEELEST,WHITE,NL,NOTHISPANICorNOTLATINO,UNA,UNAFFILIATED,31.0,10032006.0,Age2640,AA147756
ALAMANCE,A,,ANDREWSCHARLESEDWARD,CHARLESEDWARDANDREWS,,UNDESIGNATED,UN,UNDESIGNATED,UNA,UNAFFILIATED,65.0,9232010.0,Age4165,DE100132
ALAMANCE,R,REMOVED,ANDREWSCHARLESKEITH,CHARLESKEITHANDREWS,2522PARRISHST,WHITE,NL,NOTHISPANICorNOTLATINO,REP,REPUBLICAN,64.0,,Age4165,AA67964
ALAMANCE,A,,ANDREWSCHRISTYAPPLE,CHRISTYAPPLEANDREWS,4004MTWILLENRD,WHITE,UN,UNDESIGNATED,REP,REPUBLICAN,32.0,10032011.0,Age2640,AA142057
ALAMANCE,R,REMOVED,ANDREWSCLARARAMBALDI,CLARARAMBALDIANDREWS,2132MARTINST,WHITE,NL,NOTHISPANICorNOTLATINO,REP,REPUBLICAN,88.0,7191988.0,AgeOver66,AA65341
ALAMANCE,A,,ANDREWSCLORINDAHEIDINGER,CLORINDAHEIDINGERANDREWS,9627PLEASANTHILLCHURCHRD,WHITE,NL,NOTHISPANICorNOTLATINO,REP,REPUBLICAN,51.0,11051990.0,Age4165,AA76332
ALAMANCE,A,,ANDREWSCOLLEENMARKS,COLLEENMARKSANDREWS,496STONEWALLDR,WHITE,NL,NOTHISPANICorNOTLATINO,REP,REPUBLICAN,42.0,2252003.0,Age4165,AA129609
ALAMANCE,A,,ANDREWSCONNIEMARIE,CONNIEMARIEANDREWS,302HALLAVE,WHITE,NL,NOTHISPANICorNOTLATINO,UNA,UNAFFILIATED,,4022008.0,Age4165,ED39643
ALAMANCE,A,,ANDREWSCONNIEHARPER,CONNIEHARPERANDREWS,7810PEGGNEAVERD,WHITE,NL,NOTHISPANICorNOTLATINO,REP,REPUBLICAN,62.0,7171976.0,Age4165,AA3101
ALAMANCE,A,,ANDREWSCRYSTALMARIE,CRYSTALMARIEANDREWS,907BELLEVUEST,WHITE,NL,NOTHISPANICorNOTLATINO,UNA,UNAFFILIATED,27.0,8292011.0,Age2640,AA169321
ALAMANCE,A,,ANDREWSCYNTHIAALDRIDGE,CYNTHIAALDRIDGEANDREWS,5855SWEPSONVILLESAXAPAHAWRD,WHITE,NL,NOTHISPANICorNOTLATINO,DEM,DEMOCRATIC,66.0,9271974.0,AgeOver66,AA3102
ALAMANCE,A,,ANDREWSDARITHLANE,DARITHLANEANDREWS,8744MANDALERD,WHITE,NL,NOTHISPANICorNOTLATINO,REP,REPUBLICAN,56.0,4191996.0,Age4165,AA99232
ALAMANCE,A,,ANDREWSDAVIDANTHONY,DAVIDANTHONYANDREWS,3744REDBUDRD,WHITE,NL,NOTHISPANICorNOTLATINO,REP,REPUBLICAN,54.0,,Age4165,AA3107
ALAMANCE,A,,ANDREWSDAVIDWAYNE,DAVIDWAYNEANDREWS,3922CHUCKSCT,WHITE,NL,NOTHISPANICorNOTLATINO,REP,REPUBLICAN,63.0,1151972.0,Age4165,AA3108
ALAMANCE,A,,ANDREWSDEANNEDIXON,DEANNEDIXONANDREWS,6844WOODYRIDGERD,WHITE,NL,NOTHISPANICorNOTLATINO,DEM,DEMOCRATIC,,12011992.0,Age4165,AA86560
ALAMANCE,A,,ANDREWSDENISEGRAHAM,DENISEGRAHAMANDREWS,,WHITE,NL,NOTHISPANICorNOTLATINO,DEM,DEMOCRATIC,61.0,4011972.0,Age4165,AA3112
ALAMANCE,A,,ANDREWSDENNISGILMORE,DENNISGILMOREANDREWS,2117CRESCENTDR,WHITE,NL,NOTHISPANICorNOTLATINO,REP,REPUBLICAN,65.0,10051990.0,Age4165,AA75055
ALAMANCE,A,,ANDREWSDEVINHEATH,DEVINHEATHANDREWS,322BIDNEYDR,WHITE,NL,NOTHISPANICorNOTLATINO,UNA,UNAFFILIATED,20.0,7212010.0,,AA166365
ALAMANCE,A,,ANDREWSDONALDWARRENJR,DONALDWARRENANDREWSJR,508SPENCEAVE,WHITE,NL,NOTHISPANICorNOTLATINO,REP,REPUBLICAN,41.0,7251991.0,Age4165,AA77755
ALAMANCE,A,,ANDREWSDONALDKEITH,DONALDKEITHANDREWS,312LANGCT,WHITE,NL,NOTHISPANICorNOTLATINO,DEM,DEMOCRATIC,,7121996.0,Age4165,AA100492
ALAMANCE,A,,ANDREWSDONALDGENE,DONALDGENEANDREWS,128FIRSTST,WHITE,NL,NOTHISPANICorNOTLATINO,DEM,DEMOCRATIC,72.0,9231984.0,AgeOver66,
ALAMANCE,A,,ANDREWSDONALDWARREN,DONALDWARRENANDREWS,1823WELLINGTONRD,WHITE,NL,NOTHISPANICorNOTLATINO,REP,REPUBLICAN,64.0,9111984.0,Age4165,
ALAMANCE,A,,ANDREWSDONNALOY,DONNALOYANDREWS,8744MANDALERD,WHITE,UN,UNDESIGNATED,UNA,UNAFFILIATED,55.0,4082008.0,Age4165,AA154337
ALAMANCE,I,INACTIVE,ANDREWSDONNELLLEWIS,DONNELLLEWISANDREWS,300NORTHST,UNDESIGNATED,UN,UNDESIGNATED,DEM,DEMOCRATIC,25.0,,,AA159548
ALAMANCE,A,,ANDREWSDONNIECHADRICK,DONNIECHADRICKANDREWS,496STONEWALLDR,WHITE,NL,NOTHISPANICorNOTLATINO,REP,REPUBLICAN,38.0,,Age2640,AA103849
ALAMANCE,A,,ANDREWSDORASMITH,DORASMITHANDREWS,5230OSCARGAMMONRD,WHITE,NL,NOTHISPANICorNOTLATINO,DEM,DEMOCRATIC,87.0,6092006.0,AgeOver66,DE192317
ALAMANCE,A,,ANDREWSELIZABETHSUSAN,ELIZABETHSUSANANDREWS,417GREENST,WHITE,NL,NOTHISPANICorNOTLATINO,DEM,DEMOCRATIC,63.0,3031997.0,Age4165,AA105391
ALAMANCE,A,,ANDREWSELLENHOLMES,ELLENHOLMESANDREWS,306FORESTVIEWDR,WHITE,NL,NOTHISPANICorNOTLATINO,REP,REPUBLICAN,54.0,9271984.0,Age4165,
ALAMANCE,A,,ANDREWSELLENHALL,ELLENHALLANDREWS,2009FOXRUNRD,WHITE,NL,NOTHISPANICorNOTLATINO,UNA,UNAFFILIATED,67.0,7171976.0,AgeOver66,AA3119
ALAMANCE,A,,ANDREWSELOISESTANFORD,ELOISESTANFORDANDREWS,124TARPLEYST218,WHITE,NL,NOTHISPANICorNOTLATINO,DEM,DEMOCRATIC,83.0,,AgeOver66,AA3120
ALAMANCE,A,,ANDREWSELSIEASHLEY,ELSIEASHLEYANDREWS,2013SUNNYBROOKDR,WHITE,NL,NOTHISPANICorNOTLATINO,DEM,DEMOCRATIC,85.0,4201968.0,AgeOver66,AA3121
ALAMANCE,A,,ANDREWSERINVICTORIA,ERINVICTORIAANDREWS,2704JAMESTOWNCT,WHITE,NL,NOTHISPANICorNOTLATINO,UNA,UNAFFILIATED,28.0,11042008.0,Age2640,BL303332
ALAMANCE,A,,ANDREWSEVANGELINECRAWFORD,EVANGELINECRAWFORDANDREWS,9106MANDALERD,WHITE,NL,NOTHISPANICorNOTLATINO,REP,REPUBLICAN,82.0,8282000.0,AgeOver66,AA119330
ALAMANCE,I,INACTIVE,ANDREWSFAYERUDD,FAYERUDDANDREWS,404EGRAHAMST,WHITE,NL,NOTHISPANICorNOTLATINO,UNA,UNAFFILIATED,57.0,12031998.0,Age4165,AA112308
ALAMANCE,A,,ANDREWSFLORINENEESE,FLORINENEESEANDREWS,239HARDENST,WHITE,NL,NOTHISPANICorNOTLATINO,DEM,DEMOCRATIC,97.0,4201968.0,AgeOver66,AA3124
ALAMANCE,A,,ANDREWSFRANCESMARIE,FRANCESMARIEANDREWS,9150MANDALERD,WHITE,NL,NOTHISPANICorNOTLATINO,DEM,DEMOCRATIC,81.0,7271993.0,AgeOver66,AA87884
ALAMANCE,A,,ANDREWSFRANCESCAROLMOORE,FRANCESCAROLMOOREANDREWS,1704ERWINAVE1,WHITE,UN,UNDESIGNATED,DEM,DEMOCRATIC,66.0,8272004.0,AgeOver66,AA136710
ALAMANCE,R,REMOVED,ANDREWSFRANCESEVANS,FRANCESEVANSANDREWS,,WHITE,NL,NOTHISPANICorNOTLATINO,DEM,DEMOCRATIC,90.0,5121956.0,AgeOver66,AA3125
ALAMANCE,A,,ANDREWSGAYLESMITH,GAYLESMITHANDREWS,4660FREEDOMDR,WHITE,NL,NOTHISPANICorNOTLATINO,UNA,UNAFFILIATED,67.0,10241968.0,AgeOver66,AA3128
ALAMANCE,I,INACTIVE,ANDREWSGINASMITH,GINASMITHANDREWS,8400WILDROSEDR,WHITE,NL,NOTHISPANICorNOTLATINO,REP,REPUBLICAN,,7191991.0,Age4165,AA77756
ALAMANCE,A,,ANDREWSGLENDAFAYERITCHIE,GLENDAFAYERITCHIEANDREWS,402GATESAVE,WHITE,NL,NOTHISPANICorNOTLATINO,DEM,DEMOCRATIC,73.0,,AgeOver66,AA3131
ALAMANCE,R,REMOVED,ANDREWSGRACEPIPER,GRACEPIPERANDREWS,,WHITE,NL,NOTHISPANICorNOTLATINO,REP,REPUBLICAN,77.0,,AgeOver66,AA69870
ALAMANCE,A,,ANDREWSHAROLDBURNELL,HAROLDBURNELLANDREWS,3164GARDENRD,WHITE,NL,NOTHISPANICorNOTLATINO,UNA,UNAFFILIATED,81.0,10261968.0,AgeOver66,AA3134
ALAMANCE,R,REMOVED,ANDREWSHARRISHOLMES,HARRISHOLMESANDREWS,1350KIRKPATRICKRD,WHITE,NL,NOTHISPANICorNOTLATINO,REP,REPUBLICAN,82.0,10251952.0,AgeOver66,AA3135
ALAMANCE,I,INACTIVE,ANDREWSHEATHERNICOLE,HEATHERNICOLEANDREWS,917EHAGGARDAVE,UNDESIGNATED,UN,UNDESIGNATED,DEM,DEMOCRATIC,30.0,,Age2640,BL339572
ALAMANCE,A,,ANDREWSHELENHENDERSON,HELENHENDERSONANDREWS,1837SWEPSONVILLERD,WHITE,NL,NOTHISPANICorNOTLATINO,DEM,DEMOCRATIC,89.0,9131958.0,AgeOver66,AA3138
ALAMANCE,A,,ANDREWSHOLLYLYNN,HOLLYLYNNANDREWS,1005CHASEST,WHITE,UN,UNDESIGNATED,UNA,UNAFFILIATED,26.0,10292012.0,Age2640,AA178471
ALAMANCE,A,,ANDREWSHOWARDLEONJR,HOWARDLEONANDREWSJR,1615MELODYLN,WHITE,NL,NOTHISPANICorNOTLATINO,REP,REPUBLICAN,40.0,1091992.0,Age2640,AA79384
ALAMANCE,A,,ANDREWSHOWARDLEON,HOWARDLEONANDREWS,1615MELODYLN,WHITE,NL,NOTHISPANICorNOTLATINO,REP,REPUBLICAN,65.0,3131995.0,Age4165,AA92569
ALAMANCE,A,,ANDREWSIVAGLASS,IVAGLASSANDREWS,153GINALN,WHITE,NL,NOTHISPANICorNOTLATINO,REP,REPUBLICAN,76.0,,AgeOver66,AA115900
ALAMANCE,A,,ANDREWSIVANPRESTON,IVANPRESTONANDREWS,4972MTOLIVECHURCHRD,WHITE,NL,NOTHISPANICorNOTLATINO,DEM,DEMOCRATIC,32.0,1272000.0,Age2640,AA116812
ALAMANCE,A,,ANDREWSIVANKEITH,IVANKEITHANDREWS,9125MANDALERD,WHITE,NL,NOTHISPANICorNOTLATINO,DEM,DEMOCRATIC,59.0,4031978.0,Age4165,AA3142
ALAMANCE,A,,ANDREWSJAMESCONRAD,JAMESCONRADANDREWS,239HARDENST,WHITE,NL,NOTHISPANICorNOTLATINO,DEM,DEMOCRATIC,76.0,7191976.0,AgeOver66,AA3145
ALAMANCE,A,,ANDREWSJAMESHARRIS,JAMESHARRISANDREWS,1607EDGEWOODAVE,WHITE,NL,NOTHISPANICorNOTLATINO,REP,REPUBLICAN,56.0,9221978.0,Age4165,AA3146
ALAMANCE,A,,ANDREWSJAMESTRACY,JAMESTRACYANDREWS,9627PLEASANTHILLCHURCHRD,WHITE,NL,NOTHISPANICorNOTLATINO,DEM,DEMOCRATIC,70.0,,AgeOver66,AA3148
ALAMANCE,A,,ANDREWSJAMESTHOMASJR,JAMESTHOMASANDREWSJR,1402IRONDR,WHITE,UN,UNDESIGNATED,DEM,DEMOCRATIC,36.0,10252012.0,Age2640,EH837405
ALAMANCE,A,,ANDREWSJAMESLEEJR,JAMESLEEANDREWSJR,2405HUNTINGTONRD6,WHITE,NL,NOTHISPANICorNOTLATINO,REP,REPUBLICAN,57.0,4012010.0,Age4165,AA165688
ALAMANCE,R,REMOVED,ANDREWSJAMESALTON,JAMESALTONANDREWS,209ESIXTHST,WHITE,UN,UNDESIGNATED,REP,REPUBLICAN,68.0,3092000.0,AgeOver66,AA117162
ALAMANCE,I,INACTIVE,ANDREWSJANDYHESTER,JANDYHESTERANDREWS,3757MTWILLENRD,WHITE,NL,NOTHISPANICorNOTLATINO,UNA,UNAFFILIATED,40.0,2161996.0,Age2640,AA97573
ALAMANCE,A,,ANDREWSJANEWRIGHTENBERRY,JANEWRIGHTENBERRYANDREWS,126PEPPERTREEDR,WHITE,UN,UNDESIGNATED,DEM,DEMOCRATIC,,10061986.0,Age4165,AA61015
ALAMANCE,A,,ANDREWSJANETRHYNE,JANETRHYNEANDREWS,2117CRESCENTDR,WHITE,NL,NOTHISPANICorNOTLATINO,REP,REPUBLICAN,64.0,4071972.0,Age4165,AA14142
ALAMANCE,A,,ANDREWSJANICEALDRIDGE,JANICEALDRIDGEANDREWS,2051HATCHERYRD,WHITE,NL,NOTHISPANICorNOTLATINO,DEM,DEMOCRATIC,68.0,7202004.0,AgeOver66,AA135152
ALAMANCE,A,,ANDREWSJASONWADE,JASONWADEANDREWS,815WARWICKCT,WHITE,NL,NOTHISPANICorNOTLATINO,REP,REPUBLICAN,30.0,3272000.0,Age2640,AA117548
ALAMANCE,A,,ANDREWSJASONPHILIP,JASONPHILIPANDREWS,4004MTWILLENRD,WHITE,UN,UNDESIGNATED,REP,REPUBLICAN,31.0,10032011.0,Age2640,DE214473
ALAMANCE,A,,ANDREWSJEANWELCH,JEANWELCHANDREWS,317MOSERST,WHITE,NL,NOTHISPANICorNOTLATINO,DEM,DEMOCRATIC,79.0,5161964.0,AgeOver66,AA3155
ALAMANCE,I,INACTIVE,ANDREWSJEANBLANKENSHIP,JEANBLANKENSHIPANDREWS,352MEADOWBROOKDR,WHITE,NL,NOTHISPANICorNOTLATINO,REP,REPUBLICAN,79.0,,AgeOver66,AA88237
ALAMANCE,A,ACTIVE,ANDREWSJEFFREYALAN,JEFFREYALANANDREWS,818WARWICKCT,WHITE,NL,NOTHISPANICorNOTLATINO,DEM,DEMOCRATIC,63.0,9281976.0,Age4165,AA3158
ALAMANCE,A,ACTIVE,ANDREWSJERRILEE,JERRILEEANDREWS,7810PEGGNEAVERD,WHITE,NL,NOTHISPANICorNOTLATINO,REP,REPUBLICAN,41.0,8061996.0,Age4165,AA100901
ALAMANCE,A,ACTIVE,ANDREWSJESSEEUGENEJR,JESSEEUGENEANDREWSJR,,WHITE,NL,NOTHISPANICorNOTLATINO,DEM,DEMOCRATIC,84.0,,AgeOver66,AA3160
ALAMANCE,A,ACTIVE,ANDREWSJOANNMOORE,JOANNMOOREANDREWS,128FIRSTST,WHITE,NL,NOTHISPANICorNOTLATINO,DEM,DEMOCRATIC,67.0,9231984.0,AgeOver66,
ALAMANCE,A,ACTIVE,ANDREWSJOANNBEAL,JOANNBEALANDREWS,815WARWICKCT,WHITE,NL,NOTHISPANICorNOTLATINO,REP,REPUBLICAN,58.0,8061984.0,Age4165,
ALAMANCE,A,ACTIVE,ANDREWSJODYDARRYL,JODYDARRYLANDREWS,2140CRYSTALSPRINGCT,WHITE,NL,,REP,REPUBLICAN,43.0,10061992.0,Age4165,AA86486
ALAMANCE,A,ACTIVE,ANDREWSJOHNWILLIAMIII,JOHNWILLIAMANDREWSIII,815WARWICKCT,WHITE,NL,NOTHISPANICorNOTLATINO,DEM,DEMOCRATIC,65.0,4251984.0,Age4165,
ALAMANCE,A,ACTIVE,ANDREWSJOHNBLAINE,JOHNBLAINEANDREWS,2115COOPERRD,WHITE,NL,,REP,REPUBLICAN,52.0,4051984.0,Age4165,
ALAMANCE,A,ACTIVE,ANDREWSJOHNCLYDEJR,JOHNCLYDEANDREWSJR,1355GEORGEBASONRD,WHITE,NL,,REP,REPUBLICAN,51.0,8111982.0,Age4165,AA3165
ALAMANCE,A,ACTIVE,ANDREWSJOHNERNESTIII,JOHNERNESTANDREWSIII,412JONESST,WHITE,NL,,DEM,DEMOCRATIC,58.0,5082002.0,Age4165,AA126309
ALAMANCE,R,REMOVED,ANDREWSJOHNCLYDESR,JOHNCLYDEANDREWSSR,402GATESAVE,WHITE,NL,,DEM,DEMOCRATIC,79.0,,AgeOver66,AA3166
ALAMANCE,R,REMOVED,ANDREWSJOHNERNESTJR,JOHNERNESTANDREWSJR,412JONESST,WHITE,NL,,DEM,DEMOCRATIC,89.0,5171952.0,AgeOver66,AA3167
ALAMANCE,R,REMOVED,ANDREWSJOHNRICHARD,JOHNRICHARDANDREWS,,WHITE,NL,,DEM,DEMOCRATIC,70.0,4181968.0,AgeOver66,AA3170
ALAMANCE,A,ACTIVE,ANDREWSJORDANANTHONY,JORDANANTHONYANDREWS,3744REDBUDRD,WHITE,NL,,REP,REPUBLICAN,19.0,6152011.0,,AA168723
ALAMANCE,A,ACTIVE,ANDREWSJOYCEDALTON,JOYCEDALTONANDREWS,3922CHUCKSCT,WHITE,NL,,REP,REPUBLICAN,63.0,1151972.0,Age4165,AA3171
ALAMANCE,A,ACTIVE,ANDREWSJUDITHWILLIAMS,JUDITHWILLIAMSANDREWS,9125MANDALERD,WHITE,NL,,DEM,DEMOCRATIC,54.0,,Age4165,AA92071
ALAMANCE,A,ACTIVE,ANDREWSJUSTINCODY,JUSTINCODYANDREWS,615CARRAWAYDR,WHITE,UN,UNDESIGNATED,DEM,DEMOCRATIC,22.0,4112008.0,,AA153747
ALAMANCE,A,ACTIVE,ANDREWSJUSTINDANIEL,JUSTINDANIELANDREWS,128FIRSTST,WHITE,NL,,UNA,UNAFFILIATED,20.0,,,AA169481
ALAMANCE,A,ACTIVE,ANDREWSKARIMELISSA,KARIMELISSAANDREWS,1818FAIRVIEWST,WHITE,NL,,UNA,UNAFFILIATED,37.0,5312005.0,Age2640,AA143700
ALAMANCE,A,ACTIVE,ANDREWSKELLYBROOKE,KELLYBROOKEANDREWS,128FIRSTST,WHITE,UN,UNDESIGNATED,UNA,UNAFFILIATED,21.0,9142012.0,,AA174810
ALAMANCE,A,ACTIVE,ANDREWSKIMBERLYRUSSELL,KIMBERLYRUSSELLANDREWS,2315NCHWY54,WHITE,NL,,REP,REPUBLICAN,28.0,6022005.0,Age2640,AA143842
ALAMANCE,A,ACTIVE,ANDREWSKIMBERLYROSE,KIMBERLYROSEANDREWS,4972MTOLIVECHURCHRD,WHITE,NL,,REP,REPUBLICAN,31.0,3162001.0,Age2640,AA123112
ALAMANCE,A,ACTIVE,ANDREWSKIMBERLYWALKER,KIMBERLYWALKERANDREWS,1544HUGHESMILLRD,WHITE,NL,,DEM,DEMOCRATIC,,3151984.0,Age4165,
ALAMANCE,I,INACTIVE,ANDREWSKIMBERLYMANUEL,KIMBERLYMANUELANDREWS,5765SNOWCAMPRD,WHITE,NL,,REP,REPUBLICAN,,5281985.0,Age4165,AA58919
ALAMANCE,A,ACTIVE,ANDREWSKRISTIJUSTICE,KRISTIJUSTICEANDREWS,3411PERRINDR,WHITE,NL,,REP,REPUBLICAN,37.0,8062004.0,Age2640,AA135235
ALAMANCE,A,ACTIVE,ANDREWSKRISTINALOUISE,KRISTINALOUISEANDREWS,214EHANOVERRD,BLACKorAFRICANAMERICAN,NL,,DEM,DEMOCRATIC,30.0,10012008.0,Age2640,BL320736
ALAMANCE,A,ACTIVE,ANDREWSLARRYREID,LARRYREIDANDREWS,1857SWEPSONVILLERD,WHITE,NL,,REP,REPUBLICAN,66.0,2141986.0,AgeOver66,AA59442
ALAMANCE,A,ACTIVE,ANDREWSLARUEBROWN,LARUEBROWNANDREWS,1857SWEPSONVILLERD,WHITE,NL,,DEM,DEMOCRATIC,58.0,10031972.0,Age4165,AA7133
ALAMANCE,A,ACTIVE,ANDREWSLAURAGRIFFITH,LAURAGRIFFITHANDREWS,142PELHAMST,WHITE,UN,UNDESIGNATED,REP,REPUBLICAN,53.0,1251982.0,Age4165,AA18467
ALAMANCE,R,REMOVED,ANDREWSLINDSAYSHAY,,602EHAGGARDAVE19,WHITE,UN,UNDESIGNATED,UNA,UNAFFILIATED,28.0,9302004.0,Age2640,AA139025
ALAMANCE,A,ACTIVE,ANDREWSLORENMARGARET,,3038FIELDSTONELN,WHITE,NL,,DEM,DEMOCRATIC,23.0,,,AA159653
ALAMANCE,A,ACTIVE,ANDREWSLORIMASSIE,,5839SWEPSONVILLESAXAPAHAWRD,WHITE,NL,,REP,REPUBLICAN,40.0,8291995.0,Age2640,AA95296
ALAMANCE,A,ACTIVE,ANDREWSLORRIEINGLE,,1316ACHONECHYDR,WHITE,NL,,DEM,DEMOCRATIC,,3021990.0,Age4165,AA70666
ALAMANCE,A,ACTIVE,ANDREWSLUCASALEXANDER,,4359ELLA'SDR,BLACKorAFRICANAMERICAN,NL,,UNA,UNAFFILIATED,21.0,1112010.0,,AA165279
ALAMANCE,R,REMOVED,ANDREWSLUTHERWILLIAMSR,,1807SMEBANEST,WHITE,NL,,DEM,DEMOCRATIC,96.0,5141960.0,AgeOver66,AA3176
ALAMANCE,R,REMOVED,ANDREWSLUTHERWILLIAMJR,,2045GARDNERHOLTRD,WHITE,NL,,REP,REPUBLICAN,70.0,,AgeOver66,AA3177
ALAMANCE,A,ACTIVE,ANDREWSLYNDACRABTREE,,,WHITE,NL,,DEM,DEMOCRATIC,,4071984.0,Age4165,
ALAMANCE,I,INACTIVE,ANDREWSMAGGIEBECKOM,,826MANNINGAVE,WHITE,NL,,DEM,DEMOCRATIC,97.0,7171976.0,AgeOver66,AA3179
ALAMANCE,R,REMOVED,ANDREWSMALIKLEE,,300NORTHST,UNDESIGNATED,UN,UNDESIGNATED,UNA,UNAFFILIATED,22.0,12112007.0,,AA151641
ALAMANCE,A,ACTIVE,ANDREWSMARGARETLACY,,9569PLEASANTHILLCHURCHRD,WHITE,NL,,REP,REPUBLICAN,56.0,1021979.0,Age4165,AA3181
ALAMANCE,R,REMOVED,ANDREWSMARIEMCVEY,,2305WALTERANDREWSRD,WHITE,NL,,DEM,DEMOCRATIC,88.0,10281950.0,AgeOver66,AA3182
ALAMANCE,A,ACTIVE,ANDREWSMARKWILLIAM,,1544HUGHESMILLRD,WHITE,NL,,DEM,DEMOCRATIC,55.0,10081984.0,Age4165,AA57724
ALAMANCE,A,ACTIVE,ANDREWSMARTINRICHARD,,773ISLEYRD,WHITE,UN,UNDESIGNATED,UNA,UNAFFILIATED,53.0,,Age4165,EH97249
ALAMANCE,R,REMOVED,ANDREWSMARYMURRAY,,1929EDGEWOODAVE,WHITE,NL,,REP,REPUBLICAN,87.0,10071972.0,AgeOver66,AA3186
ALAMANCE,A,ACTIVE,ANDREWSMARYJAMES,,1350KIRKPATRICKRD,WHITE,NL,,REP,REPUBLICAN,83.0,10251952.0,AgeOver66,AA3185
ALAMANCE,A,ACTIVE,ANDREWSMARYMCCOY,,3940CHUCKSCT,INDIANAMERICANorALASKANATIVE,NL,,REP,REPUBLICAN,30.0,,Age2640,AA121574
ALAMANCE,A,ACTIVE,ANDREWSMARYLYNDALLSHOFFNER,,1607EDGEWOODAVE,WHITE,NL,,UNA,UNAFFILIATED,56.0,4011989.0,Age4165,AA69133
ALAMANCE,A,ACTIVE,ANDREWSMATTHEWSTANFORD,,1544HUGHESMILLRD,WHITE,UN,UNDESIGNATED,UNA,UNAFFILIATED,22.0,4102008.0,,AA154049
ALAMANCE,A,ACTIVE,ANDREWSMATTHEWAARON,,,WHITE,NL,,UNA,UNAFFILIATED,26.0,,Age2640,DD96145
ALAMANCE,R,REMOVED,ANDREWSMAXWILLIAM,,323BALDWINRD,WHITE,NL,,DEM,DEMOCRATIC,87.0,5131950.0,AgeOver66,AA3189
ALAMANCE,I,INACTIVE,ANDREWSMAXDEAN,,317MOSERST,WHITE,NL,,DEM,DEMOCRATIC,79.0,5161964.0,AgeOver66,AA3188
ALAMANCE,R,REMOVED,ANDREWSMELVINHASSELL,,710NMAINST,WHITE,NL,,REP,REPUBLICAN,76.0,10291960.0,AgeOver66,AA3190
ALAMANCE,R,REMOVED,ANDREWSNANCYFAY,NANCYFAYANDREWS,9150MANDALERD,WHITE,NL,,DEM,DEMOCRATIC,77.0,8251956.0,AgeOver66,AA3191
ALAMANCE,A,ACTIVE,ANDREWSNANCYBYRD,NANCYBYRDANDREWS,322BIDNEYDR,WHITE,NL,,REP,REPUBLICAN,69.0,4031991.0,AgeOver66,AA77080
ALAMANCE,A,ACTIVE,ANDREWSNELLIEHAITHCOCK,NELLIEHAITHCOCKANDREWS,209ESIXTHST,WHITE,NL,,DEM,DEMOCRATIC,70.0,11042008.0,AgeOver66,AA162469
ALAMANCE,A,ACTIVE,ANDREWSOLIVIALEIGH,OLIVIALEIGHANDREWS,1823WELLINGTONRD,WHITE,NL,,REP,REPUBLICAN,39.0,4021992.0,Age2640,AA80571
ALAMANCE,A,ACTIVE,ANDREWSOLLIEISELEY,OLLIEISELEYANDREWS,3311BURCHBRIDGERD,WHITE,NL,,REP,REPUBLICAN,88.0,10261946.0,AgeOver66,
ALAMANCE,A,ACTIVE,ANDREWSPAMELAGLASS,PAMELAGLASSANDREWS,239HARDENST,WHITE,NL,NOTHISPANICorNOTLATINO,DEM,DEMOCRATIC,74.0,1011900.0,AgeOver66,AA3195
ALAMANCE,A,ACTIVE,ANDREWSPATIENCEBROWN,PATIENCEBROWNANDREWS,710NCARRSTB,WHITE,NL,NOTHISPANICorNOTLATINO,DEM,DEMOCRATIC,58.0,12282006.0,Age4165,AA110545
ALAMANCE,A,ACTIVE,ANDREWSPATRICIACRUTCHFIELD,PATRICIACRUTCHFIELDANDREWS,2137MARTINST,WHITE,UN,UNDESIGNATED,UNA,UNAFFILIATED,65.0,10232012.0,Age4165,AA178238
ALAMANCE,A,ACTIVE,ANDREWSPATRICIA,PATRICIAANDREWS,,WHITE,UN,UNDESIGNATED,REP,REPUBLICAN,73.0,5082012.0,AgeOver66,BY406618
ALAMANCE,A,ACTIVE,ANDREWSPAULAGOLDEN,PAULAGOLDENANDREWS,5232OSCARGAMMONRD,BLACKorAFRICANAMERICAN,UN,UNDESIGNATED,DEM,DEMOCRATIC,57.0,11052002.0,Age4165,AA128436
ALAMANCE,A,ACTIVE,ANDREWSPEGGESMITH,PEGGESMITHANDREWS,412JONESST,WHITE,NL,NOTHISPANICorNOTLATINO,DEM,DEMOCRATIC,84.0,5171952.0,AgeOver66,AA3200
ALAMANCE,A,ACTIVE,ANDREWSPHILIPDWAIN,PHILIPDWAINANDREWS,9569PLEASANTHILLCHURCHRD,WHITE,NL,NOTHISPANICorNOTLATINO,DEM,DEMOCRATIC,67.0,11021978.0,AgeOver66,AA3201
ALAMANCE,A,ACTIVE,ANDREWSRACHAELEELIZABETH,RACHAELEELIZABETHANDREWS,2001ELONCOMMONSDRF105,BLACKorAFRICANAMERICAN,NL,NOTHISPANICorNOTLATINO,UNA,UNAFFILIATED,21.0,,,AA176472
ALAMANCE,A,ACTIVE,ANDREWSRACHELLOPOSSAY,RACHELLOPOSSAYANDREWS,,WHITE,NL,NOTHISPANICorNOTLATINO,DEM,DEMOCRATIC,62.0,6232010.0,Age4165,DE225263
ALAMANCE,I,INACTIVE,ANDREWSRAPHAEL,RAPHAELANDREWS,,WHITE,NL,NOTHISPANICorNOTLATINO,UNA,UNAFFILIATED,23.0,4092008.0,,AA154036
ALAMANCE,A,ACTIVE,ANDREWSRAYMONDC,RAYMONDCANDREWS,512ARDENST,WHITE,NL,NOTHISPANICorNOTLATINO,DEM,DEMOCRATIC,77.0,4011991.0,AgeOver66,AA77165
ALAMANCE,A,ACTIVE,ANDREWSRICHARDLAVONE,RICHARDLAVONEANDREWS,322BIDNEYDR,WHITE,NL,NOTHISPANICorNOTLATINO,DEM,DEMOCRATIC,71.0,12111989.0,AgeOver66,AA70278
ALAMANCE,R,REMOVED,ANDREWSRICHARDGILLIAM,RICHARDGILLIAMANDREWS,3785AEGREENSBOROCHAPELHILLRD,WHITE,NL,NOTHISPANICorNOTLATINO,REP,REPUBLICAN,77.0,5101973.0,AgeOver66,AA3203
ALAMANCE,A,ACTIVE,ANDREWSROBERTGRAHAM,ROBERTGRAHAMANDREWS,,WHITE,NL,NOTHISPANICorNOTLATINO,REP,REPUBLICAN,,9061990.0,Age4165,AA73135
ALAMANCE,A,ACTIVE,ANDREWSROBERTLEEJR,ROBERTLEEANDREWSJR,142PELHAMST,WHITE,NL,NOTHISPANICorNOTLATINO,REP,REPUBLICAN,57.0,4081980.0,Age4165,AA3206
ALAMANCE,A,ACTIVE,ANDREWSROBERTCHASE,ROBERTCHASEANDREWS,2117CRESCENTDR,WHITE,UN,UNDESIGNATED,REP,REPUBLICAN,28.0,,Age2640,AA159453
ALAMANCE,A,ACTIVE,ANDREWSRONNIELEE,RONNIELEEANDREWS,5839SWEPSONVILLESAXAPAHAWRD,WHITE,NL,NOTHISPANICorNOTLATINO,REP,REPUBLICAN,42.0,2081988.0,Age4165,AA63639
ALAMANCE,A,ACTIVE,ANDREWSRYANDAVID,RYANDAVIDANDREWS,3940CHUCKSCT,WHITE,NL,NOTHISPANICorNOTLATINO,REP,REPUBLICAN,31.0,10042000.0,Age2640,AA120696
ALAMANCE,A,ACTIVE,ANDREWSRYANKEITH,RYANKEITHANDREWS,9074HINSHAWSHOPRD,WHITE,NL,NOTHISPANICorNOTLATINO,UNA,UNAFFILIATED,20.0,9172010.0,,AA166883
ALAMANCE,A,ACTIVE,ANDREWSSABRINAASHLEY,SABRINAASHLEYANDREWS,2540HYDEST,WHITE,NL,NOTHISPANICorNOTLATINO,UNA,UNAFFILIATED,24.0,6182009.0,,AA164193
ALAMANCE,A,ACTIVE,ANDREWSSAMUELCRAIG,SAMUELCRAIGANDREWS,1316ACHONECHYDR,WHITE,NL,NOTHISPANICorNOTLATINO,REP,REPUBLICAN,,3211986.0,Age4165,AA59536
ALAMANCE,R,REMOVED,ANDREWSSAMUELARON,SAMUELARONANDREWS,,WHITE,NL,NOTHISPANICorNOTLATINO,DEM,DEMOCRATIC,87.0,12111978.0,AgeOver66,AA3207
ALAMANCE,A,ACTIVE,ANDREWSSANDRAANDREWS,SANDRAANDREWSANDREWS,710NMAINST,WHITE,NL,NOTHISPANICorNOTLATINO,REP,REPUBLICAN,73.0,,AgeOver66,AA3208
ALAMANCE,A,ACTIVE,ANDREWSSANDRARUSSELL,SANDRARUSSELLANDREWS,818WARWICKCT,WHITE,NL,NOTHISPANICorNOTLATINO,DEM,DEMOCRATIC,63.0,10031976.0,Age4165,AA3209
ALAMANCE,A,ACTIVE,ANDREWSSARABUCKNER,SARABUCKNERANDREWS,3164GARDENRD,WHITE,NL,NOTHISPANICorNOTLATINO,UNA,UNAFFILIATED,79.0,10261968.0,AgeOver66,AA3210
ALAMANCE,A,ACTIVE,ANDREWSSARASUNSHINEWILLIA,SARASUNSHINEWILLIAANDREWS,508SPENCEAVE,WHITE,NL,,REP,REPUBLICAN,36.0,8101995.0,Age2640,AA95190
ALAMANCE,A,ACTIVE,ANDREWSSARAHELIZABETH,SARAHELIZABETHANDREWS,409WARDST,WHITE,NL,NOTHISPANICorNOTLATINO,DEM,DEMOCRATIC,,8211995.0,Age4165,AA95260
ALAMANCE,A,ACTIVE,ANDREWSSHANNONMARIE,SHANNONMARIEANDREWS,5232OSCARGAMMONRD,WHITE,NL,,UNA,UNAFFILIATED,34.0,4021996.0,Age2640,AA98687
ALAMANCE,A,ACTIVE,ANDREWSSHAWNKEITH,SHAWNKEITHANDREWS,605ASPENWOODDR,WHITE,NL,,UNA,UNAFFILIATED,32.0,11072000.0,Age2640,AA121990
ALAMANCE,A,ACTIVE,ANDREWSSHERYLHENDERSON,SHERYLHENDERSONANDREWS,9074HINSHAWSHOPRD,BLACKorAFRICANAMERICAN,NL,,DEM,DEMOCRATIC,,,Age4165,AX54538
ALAMANCE,A,ACTIVE,ANDREWSSTANLEYPAUL,STANLEYPAULANDREWS,820CENTRALAVE,WHITE,NL,,DEM,DEMOCRATIC,35.0,1242002.0,Age2640,AA125458
ALAMANCE,A,ACTIVE,ANDREWSSTEVEHASSELL,STEVEHASSELLANDREWS,1311GEORGEBASONRD,WHITE,UN,UNDESIGNATED,REP,REPUBLICAN,,10041984.0,Age4165,
ALAMANCE,A,ACTIVE,ANDREWSSTEVENHERBERT,STEVENHERBERTANDREWS,3242ALTAMAHAWRACETRACKRD,WHITE,UN,UNDESIGNATED,REP,REPUBLICAN,24.0,,,AA147824
ALAMANCE,A,ACTIVE,ANDREWSTERESADURHAM,TERESADURHAMANDREWS,,WHITE,NL,NOTHISPANICorNOTLATINO,UNA,UNAFFILIATED,,4172003.0,Age4165,AA130035
ALAMANCE,A,ACTIVE,ANDREWSTERRIHART,TERRIHARTANDREWS,1355GEORGEBASONRD,WHITE,NL,NOTHISPANICorNOTLATINO,DEM,DEMOCRATIC,,4281982.0,Age4165,AA19940
ALAMANCE,A,ACTIVE,ANDREWSTERRYLYNN,TERRYLYNNANDREWS,3038FIELDSTONELN,WHITE,NL,NOTHISPANICorNOTLATINO,REP,REPUBLICAN,58.0,7222004.0,Age4165,AA136035
ALAMANCE,A,ACTIVE,ANDREWSTHOMASLEE,THOMASLEEANDREWS,5855SWEPSONVILLESAXAPAHAWRD,WHITE,NL,NOTHISPANICorNOTLATINO,DEM,DEMOCRATIC,69.0,10261964.0,AgeOver66,AA3215
ALAMANCE,R,REMOVED,ANDREWSTOMMYEDWARD,TOMMYEDWARDANDREWS,8801MANDALERD,WHITE,NL,NOTHISPANICorNOTLATINO,DEM,DEMOCRATIC,79.0,7221996.0,AgeOver66,AA100659
ALAMANCE,A,ACTIVE,ANDREWSVERNONW,VERNONWANDREWS,3311BURCHBRIDGERD,WHITE,NL,NOTHISPANICorNOTLATINO,DEM,DEMOCRATIC,91.0,,AgeOver66,AA3219
ALAMANCE,A,ACTIVE,ANDREWSVICTORIAJADE,VICTORIAJADEANDREWS,7810PEGGNEAVERD,WHITE,NL,NOTHISPANICorNOTLATINO,UNA,UNAFFILIATED,21.0,2022009.0,,AA163370
ALAMANCE,A,ACTIVE,ANDREWSVIRGINIAGILMORE,VIRGINIAGILMOREANDREWS,323BALDWINRD,WHITE,NL,NOTHISPANICorNOTLATINO,REP,REPUBLICAN,89.0,5141960.0,AgeOver66,AA3220
ALAMANCE,A,ACTIVE,ANDREWSVIVIANDAYE,VIVIANDAYEANDREWS,,BLACKorAFRICANAMERICAN,UN,UNDESIGNATED,DEM,DEMOCRATIC,44.0,4071989.0,Age4165,AA69235
ALAMANCE,R,REMOVED,ANDREWSWALTERGROVER,WALTERGROVERANDREWS,352MEADOWBROOKDR,WHITE,NL,NOTHISPANICorNOTLATINO,REP,REPUBLICAN,86.0,10261968.0,AgeOver66,AA3222
ALAMANCE,R,REMOVED,ANDREWSWALTERPAYNE,WALTERPAYNEANDREWS,2305WALTERANDREWSRD,WHITE,NL,NOTHISPANICorNOTLATINO,DEM,DEMOCRATIC,89.0,,AgeOver66,AA3224
ALAMANCE,A,ACTIVE,ANDREWSWANDASCOTT,WANDASCOTTANDREWS,229SERENDIPITYDR,WHITE,NL,NOTHISPANICorNOTLATINO,DEM,DEMOCRATIC,63.0,9201972.0,Age4165,AA3226
ALAMANCE,A,ACTIVE,ANDREWSWENDYNEWTON,WENDYNEWTONANDREWS,1311GEORGEBASONRD,WHITE,UN,UNDESIGNATED,REP,REPUBLICAN,41.0,10051992.0,Age4165,AA83731
ALAMANCE,A,ACTIVE,ANDREWSWENDYC,WENDYCANDREWS,,WHITE,UN,UNDESIGNATED,UNA,UNAFFILIATED,35.0,6012006.0,Age2640,AA146672
ALAMANCE,A,ACTIVE,ANDREWSWILLIAMGRANTJR,WILLIAMGRANTANDREWSJR,3242ALTAMAHAWRACETRACKRD,WHITE,NL,NOTHISPANICorNOTLATINO,REP,REPUBLICAN,26.0,8302004.0,Age2640,AA136711
ALAMANCE,A,ACTIVE,ANDREWSWILLIAMFRANKLIN,WILLIAMFRANKLINANDREWS,4660FREEDOMDR,WHITE,NL,NOTHISPANICorNOTLATINO,UNA,UNAFFILIATED,75.0,10291960.0,AgeOver66,AA3227
ALAMANCE,A,ACTIVE,ANDREWSWILLIAMGRANT,WILLIAMGRANTANDREWS,3242ALTAMAHAWRACETRACKRD,WHITE,NL,NOTHISPANICorNOTLATINO,REP,REPUBLICAN,52.0,3301978.0,Age4165,AA3228
ALAMANCE,A,ACTIVE,ANDREWSALLREDCAROLYNSUE,CAROLYNSUEANDREWSALLRED,506WHITESELLST,WHITE,UN,UNDESIGNATED,DEM,DEMOCRATIC,58.0,3182008.0,Age4165,BY73737
ALAMANCE,A,ACTIVE,ANDREWSCHRISCOLESA,LESAANDREWSCHRISCO,2329USHWY70,WHITE,NL,NOTHISPANICorNOTLATINO,UNA,UNAFFILIATED,39.0,2091993.0,Age2640,AA86874
ALAMANCE,A,ACTIVE,ANDREWSKULISMARYKATHRYN,,4534REIDRD,WHITE,NL,NOTHISPANICorNOTLATINO,UNA,UNAFFILIATED,34.0,10071996.0,Age2640,AA102823
ALAMANCE,A,ACTIVE,ANDREWSKULISMARYELLEN,,4534REIDRD,WHITE,NL,NOTHISPANICorNOTLATINO,UNA,UNAFFILIATED,59.0,10011988.0,Age4165,AA66566
ALAMANCE,A,ACTIVE,ANDREWSKULISMICHAELJOHN,,4534REIDRD,WHITE,NL,,UNA,UNAFFILIATED,62.0,10011988.0,Age4165,AA66567
ALAMANCE,A,ACTIVE,ANDRISPAULAALSPAUGH,PAULAALSPAUGHANDRIS,1515VONBORACT,WHITE,NL,,DEM,DEMOCRATIC,86.0,11171999.0,AgeOver66,AA115903
ALAMANCE,A,ACTIVE,ANDROZZIMORGANWILLIS,MORGANWILLISANDROZZI,1647SAXAPAHAWBETHLEHEMCHURCHRDG205,WHITE,NL,,DEM,DEMOCRATIC,30.0,3262012.0,Age2640,EH475999
ALAMANCE,A,ACTIVE,ANEMAHEATHERKHRYSTYNE,HEATHERKHRYSTYNEANEMA,704EMAINST,WHITE,NL,,UNA,UNAFFILIATED,21.0,3172009.0,,AA163581
ALAMANCE,A,ACTIVE,ANEMAETDONALDJOHANNES,DONALDJOHANNESANEMAET,2453FARRELLRD,WHITE,NL,,REP,REPUBLICAN,36.0,4121999.0,Age2640,AA113901
ALAMANCE,A,ACTIVE,ANEMAETTRICIAFOSTER,TRICIAFOSTERANEMAET,2453FARRELLRD,WHITE,NL,,REP,REPUBLICAN,33.0,8082004.0,Age2640,AA135237
ALAMANCE,A,ACTIVE,ANESERDAVIDMICHAEL,DAVIDMICHAELANESER,,WHITE,NL,,REP,REPUBLICAN,23.0,10312008.0,,AA162259
ALAMANCE,R,REMOVED,ANESKIEVICHLOISKATHRYN,,40LONDONLN,WHITE,NL,,DEM,DEMOCRATIC,81.0,10041996.0,AgeOver66,AA103850
ALAMANCE,R,REMOVED,ANGEDAVIDSTANTON,DAVIDSTANTONANGE,1839SAXAPAHAWBETHLEHEMCHURCHRD,WHITE,NL,,REP,REPUBLICAN,33.0,,Age2640,DA15013
ALAMANCE,D,DENIED,ANGEJOSEPHFENNERJR,JOSEPHFENNERANGEJR,4315NCHWY54,WHITE,NL,,DEM,DEMOCRATIC,,5111999.0,Age4165,AA114169
ALAMANCE,A,ACTIVE,ANGESALLIEBARTLETT,SALLIEBARTLETTANGE,540WHITTAVE,WHITE,NL,,DEM,DEMOCRATIC,63.0,,Age4165,AA121243
ALAMANCE,R,REMOVED,ANGELFRANCISNEIL,FRANCISNEILANGEL,507STOKESRD,WHITE,NL,,REP,REPUBLICAN,72.0,10261968.0,AgeOver66,AA3233
ALAMANCE,A,ACTIVE,ANGELLINDAPENTECOST,LINDAPENTECOSTANGEL,507STOKESRD,WHITE,NL,,REP,REPUBLICAN,73.0,10261968.0,AgeOver66,AA3234
ALAMANCE,A,ACTIVE,ANGELMARIONBULLOCK,,35HOLMESWAY,WHITE,NL,,DEM,DEMOCRATIC,87.0,10032006.0,AgeOver66,AA147915
ALAMANCE,A,ACTIVE,ANGELMARKWALLACE,,617NCHARLESST,WHITE,UN,UNDESIGNATED,REP,REPUBLICAN,51.0,10082004.0,Age4165,AA140197
ALAMANCE,A,ACTIVE,ANGELSEANJEFFREYBENSON,SEANJEFFREYBENSONANGEL,,WHITE,NL,,REP,REPUBLICAN,,11052002.0,Age4165,AA128466
ALAMANCE,A,ACTIVE,ANGELICHIOKARENLOUISE,KARENLOUISEANGELICHIO,,WHITE,NL,,DEM,DEMOCRATIC,58.0,9282012.0,Age4165,BL237304
ALAMANCE,A,ACTIVE,ANGELICHIOMILLERLENANICHOLE,LENANICHOLEANGELICHIOMILLER,710OAKGROVEDR,WHITE,UN,UNDESIGNATED,REP,REPUBLICAN,26.0,9172012.0,Age2640,AA175135
ALAMANCE,A,ACTIVE,ANGELLBRIANDEAN,BRIANDEANANGELL,420GLENWOODAVE,WHITE,NL,,DEM,DEMOCRATIC,,,Age4165,AA120874
ALAMANCE,A,ACTIVE,ANGELLZACHARYSMITH,ZACHARYSMITHANGELL,420GLENWOODAVE,WHITE,NL,,UNA,UNAFFILIATED,18.0,5042012.0,,AA171631
ALAMANCE,A,ACTIVE,ANGELOSTERILEEGIANOPOULOS,TERILEEGIANOPOULOSANGELOS,4053HANSELTRCE,WHITE,UN,UNDESIGNATED,REP,REPUBLICAN,58.0,9252008.0,Age4165,AA158898
ALAMANCE,I,INACTIVE,ANGENYCHASSITYANN,CHASSITYANNANGENY,213VIRGINIADORM,WHITE,NL,,DEM,DEMOCRATIC,30.0,9182000.0,Age2640,AA119787
ALAMANCE,A,ACTIVE,ANGEVINEKELLIEANDREA,KELLIEANDREAANGEVINE,1417BEAUFORTCT,BLACKorAFRICANAMERICAN,UN,UNDESIGNATED,UNA,UNAFFILIATED,22.0,4112008.0,,AA153757
ALAMANCE,A,ACTIVE,ANGLEHARTDARRELLYNN,DARRELLYNNANGLEHART,816BURLINGTONAVE,WHITE,NL,,DEM,DEMOCRATIC,68.0,2201996.0,AgeOver66,AA97911
ALAMANCE,A,ACTIVE,ANGLEHARTSHIRLEYANNETTE,SHIRLEYANNETTEANGLEHART,816BURLINGTONAVE,WHITE,NL,,REP,REPUBLICAN,67.0,3281996.0,AgeOver66,AA98937
ALAMANCE,A,ACTIVE,ANGLEHARTTRACIEANN,TRACIEANNANGLEHART,2108SASHLANDDR,WHITE,UN,UNDESIGNATED,DEM,DEMOCRATIC,41.0,10082004.0,Age4165,AA140303
ALAMANCE,I,INACTIVE,ANGLINCHELSEYKATHRYN,CHELSEYKATHRYNANGLIN,214WOODALEDR,WHITE,NL,,DEM,DEMOCRATIC,26.0,,Age2640,AA150665
ALAMANCE,A,ACTIVE,ANGORARONALDNICHOLAS,RONALDNICHOLASANGORA,400WILLIAMSONSTH5,UNDESIGNATED,UN,UNDESIGNATED,DEM,DEMOCRATIC,57.0,9212012.0,Age4165,AA175136
ALAMANCE,A,ACTIVE,ANGUIANOELIO,ELIOANGUIANO,3255CALLOWAYDR,UNDESIGNATED,UN,UNDESIGNATED,REP,REPUBLICAN,33.0,6062012.0,Age2640,AA172443
ALAMANCE,A,ACTIVE,ANGYALJEFFREYWARD,JEFFREYWARDANGYAL,412NGURNEYST,WHITE,UN,UNDESIGNATED,DEM,DEMOCRATIC,32.0,10022012.0,Age2640,AA175572
ALAMANCE,A,ACTIVE,ANGYALNELLIEBRYAN,NELLIEBRYANANGYAL,412NGURNEYST,WHITE,NL,,DEM,DEMOCRATIC,32.0,10272010.0,Age2640,CW691611
ALAMANCE,A,ACTIVE,ANIFOWOSHEJAMALADEBAYO,JAMALADEBAYOANIFOWOSHE,700EHAGGARDAVE,UNDESIGNATED,UN,UNDESIGNATED,UNA,UNAFFILIATED,18.0,10052012.0,,AA176005
ALAMANCE,A,ACTIVE,ANIKAANDREAALICE,ANDREAALICEANIKA,2462WILLIEPACERD,WHITE,NL,,UNA,UNAFFILIATED,39.0,9041992.0,Age2640,AA82817
ALAMANCE,A,ACTIVE,ANIKADAVIDMICHAEL,DAVIDMICHAELANIKA,2462WILLIEPACERD,WHITE,UN,UNDESIGNATED,UNA,UNAFFILIATED,,,Age4165,AA159536
ALAMANCE,A,ACTIVE,ANLIKERBOBBIEJO,BOBBIEJOANLIKER,1804ALCOST,WHITE,UN,UNDESIGNATED,UNA,UNAFFILIATED,37.0,8092012.0,Age2640,DN125203
ALAMANCE,A,ACTIVE,ANLIKERBRUCEALLEN,BRUCEALLENANLIKER,1804ALCOST,WHITE,UN,UNDESIGNATED,UNA,UNAFFILIATED,55.0,,Age4165,EA36128
ALAMANCE,R,REMOVED,ANLIKERBRUCEALLEN,BRUCEALLENANLIKER,3417BARNETTRD,WHITE,NL,,REP,REPUBLICAN,55.0,9271988.0,Age4165,AA66174
ALAMANCE,A,ACTIVE,ANNASBARBARAREEVES,BARBARAREEVESANNAS,2703CRESTWOODDR,WHITE,NL,,REP,REPUBLICAN,68.0,10261968.0,AgeOver66,AA3239
ALAMANCE,A,ACTIVE,ANNASDOUGLASE,DOUGLASEANNAS,2703CRESTWOODDR,WHITE,NL,,REP,REPUBLICAN,70.0,10261968.0,AgeOver66,AA3241
ALAMANCE,A,ACTIVE,ANNASKIMBERLYDAWNFLOYD,KIMBERLYDAWNFLOYDANNAS,4085CLEBURNECT,WHITE,NL,,REP,REPUBLICAN,29.0,9272012.0,Age2640,EH807223
ALAMANCE,A,ACTIVE,ANNASMICHAELLEE,,4085CLEBURNECT,WHITE,NL,,REP,REPUBLICAN,30.0,9272012.0,Age2640,AZ14146
ALAMANCE,A,ACTIVE,ANNISANTHONYMICHAELSCOTT,ANTHONYMICHAELSCOTTANNIS,912STHIRDST,WHITE,NL,,UNA,UNAFFILIATED,21.0,4242009.0,Age1825,AA163744
ALAMANCE,A,ACTIVE,ANNISDARLENEMARIE,DARLENEMARIEANNIS,912STHIRDST,WHITE,NL,,UNA,UNAFFILIATED,,,Age4165,AA120915
ALAMANCE,R,REMOVED,ANNISWILLIAMANTHONY,WILLIAMANTHONYANNIS,912STHIRDST,WHITE,NL,,UNA,UNAFFILIATED,55.0,,Age4165,AA120916
ALAMANCE,A,ACTIVE,ANONICKNATHANMONROE,NATHANMONROEANONICK,323WTROLLINGERAVEB8,WHITE,NL,,UNA,UNAFFILIATED,20.0,5082012.0,,AN160181
ALAMANCE,A,ACTIVE,ANSALDOMAXIMINO,,4610TANGLERIDGETRL,OTHER,HL,HISPANICorLATINO,DEM,DEMOCRATIC,60.0,2132012.0,Age4165,AA170341
ALAMANCE,A,ACTIVE,ANSBACHERBENJAMINR,BENJAMINRANSBACHER,,WHITE,NL,,DEM,DEMOCRATIC,75.0,10061973.0,AgeOver66,AA3247
ALAMANCE,A,ACTIVE,ANSBACHERCAROLINEBURGESS,CAROLINEBURGESSANSBACHER,,WHITE,NL,,DEM,DEMOCRATIC,71.0,8291973.0,AgeOver66,AA3248
ALAMANCE,A,ACTIVE,ANSELLCHARLESRICHARD,CHARLESRICHARDANSELL,4117WGREENSBOROCHAPELHILLRD,WHITE,NL,,UNA,UNAFFILIATED,67.0,12132010.0,AgeOver66,AA167773
ALAMANCE,A,ACTIVE,ANSELLDOROTHYJONES,DOROTHYJONESANSELL,2816MAPLEAVEC,WHITE,NL,,REP,REPUBLICAN,78.0,6272000.0,AgeOver66,AA118550
ALAMANCE,A,ACTIVE,ANSELLJANISGUSTAFSON,JANISGUSTAFSONANSELL,4117WGREENSBOROCHAPELHILLRD,WHITE,NL,,UNA,UNAFFILIATED,65.0,12132010.0,Age4165,AA167774
ALAMANCE,I,INACTIVE,ANSELMOELIZABETHMICHELLE,ELIZABETHMICHELLEANSELMO,2106MAPLEAVE,WHITE,NL,,UNA,UNAFFILIATED,37.0,2062008.0,Age2640,AA152081
ALAMANCE,A,ACTIVE,ANTENUCILISARAE,,2847BASONRD,WHITE,NL,,DEM,DEMOCRATIC,42.0,5022005.0,Age4165,AA143536
ALAMANCE,A,ACTIVE,ANTHONYDEBORAHCARROLL,DEBORAHCARROLLANTHONY,901CENTERST,WHITE,NL,,DEM,DEMOCRATIC,61.0,4161993.0,Age4165,AA87289
ALAMANCE,A,ACTIVE,ANTHONYEPHLEADA,EPHLEADAANTHONY,,INDIANAMERICANorALASKANATIVE,NL,,REP,REPUBLICAN,38.0,2102009.0,Age2640,EC17250
ALAMANCE,I,INACTIVE,ANTHONYERICWAYNE,ERICWAYNEANTHONY,1722WHITSETTST,WHITE,NL,,UNA,UNAFFILIATED,56.0,,Age4165,AA169499
ALAMANCE,A,ACTIVE,ANTHONYFONDACRAFT,FONDACRAFTANTHONY,4038MEBANEOAKSCT,WHITE,NL,,REP,REPUBLICAN,,2081994.0,Age4165,AA89227
ALAMANCE,A,ACTIVE,ANTHONYJENNIFERTAYLOR,JENNIFERTAYLORANTHONY,2426PEPPERSTONEDR,WHITE,NL,,REP,REPUBLICAN,32.0,12312009.0,Age2640,DL136859
ALAMANCE,A,ACTIVE,ANTHONYJOHNSTEVPHENSON,JOHNSTEVPHENSONANTHONY,434SHADOWBROOKDR,WHITE,NL,,REP,REPUBLICAN,62.0,6041993.0,Age4165,AA87323
ALAMANCE,A,ACTIVE,ANTHONYJOSHUADANIEL,JOSHUADANIELANTHONY,4038MEBANEOAKSCT,WHITE,NL,,UNA,UNAFFILIATED,19.0,2242011.0,,AA168106
ALAMANCE,A,ACTIVE,ANTHONYJOYCRYSTAL,JOYCRYSTALANTHONY,1510SMEBANESTB,BLACKorAFRICANAMERICAN,UN,UNDESIGNATED,DEM,DEMOCRATIC,31.0,12072007.0,Age2640,AA151490
ALAMANCE,A,ACTIVE,ANTHONYLAIRDCARTER,LAIRDCARTERANTHONY,807EHANOVERRD,WHITE,NL,,DEM,DEMOCRATIC,91.0,,AgeOver66,AA3254
ALAMANCE,A,ACTIVE,ANTHONYLAURAMCPHERSON,LAURAMCPHERSONANTHONY,434SHADOWBROOKDR,WHITE,NL,,REP,REPUBLICAN,52.0,6261992.0,Age4165,AA81978
ALAMANCE,A,ACTIVE,ANTHONYLISAMARLENE,,1722WHITSETTST,WHITE,NL,,REP,REPUBLICAN,,12142011.0,Age4165,AA169889
ALAMANCE,R,REMOVED,ANTHONYMARGARETMAXINE,,322SELLARSST,WHITE,NL,,UNA,UNAFFILIATED,90.0,9091990.0,AgeOver66,AA73189
ALAMANCE,A,ACTIVE,ANTHONYMARKDAVID,,4038MEBANEOAKSCT,WHITE,NL,,REP,REPUBLICAN,,9041996.0,Age4165,AA101601
ALAMANCE,A,ACTIVE,ANTHONYMARKSEVERIN,,,BLACKorAFRICANAMERICAN,UN,UNDESIGNATED,DEM,DEMOCRATIC,,7192008.0,Age4165,AA156952
ALAMANCE,A,ACTIVE,ANTHONYPAUL,PAULANTHONY,4038MEBANEOAKSCT,WHITE,NL,,UNA,UNAFFILIATED,80.0,7192012.0,AgeOver66,AA172573
ALAMANCE,A,ACTIVE,ANTHONYRAMONANANNETTE,RAMONANANNETTEANTHONY,,BLACKorAFRICANAMERICAN,UN,UNDESIGNATED,DEM,DEMOCRATIC,,7192008.0,Age4165,AA157083
ALAMANCE,A,ACTIVE,ANTHONYTODDMICHAEL,TODDMICHAELANTHONY,2426PEPPERSTONEDR,WHITE,NL,,REP,REPUBLICAN,34.0,,Age2640,DL166964
ALAMANCE,A,ACTIVE,ANTHONYTRAVISLYNN,TRAVISLYNNANTHONY,901CENTERST,WHITE,NL,,UNA,UNAFFILIATED,38.0,6041998.0,Age2640,AA110408
ALAMANCE,I,INACTIVE,ANTHONYTROYDOUGLAS,TROYDOUGLASANTHONY,215BANKSST,INDIANAMERICANorALASKANATIVE,NL,,REP,REPUBLICAN,40.0,2102010.0,Age2640,AA165389
ALAMANCE,I,INACTIVE,ANTIAELIZABETHKIMBALL,ELIZABETHKIMBALLANTIA,389BILLINGHAMDR,WHITE,NL,,DEM,DEMOCRATIC,,7121996.0,Age4165,AA100493
ALAMANCE,A,ACTIVE,ANTKOWIAKCATHERINE,CATHERINEANTKOWIAK,,WHITE,NL,,UNA,UNAFFILIATED,44.0,11162011.0,Age4165,AA169553
ALAMANCE,A,ACTIVE,ANTKOWIAKJOHNDAVID,JOHNDAVIDANTKOWIAK,,WHITE,NL,,UNA,UNAFFILIATED,43.0,,Age4165,AA176772
ALAMANCE,A,ACTIVE,ANTKOWIAKMARGARETANNE,,,WHITE,NL,,REP,REPUBLICAN,75.0,11142011.0,AgeOver66,AA169554
ALAMANCE,A,ACTIVE,ANTKOWIAKPETEREDWARD,PETEREDWARDANTKOWIAK,,WHITE,NL,,UNA,UNAFFILIATED,74.0,11212011.0,AgeOver66,AA169634
ALAMANCE,I,INACTIVE,ANTONAROBERTPETER,ROBERTPETERANTONA,,WHITE,UN,UNDESIGNATED,REP,REPUBLICAN,26.0,11042008.0,Age2640,AA162969
ALAMANCE,A,ACTIVE,ANTONELLIEILEENBOND,EILEENBONDANTONELLI,1515STANDREWSDR,WHITE,NL,,UNA,UNAFFILIATED,68.0,8211996.0,AgeOver66,AA101216
ALAMANCE,A,ACTIVE,ANTONELLIGEORGEANTHONY,GEORGEANTHONYANTONELLI,1515STANDREWSDR,UNDESIGNATED,NL,,UNA,UNAFFILIATED,71.0,8201996.0,AgeOver66,AA101217
ALAMANCE,A,ACTIVE,ANTONIEWICZJANMICHAEL,JANMICHAELANTONIEWICZ,306COACHLIGHTTRL,WHITE,NL,,UNA,UNAFFILIATED,75.0,3291980.0,AgeOver66,AA3258
ALAMANCE,A,ACTIVE,ANTONIEWICZMARYETTA,,306COACHLIGHTTRL,WHITE,NL,,DEM,DEMOCRATIC,69.0,10081979.0,AgeOver66,AA3259
ALAMANCE,R,REMOVED,ANTOSEKSTEPHENMARSHALL,STEPHENMARSHALLANTOSEK,204REDBERRYCT,WHITE,NL,,REP,REPUBLICAN,37.0,3032004.0,Age2640,AA133425
ALAMANCE,A,ACTIVE,ANTOSZYKDAVIDFRANCIS,DAVIDFRANCISANTOSZYK,669MANNINGAVE,UNDESIGNATED,UN,UNDESIGNATED,UNA,UNAFFILIATED,24.0,,,AA159698
ALAMANCE,A,ACTIVE,AOKIAELISHSUZU,AELISHSUZUAOKI,100EHAGGARDAVE,ASIAN,NL,,UNA,UNAFFILIATED,18.0,9212012.0,,AA175530
ALAMANCE,A,ACTIVE,APANITESLEIGHANN,LEIGHANNAPANITES,6404LINDLEYMILLRD,WHITE,NL,,DEM,DEMOCRATIC,34.0,12142007.0,Age2640,AA151522
ALAMANCE,A,ACTIVE,APANITESROBERTLELAND,ROBERTLELANDAPANITES,313WHOLTST,WHITE,NL,,UNA,UNAFFILIATED,37.0,,Age2640,AA145130
ALAMANCE,A,ACTIVE,APARICIOLAZOREINAMERINO,REINAMERINOAPARICIOLAZO,1514SMEBANESTL,OTHER,HL,HISPANICorLATINO,UNA,UNAFFILIATED,31.0,8312012.0,Age2640,AA174480
ALAMANCE,A,ACTIVE,APERIODORISM,DORISMAPERIO,4710THOMRD,WHITE,UN,UNDESIGNATED,REP,REPUBLICAN,80.0,12212006.0,AgeOver66,AA148298
ALAMANCE,A,ACTIVE,APERIOMICHAELHENRY,,4710THOMRD,WHITE,NL,,UNA,UNAFFILIATED,80.0,6152006.0,AgeOver66,AA146765
ALAMANCE,I,INACTIVE,APKEMARYKAYE,,,WHITE,NL,,REP,REPUBLICAN,,9132004.0,Age4165,AA138169
ALAMANCE,I,INACTIVE,APKEROBERTLINDSAY,ROBERTLINDSAYAPKE,,WHITE,NL,,REP,REPUBLICAN,,9092004.0,Age4165,AA137333
ALAMANCE,A,ACTIVE,APLICANOHILDABEATRIZ,HILDABEATRIZAPLICANO,3304FRANCESDR,UNDESIGNATED,HL,HISPANICorLATINO,DEM,DEMOCRATIC,26.0,10052012.0,Age2640,AA176006
ALAMANCE,I,INACTIVE,APOLLOLYDIABULLOCK,,1006ROSSST,BLACKorAFRICANAMERICAN,NL,,UNA,UNAFFILIATED,34.0,10292003.0,Age2640,AA131848
ALAMANCE,I,INACTIVE,APOLLORONALDGABRIEL,RONALDGABRIELAPOLLO,1006ROSSST,OTHER,NL,,UNA,UNAFFILIATED,39.0,2252000.0,Age2640,AA117163
ALAMANCE,A,ACTIVE,APONITEPEDROLUIS,PEDROLUISAPONITE,5040NATURELN,OTHER,HL,HISPANICorLATINO,UNA,UNAFFILIATED,59.0,,Age4165,AA140714
ALAMANCE,I,INACTIVE,APONTEALMAEVELYN,ALMAEVELYNAPONTE,510TRAILONE,UNDESIGNATED,HL,HISPANICorLATINO,DEM,DEMOCRATIC,29.0,3062009.0,Age2640,AA163544
ALAMANCE,A,ACTIVE,APONTECHRISTIANMANUEL,CHRISTIANMANUELAPONTE,125TARLETONAVE,WHITE,NL,,REP,REPUBLICAN,21.0,9202010.0,Age1825,AA166817
ALAMANCE,A,ACTIVE,APPELBAUMKATHERINESARAH,KATHERINESARAHAPPELBAUM,700EHAGGARDAVE102E,WHITE,UN,UNDESIGNATED,DEM,DEMOCRATIC,20.0,3072012.0,Age1825,AA170600
ALAMANCE,A,ACTIVE,APPENZELLERMARGOCATHARINE,,,WHITE,NL,,UNA,UNAFFILIATED,37.0,2082011.0,Age2640,EH393720
ALAMANCE,A,ACTIVE,APPENZELLERMATTHEWFOREST,,,WHITE,NL,,UNA,UNAFFILIATED,37.0,7282010.0,Age2640,AA166419
ALAMANCE,A,ACTIVE,APPERSONRICHARDTAFT,RICHARDTAFTAPPERSON,204FOSTERDR,WHITE,NL,,REP,REPUBLICAN,71.0,6041976.0,AgeOver66,AA3262
ALAMANCE,A,ACTIVE,APPERSONSTEPHANIEMAYE,STEPHANIEMAYEAPPERSON,318WGILBREATHST,WHITE,NL,,DEM,DEMOCRATIC,21.0,9172012.0,Age1825,AA174812
ALAMANCE,A,ACTIVE,APPLEADDISONLYNN,ADDISONLYNNAPPLE,2439MOSSCREEKLOOP,WHITE,NL,,REP,REPUBLICAN,54.0,7191976.0,Age4165,AA3263
ALAMANCE,A,ACTIVE,APPLEADRIENNEMICHELLE,ADRIENNEMICHELLEAPPLE,1801MEADOWVIEWDR,WHITE,NL,,DEM,DEMOCRATIC,36.0,10252008.0,Age2640,AA161776
ALAMANCE,A,ACTIVE,APPLEALLISONLOUISE,ALLISONLOUISEAPPLE,1639GIBSONVILLEOSSIPEERD,WHITE,NL,,REP,REPUBLICAN,19.0,9242012.0,,AA175137
ALAMANCE,A,ACTIVE,APPLEALTONMORRIS,ALTONMORRISAPPLE,616WARDST,WHITE,NL,,DEM,DEMOCRATIC,80.0,,AgeOver66,AA3264
ALAMANCE,A,ACTIVE,APPLEANDREWLANE,ANDREWLANEAPPLE,8623NICHOLSONFARMLN,WHITE,UN,UNDESIGNATED,UNA,UNAFFILIATED,23.0,,,AA159537
ALAMANCE,A,ACTIVE,APPLEANGELIASALVATO,ANGELIASALVATOAPPLE,884SUNSETDR,WHITE,NL,,UNA,UNAFFILIATED,44.0,6281994.0,Age4165,AA90441
ALAMANCE,A,ACTIVE,APPLEANITAMEABON,ANITAMEABONAPPLE,722SLEXINGTONAVE1,WHITE,NL,,UNA,UNAFFILIATED,65.0,8202004.0,Age4165,AA135286
ALAMANCE,A,ACTIVE,APPLEASHLEYJOHNSON,ASHLEYJOHNSONAPPLE,5272EGREENSBOROCHAPELHILLRD,WHITE,NL,NOTHISPANICorNOTLATINO,REP,REPUBLICAN,31.0,1302006.0,Age2640,AA145736
ALAMANCE,A,ACTIVE,APPLEBARBARAMEEKS,BARBARAMEEKSAPPLE,,WHITE,NL,NOTHISPANICorNOTLATINO,REP,REPUBLICAN,77.0,3261973.0,AgeOver66,AA3267
ALAMANCE,A,ACTIVE,APPLEBARRYWILLIAM,BARRYWILLIAMAPPLE,3449MAPLEAVE,WHITE,NL,NOTHISPANICorNOTLATINO,DEM,DEMOCRATIC,53.0,6292009.0,Age4165,AA164297
ALAMANCE,A,ACTIVE,APPLEBENJAMINDELMAR,BENJAMINDELMARAPPLE,2005NORTHCRESTDR,WHITE,NL,NOTHISPANICorNOTLATINO,UNA,UNAFFILIATED,25.0,,,AA177215
ALAMANCE,A,ACTIVE,APPLEBENJAMINFORREST,BENJAMINFORRESTAPPLE,8623NICHOLSONFARMLN,WHITE,NL,NOTHISPANICorNOTLATINO,REP,REPUBLICAN,30.0,5212012.0,Age2640,AA172145
ALAMANCE,A,ACTIVE,APPLEBERNARDWALL,BERNARDWALLAPPLE,5944MTZIONRD,WHITE,NL,NOTHISPANICorNOTLATINO,DEM,DEMOCRATIC,56.0,3191992.0,Age4165,AA80344
ALAMANCE,A,ACTIVE,APPLEBETTYK,BETTYKAPPLE,3156LOWERD,WHITE,NL,NOTHISPANICorNOTLATINO,DEM,DEMOCRATIC,77.0,,AgeOver66,AA3268
ALAMANCE,A,ACTIVE,APPLEBOBBYJOE,BOBBYJOEAPPLE,1520EMAINST,WHITE,NL,NOTHISPANICorNOTLATINO,DEM,DEMOCRATIC,60.0,,Age4165,AA3269
ALAMANCE,A,ACTIVE,APPLEBRENDASYKES,BRENDASYKESAPPLE,6614PAGETOWNRD,WHITE,NL,NOTHISPANICorNOTLATINO,UNA,UNAFFILIATED,61.0,5261982.0,Age4165,AA3270
ALAMANCE,A,ACTIVE,APPLEBRENDASIMMONS,BRENDASIMMONSAPPLE,6748DAVIDMOORERD,WHITE,UN,UNDESIGNATED,UNA,UNAFFILIATED,55.0,9292004.0,Age4165,AA139207
ALAMANCE,A,ACTIVE,APPLEBRIANKEITH,BRIANKEITHAPPLE,2139STONEYCREEKCHURCHRD,WHITE,NL,NOTHISPANICorNOTLATINO,UNA,UNAFFILIATED,32.0,7032000.0,Age2640,AA118736
ALAMANCE,A,ACTIVE,APPLECAREYHURSEY,CAREYHURSEYAPPLE,2443BARBERRD,WHITE,NL,NOTHISPANICorNOTLATINO,DEM,DEMOCRATIC,,3301984.0,Age4165,
ALAMANCE,A,ACTIVE,APPLECAROLALLRED,CAROLALLREDAPPLE,2615CATHERINEDR,WHITE,NL,NOTHISPANICorNOTLATINO,REP,REPUBLICAN,75.0,4081980.0,AgeOver66,AA3271
ALAMANCE,A,ACTIVE,APPLECAROLMATKINS,CAROLMATKINSAPPLE,1639GIBSONVILLEOSSIPEERD,WHITE,NL,NOTHISPANICorNOTLATINO,REP,REPUBLICAN,53.0,,Age4165,AA67966
ALAMANCE,A,ACTIVE,APPLECHRISEUGENE,CHRISEUGENEAPPLE,2133MARTINST,WHITE,NL,NOTHISPANICorNOTLATINO,REP,REPUBLICAN,38.0,12131991.0,Age2640,AA79348
ALAMANCE,A,ACTIVE,APPLECHRISTINATWATER,CHRISTINATWATERAPPLE,,WHITE,UN,UNDESIGNATED,DEM,DEMOCRATIC,26.0,6272011.0,Age2640,AA168795
ALAMANCE,A,ACTIVE,APPLECHRISTINAGRIFFIN,CHRISTINAGRIFFINAPPLE,6550PAGETOWNRD,WHITE,UN,UNDESIGNATED,REP,REPUBLICAN,39.0,8211995.0,Age2640,AA95359
ALAMANCE,A,ACTIVE,APPLECLENNONLEE,CLENNONLEEAPPLE,2059EDGEWOODAVE,WHITE,NL,NOTHISPANICorNOTLATINO,REP,REPUBLICAN,63.0,,Age4165,AA67529
ALAMANCE,A,ACTIVE,APPLECLINTONHOLT,CLINTONHOLTAPPLE,1520EMAINST,WHITE,NL,NOTHISPANICorNOTLATINO,UNA,UNAFFILIATED,34.0,3021996.0,Age2640,AA97912
ALAMANCE,A,ACTIVE,APPLECRAIGLEE,CRAIGLEEAPPLE,6550PAGETOWNRD,WHITE,NL,NOTHISPANICorNOTLATINO,REP,REPUBLICAN,36.0,10011996.0,Age2640,AA102601
ALAMANCE,A,ACTIVE,APPLEDEANNANICOLE,DEANNANICOLEAPPLE,8623NICHOLSONFARMLN,WHITE,NL,NOTHISPANICorNOTLATINO,REP,REPUBLICAN,20.0,7282010.0,,AA166418
ALAMANCE,A,ACTIVE,APPLEDOLORESHENDERSON,DOLORESHENDERSONAPPLE,1718DARRELLDR,WHITE,NL,NOTHISPANICorNOTLATINO,REP,REPUBLICAN,59.0,9182004.0,Age4165,AA137823
ALAMANCE,A,ACTIVE,APPLEDONNABERRY,DONNABERRYAPPLE,2949LOWERD,WHITE,NL,NOTHISPANICorNOTLATINO,REP,REPUBLICAN,37.0,9211993.0,Age2640,AA88224
ALAMANCE,A,ACTIVE,APPLEDONNIELEE,DONNIELEEAPPLE,3863PHILLIPSCHAPELRD,WHITE,UN,UNDESIGNATED,REP,REPUBLICAN,56.0,,Age4165,AA128467
ALAMANCE,A,ACTIVE,APPLEDOROTHYSTEELE,DOROTHYSTEELEAPPLE,305WASHINGTONST,WHITE,NL,NOTHISPANICorNOTLATINO,DEM,DEMOCRATIC,86.0,10291960.0,AgeOver66,AA3276
ALAMANCE,A,ACTIVE,APPLEDOROTHYPOLLOCK,DOROTHYPOLLOCKAPPLE,2328BUCKINGHAMRD,WHITE,NL,NOTHISPANICorNOTLATINO,DEM,DEMOCRATIC,60.0,4051980.0,Age4165,AA3278
ALAMANCE,A,ACTIVE,APPLEDYLANCARL,DYLANCARLAPPLE,2481BARBERRD,WHITE,NL,NOTHISPANICorNOTLATINO,REP,REPUBLICAN,20.0,10052012.0,,AA176815
ALAMANCE,R,REMOVED,APPLEEDRUFUS,EDRUFUSAPPLE,510HILLCRESTAVE,WHITE,NL,NOTHISPANICorNOTLATINO,DEM,DEMOCRATIC,82.0,5031952.0,AgeOver66,AA3279
ALAMANCE,R,REMOVED,APPLEEDWARDGORRELL,EDWARDGORRELLAPPLE,410TARLETONAVE,WHITE,NL,NOTHISPANICorNOTLATINO,DEM,DEMOCRATIC,94.0,10081984.0,AgeOver66,AA57725
ALAMANCE,A,ACTIVE,APPLEEDWARDGORRELLJR,EDWARDGORRELLAPPLEJR,410TARLETONAVE,WHITE,NL,NOTHISPANICorNOTLATINO,REP,REPUBLICAN,66.0,2082010.0,AgeOver66,DB67856
ALAMANCE,A,ACTIVE,APPLEELIZABETHSHAW,ELIZABETHSHAWAPPLE,1710GREENTREERD,WHITE,NL,NOTHISPANICorNOTLATINO,DEM,DEMOCRATIC,82.0,10251952.0,AgeOver66,AA3280
ALAMANCE,A,ACTIVE,APPLEELLAHOLT,ELLAHOLTAPPLE,1603AQUINASCT,WHITE,UN,UNDESIGNATED,DEM,DEMOCRATIC,87.0,8162002.0,AgeOver66,AA127407
ALAMANCE,A,ACTIVE,APPLEEMILYDANIELLE,EMILYDANIELLEAPPLE,1278WILLIEPACERD,WHITE,NL,NOTHISPANICorNOTLATINO,DEM,DEMOCRATIC,22.0,12272007.0,,AA151585
ALAMANCE,I,INACTIVE,APPLEEVAJEANETTESAU,EVAJEANETTESAUAPPLE,1701USHWY70,WHITE,NL,NOTHISPANICorNOTLATINO,REP,REPUBLICAN,80.0,10251952.0,AgeOver66,AA3284
ALAMANCE,A,ACTIVE,APPLEEVANSDEAN,EVANSDEANAPPLE,2257BURCHBRIDGERD,WHITE,NL,NOTHISPANICorNOTLATINO,UNA,UNAFFILIATED,24.0,6202006.0,,AA146810
ALAMANCE,A,ACTIVE,APPLEEVELYNSHEPHERD,EVELYNSHEPHERDAPPLE,100WADECOBLEDR,WHITE,NL,NOTHISPANICorNOTLATINO,DEM,DEMOCRATIC,94.0,5071960.0,AgeOver66,AA3285
ALAMANCE,A,ACTIVE,APPLEFREDRETTAMONITE,FREDRETTAMONITEAPPLE,1004JEFFRIESST,BLACKorAFRICANAMERICAN,UN,UNDESIGNATED,DEM,DEMOCRATIC,44.0,9222008.0,Age4165,AT19879
ALAMANCE,A,ACTIVE,APPLEGEORGEALLEN,GEORGEALLENAPPLE,1721SPRINGHILLDR,WHITE,NL,NOTHISPANICorNOTLATINO,UNA,UNAFFILIATED,77.0,,AgeOver66,AA3289
ALAMANCE,A,ACTIVE,APPLEHASSILLWADE,HASSILLWADEAPPLE,1278WILLIEPACERD,WHITE,NL,NOTHISPANICorNOTLATINO,DEM,DEMOCRATIC,60.0,3051992.0,Age4165,AA80059
ALAMANCE,A,ACTIVE,APPLEHAZELBARKER,HAZELBARKERAPPLE,6534PAGETOWNRD,WHITE,NL,NOTHISPANICorNOTLATINO,UNA,UNAFFILIATED,81.0,,AgeOver66,AA3291
ALAMANCE,A,ACTIVE,APPLEHEATHERMARIE,HEATHERMARIEAPPLE,1502THAMESCT,WHITE,NL,NOTHISPANICorNOTLATINO,UNA,UNAFFILIATED,30.0,3282000.0,Age2640,AA117583
ALAMANCE,A,ACTIVE,APPLEHELENLASHLEY,HELENLASHLEYAPPLE,2706COBBSIDEDR,WHITE,NL,NOTHISPANICorNOTLATINO,DEM,DEMOCRATIC,91.0,4201968.0,AgeOver66,AA3292
ALAMANCE,A,ACTIVE,APPLEJAMESALFRED,JAMESALFREDAPPLE,5102FRIENDSHIPPATTERSONMILLRD,WHITE,NL,NOTHISPANICorNOTLATINO,DEM,DEMOCRATIC,59.0,10081984.0,Age4165,AA57726
ALAMANCE,A,ACTIVE,APPLEJANETINGRAM,JANETINGRAMAPPLE,314WATSONDR,WHITE,NL,NOTHISPANICorNOTLATINO,REP,REPUBLICAN,70.0,9081976.0,AgeOver66,AA3294
ALAMANCE,A,ACTIVE,APPLEJASONFRANKLIN,JASONFRANKLINAPPLE,300LACIENICHOLEDR,WHITE,NL,NOTHISPANICorNOTLATINO,DEM,DEMOCRATIC,31.0,9292003.0,Age2640,AA131649
ALAMANCE,A,ACTIVE,APPLEJAYLAWRENCE,JAYLAWRENCEAPPLE,1603AQUINASCT,WHITE,UN,UNDESIGNATED,DEM,DEMOCRATIC,86.0,8162002.0,AgeOver66,AA127382
ALAMANCE,A,ACTIVE,APPLEJEFFERYTODD,JEFFERYTODDAPPLE,2949LOWERD,WHITE,NL,NOTHISPANICorNOTLATINO,REP,REPUBLICAN,34.0,,Age2640,AA103036
ALAMANCE,A,ACTIVE,APPLEJEFFREYCLAYTON,JEFFREYCLAYTONAPPLE,1246WWEBBAVE,UNDESIGNATED,UN,UNDESIGNATED,UNA,UNAFFILIATED,22.0,11042008.0,,AA162475
ALAMANCE,A,ACTIVE,APPLEJERALDJACKSON,JERALDJACKSONAPPLE,918FIXST,WHITE,NL,NOTHISPANICorNOTLATINO,REP,REPUBLICAN,73.0,6161995.0,AgeOver66,AA94483
ALAMANCE,I,INACTIVE,APPLEJERRYLEE,JERRYLEEAPPLE,3314OSCEOLARD,WHITE,NL,NOTHISPANICorNOTLATINO,REP,REPUBLICAN,73.0,5021964.0,AgeOver66,AA3295
ALAMANCE,A,ACTIVE,APPLEJERRYRAY,JERRYRAYAPPLE,6614PAGETOWNRD,WHITE,NL,NOTHISPANICorNOTLATINO,REP,REPUBLICAN,60.0,,Age4165,AA3296
ALAMANCE,A,ACTIVE,APPLEJERRYLYNN,JERRYLYNNAPPLE,8623NICHOLSONFARMLN,WHITE,UN,UNDESIGNATED,REP,REPUBLICAN,53.0,10022012.0,Age4165,AA176008
ALAMANCE,I,INACTIVE,APPLEJOSEPHWAYNE,JOSEPHWAYNEAPPLE,2460MILLBROOKDR,WHITE,NL,NOTHISPANICorNOTLATINO,REP,REPUBLICAN,,10051992.0,Age4165,AA83461
ALAMANCE,A,ACTIVE,APPLEJUDITHFRANKLIN,JUDITHFRANKLINAPPLE,5102FRIENDSHIPPATTERSONMILLRD,WHITE,NL,NOTHISPANICorNOTLATINO,DEM,DEMOCRATIC,57.0,9271984.0,Age4165,
ALAMANCE,A,ACTIVE,APPLEJUDYHAITHCOCK,JUDYHAITHCOCKAPPLE,3108HOLLYWOODDR,WHITE,NL,NOTHISPANICorNOTLATINO,DEM,DEMOCRATIC,63.0,5291982.0,Age4165,AA3298
ALAMANCE,A,ACTIVE,APPLEJUSTINRAY,JUSTINRAYAPPLE,503BOONERD,WHITE,UN,UNDESIGNATED,UNA,UNAFFILIATED,27.0,10042004.0,Age2640,AA139493
ALAMANCE,A,ACTIVE,APPLEKATHLEENPHILLIPS,KATHLEENPHILLIPSAPPLE,410TARLETONAVE,WHITE,NL,NOTHISPANICorNOTLATINO,DEM,DEMOCRATIC,95.0,7261976.0,AgeOver66,AA3300
ALAMANCE,A,ACTIVE,APPLEKATHYWAYNETTE,KATHYWAYNETTEAPPLE,2075BASINCREEKRD,WHITE,NL,NOTHISPANICorNOTLATINO,UNA,UNAFFILIATED,38.0,10051992.0,Age2640,AA85042
ALAMANCE,A,ACTIVE,APPLEKIMDALE,KIMDALEAPPLE,6748DAVIDMOORERD,WHITE,NL,NOTHISPANICorNOTLATINO,REP,REPUBLICAN,52.0,8301979.0,Age4165,AA3301
ALAMANCE,A,ACTIVE,APPLEKITTYLOWE,KITTYLOWEAPPLE,2920LOWERD,WHITE,NL,NOTHISPANICorNOTLATINO,REP,REPUBLICAN,84.0,8251956.0,AgeOver66,AA3302
ALAMANCE,I,INACTIVE,APPLEKRISTINLYNN,KRISTINLYNNAPPLE,,WHITE,UN,UNDESIGNATED,UNA,UNAFFILIATED,22.0,2272008.0,,AA152519
ALAMANCE,A,ACTIVE,APPLELARRYCHRISTOPHER,LARRYCHRISTOPHERAPPLE,135JIMMYOVERMANLN,WHITE,NL,NOTHISPANICorNOTLATINO,REP,REPUBLICAN,38.0,11122008.0,Age2640,AA162470
ALAMANCE,A,ACTIVE,APPLELARRYGENE,LARRYGENEAPPLE,2117NCHWY54,WHITE,NL,NOTHISPANICorNOTLATINO,REP,REPUBLICAN,61.0,8071980.0,Age4165,AA3304
ALAMANCE,A,ACTIVE,APPLELARRYDAVIS,LARRYDAVISAPPLE,314WATSONDR,WHITE,NL,NOTHISPANICorNOTLATINO,DEM,DEMOCRATIC,71.0,10051990.0,AgeOver66,AA74521
ALAMANCE,A,ACTIVE,APPLELARRYDAVIDIII,LARRYDAVIDAPPLEIII,2481BARBERRD,WHITE,NL,NOTHISPANICorNOTLATINO,REP,REPUBLICAN,23.0,7252012.0,,AA172200
ALAMANCE,A,ACTIVE,APPLELAVICAWRIGHT,LAVICAWRIGHTAPPLE,616WARDST,WHITE,NL,NOTHISPANICorNOTLATINO,REP,REPUBLICAN,80.0,1011900.0,AgeOver66,AA3305
ALAMANCE,A,ACTIVE,APPLELEONARDWILLIAM,LEONARDWILLIAMAPPLE,2615CATHERINEDR,WHITE,NL,NOTHISPANICorNOTLATINO,REP,REPUBLICAN,75.0,4021980.0,AgeOver66,AA3306
ALAMANCE,A,ACTIVE,APPLELINDAMADREN,LINDAMADRENAPPLE,2075BASINCREEKRD,WHITE,NL,NOTHISPANICorNOTLATINO,UNA,UNAFFILIATED,68.0,10291966.0,AgeOver66,AA3307
ALAMANCE,A,ACTIVE,APPLELISADAMERON,,2334FRESHWATERRD,WHITE,NL,NOTHISPANICorNOTLATINO,REP,REPUBLICAN,41.0,10021990.0,Age4165,AA74288
ALAMANCE,I,INACTIVE,APPLELISAJONES,,2460MILLBROOKDR,WHITE,NL,NOTHISPANICorNOTLATINO,REP,REPUBLICAN,,12121994.0,Age4165,AA91938
ALAMANCE,A,ACTIVE,APPLELOGANMARIE,,884SUNSETDR,WHITE,NL,NOTHISPANICorNOTLATINO,UNA,UNAFFILIATED,19.0,7242012.0,,AA172964
ALAMANCE,A,ACTIVE,APPLELORRAINEM,,3844HERITAGEDR304,WHITE,UN,UNDESIGNATED,DEM,DEMOCRATIC,88.0,11022010.0,AgeOver66,AA65627
ALAMANCE,R,REMOVED,APPLEMARGARETEGGLESTON,,501VETERANDR,WHITE,NL,NOTHISPANICorNOTLATINO,REP,REPUBLICAN,43.0,8221995.0,Age4165,AA95293
ALAMANCE,A,ACTIVE,APPLEMARILYNNMAYNARD,,8623NICHOLSONFARMLN,WHITE,NL,NOTHISPANICorNOTLATINO,REP,REPUBLICAN,55.0,4071989.0,Age4165,AA68997
ALAMANCE,A,ACTIVE,APPLEMARVINFRANKLIN,,2328BUCKINGHAMRD,WHITE,NL,NOTHISPANICorNOTLATINO,DEM,DEMOCRATIC,64.0,4051980.0,Age4165,AA3309
ALAMANCE,A,ACTIVE,APPLEMICHAELSHANE,,5272EGREENSBOROCHAPELHILLRD,WHITE,NL,NOTHISPANICorNOTLATINO,DEM,DEMOCRATIC,35.0,12142011.0,Age2640,AA169897
ALAMANCE,I,INACTIVE,APPLEMYRONWALTER,MYRONWALTERAPPLE,839MARTINAVE,WHITE,NL,NOTHISPANICorNOTLATINO,DEM,DEMOCRATIC,53.0,5221995.0,Age4165,AA94099
ALAMANCE,I,INACTIVE,APPLENANCYCAROL,NANCYCAROLAPPLE,809SDALECT,WHITE,NL,NOTHISPANICorNOTLATINO,REP,REPUBLICAN,43.0,12091994.0,Age4165,AA91940
ALAMANCE,A,ACTIVE,APPLEPAMELASOLOMON,PAMELASOLOMONAPPLE,2439MOSSCREEKLOOP,WHITE,NL,NOTHISPANICorNOTLATINO,REP,REPUBLICAN,,6251990.0,Age4165,AA72249
ALAMANCE,A,ACTIVE,APPLEPATRICIACURTIS,PATRICIACURTISAPPLE,1278WILLIEPACERD,WHITE,NL,NOTHISPANICorNOTLATINO,DEM,DEMOCRATIC,57.0,3051990.0,Age4165,AA70746
ALAMANCE,A,ACTIVE,APPLEPATRICIAMARSH,PATRICIAMARSHAPPLE,628ROCKWOODDR,WHITE,NL,NOTHISPANICorNOTLATINO,REP,REPUBLICAN,78.0,8181956.0,AgeOver66,AA3312
ALAMANCE,A,ACTIVE,APPLEPATRICIAANN,PATRICIAANNAPPLE,3863PHILLIPSCHAPELRD,WHITE,NL,NOTHISPANICorNOTLATINO,DEM,DEMOCRATIC,55.0,10242008.0,Age4165,AA161685
ALAMANCE,R,REMOVED,APPLEPATRICIAY,PATRICIAYAPPLE,3314OSCEOLARD,WHITE,NL,NOTHISPANICorNOTLATINO,REP,REPUBLICAN,71.0,,AgeOver66,AA3313
ALAMANCE,R,REMOVED,APPLERAYADDISON,RAYADDISONAPPLE,1701USHWY70,WHITE,NL,NOTHISPANICorNOTLATINO,REP,REPUBLICAN,82.0,10251952.0,AgeOver66,AA3314
ALAMANCE,A,ACTIVE,APPLEREBECCASMITHEY,REBECCASMITHEYAPPLE,2005NORTHCRESTDR,WHITE,NL,NOTHISPANICorNOTLATINO,UNA,UNAFFILIATED,56.0,4272006.0,Age4165,AA146380
ALAMANCE,A,ACTIVE,APPLEREITALANE,REITALANEAPPLE,5944MTZIONRD,WHITE,NL,NOTHISPANICorNOTLATINO,DEM,DEMOCRATIC,63.0,2252003.0,Age4165,AA129601
ALAMANCE,R,REMOVED,APPLERHONDADENISE,RHONDADENISEAPPLE,1721SPRINGHILLDR,WHITE,NL,NOTHISPANICorNOTLATINO,REP,REPUBLICAN,55.0,1281998.0,Age4165,AA109825
ALAMANCE,A,ACTIVE,APPLERICHARDLEE,RICHARDLEEAPPLE,,WHITE,NL,NOTHISPANICorNOTLATINO,DEM,DEMOCRATIC,76.0,10241964.0,AgeOver66,AA3315
ALAMANCE,A,ACTIVE,APPLERICKYLEE,RICKYLEEAPPLE,884SUNSETDR,WHITE,NL,NOTHISPANICorNOTLATINO,REP,REPUBLICAN,,11071983.0,Age4165,AA3316
ALAMANCE,A,ACTIVE,APPLEROBERTWAGONER,ROBERTWAGONERAPPLE,,WHITE,NL,NOTHISPANICorNOTLATINO,REP,REPUBLICAN,56.0,10061980.0,Age4165,AA3317
ALAMANCE,A,ACTIVE,APPLERONALDWAYNE,RONALDWAYNEAPPLE,1639GIBSONVILLEOSSIPEERD,WHITE,NL,NOTHISPANICorNOTLATINO,REP,REPUBLICAN,54.0,,Age4165,AA67530
ALAMANCE,A,ACTIVE,APPLERONALDLEEJR,RONALDLEEAPPLEJR,4462TANGLERIDGETRL,WHITE,UN,UNDESIGNATED,REP,REPUBLICAN,41.0,11031992.0,Age4165,AA85729
ALAMANCE,A,ACTIVE,APPLERONNIELEE,RONNIELEEAPPLE,2923LOWERD,WHITE,NL,NOTHISPANICorNOTLATINO,DEM,DEMOCRATIC,63.0,9251976.0,Age4165,AA3318
ALAMANCE,A,ACTIVE,APPLEROYDWIGHTJR,ROYDWIGHTAPPLEJR,621FAIRFAXDRJ,WHITE,UN,UNDESIGNATED,DEM,DEMOCRATIC,68.0,4151968.0,AgeOver66,AA3319
ALAMANCE,A,ACTIVE,APPLESANDRAKEY,SANDRAKEYAPPLE,2923LOWERD,WHITE,NL,NOTHISPANICorNOTLATINO,DEM,DEMOCRATIC,63.0,9251976.0,Age4165,AA3320
ALAMANCE,A,ACTIVE,APPLESHIRLEYG,SHIRLEYGAPPLE,1721SPRINGHILLDR,WHITE,NL,NOTHISPANICorNOTLATINO,UNA,UNAFFILIATED,76.0,10261968.0,AgeOver66,AA3322
ALAMANCE,A,ACTIVE,APPLESTEVENTODD,STEVENTODDAPPLE,,WHITE,NL,NOTHISPANICorNOTLATINO,REP,REPUBLICAN,,5162012.0,Age4165,DE256003
ALAMANCE,A,ACTIVE,APPLESUSANMEZ,SUSANMEZAPPLE,1619WYCLIFFCT,WHITE,NL,NOTHISPANICorNOTLATINO,UNA,UNAFFILIATED,66.0,1252002.0,AgeOver66,AA125459
ALAMANCE,A,ACTIVE,APPLESYLVIABRIDGES,SYLVIABRIDGESAPPLE,2059EDGEWOODAVE,WHITE,NL,NOTHISPANICorNOTLATINO,REP,REPUBLICAN,64.0,7151976.0,Age4165,AA3325
ALAMANCE,A,ACTIVE,APPLETABATHACRAVEN,TABATHACRAVENAPPLE,4462TANGLERIDGETRL,WHITE,UN,UNDESIGNATED,REP,REPUBLICAN,36.0,11201995.0,Age2640,AA96177
ALAMANCE,A,ACTIVE,APPLETERRYSAUL,TERRYSAULAPPLE,1520EMAINST,WHITE,NL,NOTHISPANICorNOTLATINO,DEM,DEMOCRATIC,57.0,7191976.0,Age4165,AA3327
ALAMANCE,A,ACTIVE,APPLETERRYJAMES,TERRYJAMESAPPLE,5102FRIENDSHIPPATTERSONMILLRD,WHITE,NL,NOTHISPANICorNOTLATINO,UNA,UNAFFILIATED,37.0,2062003.0,Age2640,AA129450
ALAMANCE,A,ACTIVE,APPLETIFFANYDIONNE,TIFFANYDIONNEAPPLE,300LACIENICHOLEDR,WHITE,NL,NOTHISPANICorNOTLATINO,REP,REPUBLICAN,30.0,3302000.0,Age2640,AA117649
ALAMANCE,A,ACTIVE,APPLETIMOTHYLEE,TIMOTHYLEEAPPLE,2334FRESHWATERRD,WHITE,NL,NOTHISPANICorNOTLATINO,REP,REPUBLICAN,43.0,10071989.0,Age4165,AA70174
ALAMANCE,A,ACTIVE,APPLETORYFRANKLIN,TORYFRANKLINAPPLE,135JIMMYOVERMANLN,WHITE,UN,UNDESIGNATED,REP,REPUBLICAN,35.0,1081997.0,Age2640,AA104600
ALAMANCE,A,ACTIVE,APPLETYRONROBERTSON,TYRONROBERTSONAPPLE,1502THAMESCT,WHITE,NL,NOTHISPANICorNOTLATINO,REP,REPUBLICAN,61.0,1171972.0,Age4165,AA35706
ALAMANCE,R,REMOVED,APPLETYVOLATICKLE,TYVOLATICKLEAPPLE,2230CAROLINARD,WHITE,NL,NOTHISPANICorNOTLATINO,DEM,DEMOCRATIC,89.0,5131996.0,AgeOver66,AA99236
ALAMANCE,A,ACTIVE,APPLEVALERIEKAY,VALERIEKAYAPPLE,6748DAVIDMOORERD,WHITE,NL,NOTHISPANICorNOTLATINO,UNA,UNAFFILIATED,23.0,4092008.0,,AA154037
ALAMANCE,A,ACTIVE,APPLEVICKIEHARDIE,VICKIEHARDIEAPPLE,2117NCHWY54,WHITE,UN,UNDESIGNATED,REP,REPUBLICAN,61.0,4031978.0,Age4165,AA3329
ALAMANCE,A,ACTIVE,APPLEWALTERTERRELL,WALTERTERRELLAPPLE,1502THAMESCT,WHITE,NL,NOTHISPANICorNOTLATINO,REP,REPUBLICAN,66.0,10041976.0,AgeOver66,AA3330
ALAMANCE,A,ACTIVE,APPLEWAYNESTANLEY,WAYNESTANLEYAPPLE,2075BASINCREEKRD,WHITE,NL,NOTHISPANICorNOTLATINO,UNA,UNAFFILIATED,69.0,10241964.0,AgeOver66,AA3332
ALAMANCE,A,ACTIVE,APPLEWESLEYCLENNON,WESLEYCLENNONAPPLE,2059EDGEWOODAVE,WHITE,UN,UNDESIGNATED,UNA,UNAFFILIATED,34.0,8132012.0,Age2640,AA174170
ALAMANCE,R,REMOVED,APPLEWILLIAMFRANK,WILLIAMFRANKAPPLE,1710GREENTREERD,WHITE,NL,NOTHISPANICorNOTLATINO,DEM,DEMOCRATIC,87.0,10251952.0,AgeOver66,AA3335
ALAMANCE,A,ACTIVE,APPLEWILLIAMELMORE,WILLIAMELMOREAPPLE,3429MAPLEAVE,WHITE,NL,NOTHISPANICorNOTLATINO,REP,REPUBLICAN,75.0,6171996.0,AgeOver66,AA99979
ALAMANCE,R,REMOVED,APPLELITTLENANCYANN,NANCYANNAPPLELITTLE,614OVERMANDR,WHITE,UN,UNDESIGNATED,DEM,DEMOCRATIC,66.0,11102003.0,AgeOver66,AA131828
ALAMANCE,A,ACTIVE,APPLEBYELIZABETHS,ELIZABETHSAPPLEBY,900EHAGGARDAVE2A,WHITE,UN,UNDESIGNATED,DEM,DEMOCRATIC,21.0,4132012.0,,AA171447
ALAMANCE,A,ACTIVE,APSLEYMICHELLERENEE,,,WHITE,NL,NOTHISPANICorNOTLATINO,UNA,UNAFFILIATED,32.0,1282010.0,Age2640,AA165341
ALAMANCE,D,DENIED,AQUILORJOSEMAGALLANES,JOSEMAGALLANESAQUILOR,1728LOWERHOPEDALERD,UNDESIGNATED,HL,HISPANICorLATINO,DEM,DEMOCRATIC,29.0,7252012.0,Age2640,AA173607
ALAMANCE,A,ACTIVE,AQUINOABIGAILREBEKAH,ABIGAILREBEKAHAQUINO,7114BETHELSOUTHFORKRD,WHITE,NL,NOTHISPANICorNOTLATINO,REP,REPUBLICAN,18.0,10292012.0,Age1825,AA178461
ALAMANCE,D,DENIED,AQUINOABIGAILREBEKAH,ABIGAILREBEKAHAQUINO,7114BETHELSOUTHFORKRD,WHITE,NL,NOTHISPANICorNOTLATINO,REP,REPUBLICAN,18.0,5212012.0,Age1825,AA172148
ALAMANCE,D,DENIED,AQUINOJAVIER,JAVIERAQUINO,7114BETHELSOUTHFORKRD,UNDESIGNATED,UN,UNDESIGNATED,UNA,UNAFFILIATED,19.0,5142012.0,,AA172454
ALAMANCE,A,ACTIVE,AQUINOJOSELUIS,JOSELUISAQUINO,1269VINCENTDR,OTHER,HL,HISPANICorLATINO,DEM,,20.0,6232010.0,,AA165812
ALAMANCE,A,ACTIVE,AQUINONILSA,NILSAAQUINO,2139EGREENSBOROCHAPELHILLRD,OTHER,UN,UNDESIGNATED,UNA,UNAFFILIATED,33.0,3052008.0,Age2640,AA152701
ALAMANCE,A,ACTIVE,AQUINOPAMELAJEAN,PAMELAJEANAQUINO,1812LAURIEDR,WHITE,NL,NOTHISPANICorNOTLATINO,REP,REPUBLICAN,37.0,,Age2640,AA91849
ALAMANCE,A,ACTIVE,AQUINOREINALDO,REINALDOAQUINO,1811FAIRVIEWST,OTHER,HL,HISPANICorLATINO,DEM,,51.0,10012004.0,Age4165,AA158087
ALAMANCE,A,ACTIVE,ARAMBURUDAVIDMAXIMO,DAVIDMAXIMOARAMBURU,2031WALKERAVE,OTHER,HL,HISPANICorLATINO,UNA,UNAFFILIATED,,2072008.0,Age4165,AA152211
ALAMANCE,A,ACTIVE,ARAMBURUELINA,ELINAARAMBURU,2031WALKERAVE,UNDESIGNATED,UN,UNDESIGNATED,DEM,,41.0,10302007.0,Age4165,AA151005
ALAMANCE,A,ACTIVE,ARAMBURUMAURICIO,,2204STERLINGCT,UNDESIGNATED,HL,HISPANICorLATINO,DEM,,58.0,2262008.0,Age4165,AA152524
ALAMANCE,A,ACTIVE,ARANDAMIRTHAELAINE,MIRTHAELAINEARANDA,2343ANGIERTRL,UNDESIGNATED,UN,UNDESIGNATED,UNA,UNAFFILIATED,20.0,10032012.0,,AA175687
ALAMANCE,A,ACTIVE,ARANDAROSARIO,ROSARIOARANDA,2343ANGIERTRL,UNDESIGNATED,UN,UNDESIGNATED,UNA,UNAFFILIATED,43.0,9212012.0,Age4165,AA175138
ALAMANCE,A,ACTIVE,ARANDASAVANNAHHARVELL,SAVANNAHHARVELLARANDA,2343ANGIERTRL,WHITE,NL,NOTHISPANICorNOTLATINO,UNA,UNAFFILIATED,41.0,10292008.0,Age4165,AA161955
ALAMANCE,A,ACTIVE,ARAYASUSANHINESCACERES,SUSANHINESCACERESARAYA,247COACHLIGHTTRL,WHITE,NL,NOTHISPANICorNOTLATINO,DEM,,28.0,8022004.0,Age2640,AA135392
ALAMANCE,A,ACTIVE,ARBAUGHCHADRICHARD,CHADRICHARDARBAUGH,21JENNIFERDR,WHITE,NL,NOTHISPANICorNOTLATINO,UNA,UNAFFILIATED,23.0,9122008.0,,AA157224
ALAMANCE,I,INACTIVE,ARBAUGHJILLMARIE,JILLMARIEARBAUGH,,WHITE,NL,NOTHISPANICorNOTLATINO,DEM,,33.0,10082004.0,Age2640,AA140204
ALAMANCE,I,INACTIVE,ARBAUGHNICOLECLAIRE,NICOLECLAIREARBAUGH,1012TOWNBRANCHRD1B,WHITE,NL,NOTHISPANICorNOTLATINO,UNA,UNAFFILIATED,24.0,11272006.0,,AA148049
ALAMANCE,I,INACTIVE,ARBAUGHRICHARDCLAIR,RICHARDCLAIRARBAUGH,823TROLLINGWOODHAWFIELDSRD7,WHITE,UN,UNDESIGNATED,REP,REPUBLICAN,52.0,11042008.0,Age4165,AA162917
ALAMANCE,I,INACTIVE,ARBAUGHTAMMYSUE,TAMMYSUEARBAUGH,823TROLLINGWOODHAWFIELDSRD7,WHITE,NL,NOTHISPANICorNOTLATINO,DEM,,,5212001.0,Age4165,AA123393
ALAMANCE,R,REMOVED,ARBLEDOUGLASWILLIAM,DOUGLASWILLIAMARBLE,217GUTHRIEST,WHITE,NL,NOTHISPANICorNOTLATINO,UNA,UNAFFILIATED,,7161992.0,Age4165,AA82260
ALAMANCE,I,INACTIVE,ARBUCKLEJAMESWALTERJR,JAMESWALTERARBUCKLEJR,47JENNIFERDR,WHITE,NL,NOTHISPANICorNOTLATINO,REP,REPUBLICAN,58.0,9251992.0,Age4165,AA83230
ALAMANCE,A,ACTIVE,ARCANGELRYANDALOPE,RYANDALOPEARCANGEL,206NFISHERST,ASIAN,UN,UNDESIGNATED,DEM,,22.0,6232010.0,,AA166324
ALAMANCE,A,ACTIVE,ARCAROTHOMASEDWARD,THOMASEDWARDARCARO,609FOUNTAINPL,WHITE,NL,NOTHISPANICorNOTLATINO,DEM,,60.0,10071988.0,Age4165,AA67972
ALAMANCE,A,ACTIVE,ARCEJHOVANNY,JHOVANNYARCE,3109HERMONHILLCT,OTHER,HL,HISPANICorLATINO,UNA,UNAFFILIATED,24.0,9242008.0,,AA163394
ALAMANCE,A,ACTIVE,ARCENAHUM,NAHUMARCE,3109HERMONHILLCT,OTHER,HL,HISPANICorLATINO,UNA,UNAFFILIATED,,9242008.0,Age4165,AA157865
ALAMANCE,A,ACTIVE,ARCEROMEROEDGAR,EDGARARCEROMERO,3109HERMONHILLCT,WHITE,HL,HISPANICorLATINO,UNA,UNAFFILIATED,19.0,9262012.0,,AA175323
ALAMANCE,A,ACTIVE,ARCESERICHARDJR,RICHARDARCESEJR,736SHAWNEEDRC,WHITE,NL,NOTHISPANICorNOTLATINO,UNA,UNAFFILIATED,43.0,7082009.0,Age4165,AA164334
ALAMANCE,A,ACTIVE,ARCHAMBAULTDONNAMARIE,DONNAMARIEARCHAMBAULT,3760MICHAELDR,WHITE,NL,NOTHISPANICorNOTLATINO,REP,REPUBLICAN,53.0,4122012.0,Age4165,DB157106
ALAMANCE,A,ACTIVE,ARCHAMBAULTJAMESVICTOR,JAMESVICTORARCHAMBAULT,3760MICHAELDR,WHITE,NL,NOTHISPANICorNOTLATINO,REP,REPUBLICAN,52.0,4122012.0,Age4165,DB157716
ALAMANCE,A,ACTIVE,ARCHAMBAULTJESSIEREGAN,JESSIEREGANARCHAMBAULT,1416OVERBROOKRD,WHITE,UN,UNDESIGNATED,DEM,,30.0,8202012.0,Age2640,AA174348
ALAMANCE,A,ACTIVE,ARCHAMBEAUAMANDALEE,AMANDALEEARCHAMBEAU,227WPARKERST,WHITE,NL,NOTHISPANICorNOTLATINO,UNA,UNAFFILIATED,30.0,9182012.0,Age2640,AA174711
ALAMANCE,A,ACTIVE,ARCHERAMOSDALE,AMOSDALEARCHER,,WHITE,NL,NOTHISPANICorNOTLATINO,REP,REPUBLICAN,27.0,9142010.0,Age2640,AA166743
ALAMANCE,R,REMOVED,ARCHERCHAUNCEYJAMES,CHAUNCEYJAMESARCHER,426WFRONTST,WHITE,UN,UNDESIGNATED,DEM,,30.0,6222002.0,Age2640,AA126645
ALAMANCE,A,ACTIVE,ARCHERFREDERICKJAMES,FREDERICKJAMESARCHER,,WHITE,NL,NOTHISPANICorNOTLATINO,DEM,,70.0,8012008.0,AgeOver66,AA156038
ALAMANCE,I,INACTIVE,ARCHERJOHNRUSSELL,JOHNRUSSELLARCHER,522SHADOWBROOKDR,WHITE,NL,NOTHISPANICorNOTLATINO,UNA,UNAFFILIATED,35.0,11092004.0,Age2640,AA142058
ALAMANCE,R,REMOVED,ARCHERJOHNMORRIS,JOHNMORRISARCHER,300PICKETTLN,WHITE,NL,NOTHISPANICorNOTLATINO,DEM,,87.0,11111999.0,AgeOver66,AA115904
ALAMANCE,I,INACTIVE,ARCHERKARENDENISE,KARENDENISEARCHER,,WHITE,UN,UNDESIGNATED,DEM,,52.0,10012008.0,Age4165,AA161874
ALAMANCE,A,ACTIVE,ARCHERMARYMARGARET,,,WHITE,NL,NOTHISPANICorNOTLATINO,DEM,,70.0,8012008.0,AgeOver66,AA156037
ALAMANCE,R,REMOVED,ARCHERMOLLYGERALDINE,MOLLYGERALDINEARCHER,,WHITE,NL,NOTHISPANICorNOTLATINO,REP,REPUBLICAN,80.0,10071993.0,AgeOver66,AA88412
ALAMANCE,A,ACTIVE,ARCHERPENNYLEE,PENNYLEEARCHER,717BANKSST,WHITE,UN,UNDESIGNATED,REP,REPUBLICAN,41.0,3081991.0,Age4165,AA76935
ALAMANCE,A,ACTIVE,ARCHERRICKYLEEJR,RICKYLEEARCHERJR,212WILLOWBROOKCT,BLACKorAFRICANAMERICAN,NL,NOTHISPANICorNOTLATINO,DEM,,28.0,2252008.0,Age2640,BS9928
ALAMANCE,R,REMOVED,ARCHERROBERTVERNON,ROBERTVERNONARCHER,,WHITE,NL,NOTHISPANICorNOTLATINO,REP,REPUBLICAN,83.0,10041993.0,AgeOver66,AA88346
ALAMANCE,R,REMOVED,ARCHERSKYEA,SKYEAARCHER,,WHITE,NL,NOTHISPANICorNOTLATINO,UNA,UNAFFILIATED,33.0,8111997.0,Age2640,AA107110
ALAMANCE,A,ACTIVE,ARCHERSKYEALEXANDER,SKYEALEXANDERARCHER,426WFRONTST,WHITE,NL,NOTHISPANICorNOTLATINO,UNA,UNAFFILIATED,33.0,11072006.0,Age2640,AA148029
ALAMANCE,R,REMOVED,ARCHERSTEPHENLESLIE,STEPHENLESLIEARCHER,,WHITE,NL,NOTHISPANICorNOTLATINO,REP,REPUBLICAN,61.0,1052007.0,Age4165,AA148650
ALAMANCE,A,ACTIVE,ARCHERTHERESEANNE,THERESEANNEARCHER,426WFRONTST,WHITE,NL,NOTHISPANICorNOTLATINO,DEM,,62.0,9121996.0,Age4165,AA101820
ALAMANCE,R,REMOVED,ARCHERTIMOTHYBRIAN,TIMOTHYBRIANARCHER,726IVEYRDD,WHITE,UN,UNDESIGNATED,REP,REPUBLICAN,51.0,11022004.0,Age4165,AA141435
ALAMANCE,A,ACTIVE,ARCHIBALDBRENDAMILELE,BRENDAMILELEARCHIBALD,100HAYNESAVE,BLACKorAFRICANAMERICAN,NL,NOTHISPANICorNOTLATINO,UNA,UNAFFILIATED,67.0,2182003.0,AgeOver66,AA129542
ALAMANCE,A,ACTIVE,ARCHIELISARENEE,,,BLACKorAFRICANAMERICAN,NL,NOTHISPANICorNOTLATINO,DEM,DEMOCRATIC,21.0,8312012.0,,AA174489
ALAMANCE,A,ACTIVE,ARCHIEMCMILLIANGLEN,,6124JOETRAILCT,BLACKorAFRICANAMERICAN,NL,NOTHISPANICorNOTLATINO,DEM,DEMOCRATIC,57.0,,Age4165,AA177607
ALAMANCE,R,REMOVED,ARCHIERICKYLEWIS,RICKYLEWISARCHIE,510EHARDENSTA,UNDESIGNATED,UN,UNDESIGNATED,UNA,UNAFFILIATED,,10062008.0,Age4165,AA159290
ALAMANCE,A,ACTIVE,ARCHINALGINETTEANNE,GINETTEANNEARCHINAL,1340CAPOQUINWAY,WHITE,NL,NOTHISPANICorNOTLATINO,UNA,UNAFFILIATED,54.0,8192011.0,Age4165,EH730404
ALAMANCE,A,ACTIVE,ARCHULETADENISEMARIE,DENISEMARIEARCHULETA,5625SNCHWY87,WHITE,NL,NOTHISPANICorNOTLATINO,REP,REPUBLICAN,52.0,3281990.0,Age4165,AA71100
ALAMANCE,A,ACTIVE,ARCHULETAMANUELROBERT,,5625SNCHWY87,OTHER,NL,NOTHISPANICorNOTLATINO,REP,REPUBLICAN,57.0,4041990.0,Age4165,AA71462
ALAMANCE,A,ACTIVE,ARCOSMARLEN,,301TRAILEIGHT,OTHER,NL,NOTHISPANICorNOTLATINO,DEM,DEMOCRATIC,22.0,11042008.0,,AA162476
ALAMANCE,A,ACTIVE,ARDBURKEBERRY,BURKEBERRYARD,7523LOSTACRESDR,WHITE,NL,NOTHISPANICorNOTLATINO,REP,REPUBLICAN,,,Age4165,AA62875
ALAMANCE,A,ACTIVE,ARDCHRISTINEGIBSON,CHRISTINEGIBSONARD,7523LOSTACRESDR,WHITE,NL,NOTHISPANICorNOTLATINO,REP,REPUBLICAN,53.0,10061987.0,Age4165,AA62935
ALAMANCE,I,INACTIVE,ARDENREBECCA,REBECCAARDEN,312MILLST,WHITE,NL,NOTHISPANICorNOTLATINO,UNA,UNAFFILIATED,66.0,9151999.0,AgeOver66,AA115387
ALAMANCE,A,ACTIVE,ARDINGERALEXANDRAVICTORIA,ALEXANDRAVICTORIAARDINGER,,WHITE,UN,UNDESIGNATED,UNA,UNAFFILIATED,23.0,9102008.0,,AA157504
ALAMANCE,A,ACTIVE,ARDINGERSAMANTHANICHOLE,SAMANTHANICHOLEARDINGER,203SHOLTAVE,WHITE,NL,NOTHISPANICorNOTLATINO,REP,REPUBLICAN,21.0,,,AA177357
ALAMANCE,A,ACTIVE,ARDOLINODANIELJOSEPH,DANIELJOSEPHARDOLINO,2928AUBURNDR200,WHITE,NL,NOTHISPANICorNOTLATINO,UNA,UNAFFILIATED,25.0,5182005.0,,AA143616
ALAMANCE,A,ACTIVE,ARDOLINOJOHNJOSEPHJR,JOHNJOSEPHARDOLINOJR,902RAINEYST,WHITE,NL,NOTHISPANICorNOTLATINO,UNA,UNAFFILIATED,52.0,1231990.0,Age4165,AA70494
ALAMANCE,A,ACTIVE,ARDOLINOLINDALYNCH,LINDALYNCHARDOLINO,902RAINEYST,WHITE,NL,NOTHISPANICorNOTLATINO,REP,REPUBLICAN,,6192007.0,Age4165,AA149837
ALAMANCE,A,ACTIVE,ARECHIGAJESUS,JESUSARECHIGA,1617NCHURCHST,UNDESIGNATED,HL,HISPANICorLATINO,DEM,DEMOCRATIC,22.0,,,AA177078
ALAMANCE,I,INACTIVE,ARECHIGAOSCARDANIEL,OSCARDANIELARECHIGA,524ESIXTHST,OTHER,HL,HISPANICorLATINO,UNA,UNAFFILIATED,23.0,7142008.0,,AA163805
ALAMANCE,A,ACTIVE,AREHARTTONYAWOODALL,TONYAWOODALLAREHART,,WHITE,NL,NOTHISPANICorNOTLATINO,REP,REPUBLICAN,36.0,12022010.0,Age2640,AA167623
ALAMANCE,A,ACTIVE,ARENAJOSEPHOTTAVIO,JOSEPHOTTAVIOARENA,1929FAIRWINDDR,WHITE,NL,NOTHISPANICorNOTLATINO,UNA,UNAFFILIATED,62.0,8232006.0,Age4165,AA147277
ALAMANCE,A,ACTIVE,ARENALOUISEMARGARET,,1929FAIRWINDDR,WHITE,UN,UNDESIGNATED,UNA,UNAFFILIATED,59.0,8232006.0,Age4165,AA147278
ALAMANCE,A,ACTIVE,ARENASCASSALANE,CASSALANEARENAS,3505WGREENSBOROCHAPELHILLRD,WHITE,NL,NOTHISPANICorNOTLATINO,DEM,DEMOCRATIC,58.0,1082009.0,Age4165,AA163080
ALAMANCE,A,ACTIVE,ARENASSANDRANEWTON,SANDRANEWTONARENAS,692HUNTINGDONST,WHITE,NL,NOTHISPANICorNOTLATINO,DEM,DEMOCRATIC,74.0,1291988.0,AgeOver66,AA63354
ALAMANCE,A,ACTIVE,ARENDSKATHERINEHAIGH,KATHERINEHAIGHARENDS,409BROWNBARKLN,WHITE,NL,NOTHISPANICorNOTLATINO,DEM,DEMOCRATIC,,9212006.0,Age4165,BY433703
ALAMANCE,A,ACTIVE,ARENDSROBERTALLAN,ROBERTALLANARENDS,409BROWNBARKLN,WHITE,NL,NOTHISPANICorNOTLATINO,UNA,UNAFFILIATED,,5052006.0,Age4165,BY444391
ALAMANCE,R,REMOVED,ARENTLYNNETAYLOR,,215REDBERRYCT,WHITE,NL,NOTHISPANICorNOTLATINO,REP,REPUBLICAN,,6221998.0,Age4165,AA111007
ALAMANCE,R,REMOVED,ARENTMELVINJ,,215REDBERRYCT,WHITE,NL,NOTHISPANICorNOTLATINO,REP,REPUBLICAN,55.0,7291997.0,Age4165,AA106850
ALAMANCE,A,ACTIVE,AREVALOWENDYYAMILETH,WENDYYAMILETHAREVALO,1515SMEBANEST149,OTHER,HL,HISPANICorLATINO,DEM,DEMOCRATIC,29.0,4072008.0,Age2640,AA153776
ALAMANCE,R,REMOVED,AREYDEANNASWAIM,DEANNASWAIMAREY,1657JASHARPERD,WHITE,NL,NOTHISPANICorNOTLATINO,REP,REPUBLICAN,40.0,9221992.0,Age2640,AA83015
ALAMANCE,A,ACTIVE,AREYDELORESHUDSON,DELORESHUDSONAREY,6247KIMESVILLERD,WHITE,NL,NOTHISPANICorNOTLATINO,REP,REPUBLICAN,74.0,4111975.0,AgeOver66,AA3346
ALAMANCE,R,REMOVED,AREYJAMESHAYWOODJR,JAMESHAYWOODAREYJR,6247KIMESVILLERD,WHITE,NL,NOTHISPANICorNOTLATINO,REP,REPUBLICAN,74.0,,AgeOver66,AA3347
ALAMANCE,A,ACTIVE,AREYLAURAANN,LAURAANNAREY,6247KIMESVILLERD,WHITE,NL,NOTHISPANICorNOTLATINO,REP,REPUBLICAN,41.0,8111995.0,Age4165,AA95143
ALAMANCE,A,ACTIVE,AREYMELINDACOCKLEREECE,,2975ELDERLN,WHITE,NL,NOTHISPANICorNOTLATINO,REP,REPUBLICAN,43.0,8071995.0,Age4165,AA95010
ALAMANCE,R,REMOVED,AREYRICHARDHARWOOD,RICHARDHARWOODAREY,1657JASHARPERD,WHITE,NL,NOTHISPANICorNOTLATINO,REP,REPUBLICAN,70.0,10011980.0,AgeOver66,AA3349
ALAMANCE,A,ACTIVE,AREYTRACYLANE,TRACYLANEAREY,2975ELDERLN,WHITE,NL,NOTHISPANICorNOTLATINO,REP,REPUBLICAN,,10061986.0,Age4165,AA60735
ALAMANCE,A,ACTIVE,ARFMANNNANCYANN,NANCYANNARFMANN,5343NCHWY54,WHITE,NL,NOTHISPANICorNOTLATINO,DEM,DEMOCRATIC,76.0,9181992.0,AgeOver66,AA84006
ALAMANCE,A,ACTIVE,ARGANTTIFFANYGARNER,TIFFANYGARNERARGANT,507WASHINGTONST,BLACKorAFRICANAMERICAN,NL,NOTHISPANICorNOTLATINO,DEM,DEMOCRATIC,30.0,,Age2640,AA150777
ALAMANCE,D,DENIED,ARGENTOJANIECAROL,JANIECAROLARGENTO,5533AKIMESVILLERD,WHITE,NL,NOTHISPANICorNOTLATINO,UNA,UNAFFILIATED,39.0,3151999.0,Age2640,AA113749
ALAMANCE,A,ACTIVE,ARGETSINGERDEBRALYNN,DEBRALYNNARGETSINGER,2780BARNETTRD,WHITE,NL,NOTHISPANICorNOTLATINO,REP,REPUBLICAN,56.0,12151993.0,Age4165,AA88787
ALAMANCE,A,ACTIVE,ARGETSINGERGREGORYCHARLES,GREGORYCHARLESARGETSINGER,2780BARNETTRD,WHITE,NL,NOTHISPANICorNOTLATINO,REP,REPUBLICAN,58.0,,Age4165,AA91698
ALAMANCE,A,ACTIVE,ARGETSINGERGREGORYCHARLESJR,GREGORYCHARLESARGETSINGERJR,2780BARNETTRD,WHITE,NL,NOTHISPANICorNOTLATINO,LIB,LIBERTARIAN,26.0,1302006.0,Age2640,AA145734
ALAMANCE,R,REMOVED,ARGETSINGERLEAHMARIE,LEAHMARIEARGETSINGER,2780BARNETTRD,WHITE,NL,NOTHISPANICorNOTLATINO,REP,REPUBLICAN,33.0,9121997.0,Age2640,AA107497
ALAMANCE,A,ACTIVE,ARGUETABLANCANIEVES,BLANCANIEVESARGUETA,2417NCHURCHST30,UNDESIGNATED,HL,HISPANICorLATINO,UNA,UNAFFILIATED,18.0,,,AA176927
ALAMANCE,A,ACTIVE,ARGUSSCOTTANTHONY,SCOTTANTHONYARGUS,508WHARDENST3,UNDESIGNATED,UN,UNDESIGNATED,UNA,UNAFFILIATED,41.0,5142012.0,Age4165,AA172455
ALAMANCE,I,INACTIVE,ARIASKALYNELIZABETH,KALYNELIZABETHARIAS,218COLONNADEDR,OTHER,HL,HISPANICorLATINO,DEM,DEMOCRATIC,22.0,10072008.0,,AA159057
ALAMANCE,A,ACTIVE,ARIASSEREIDARUBY,SEREIDARUBYARIAS,410WWHITSETTST,UNDESIGNATED,UN,UNDESIGNATED,DEM,DEMOCRATIC,19.0,7252012.0,,AA173608
ALAMANCE,A,ACTIVE,ARIASVERONICA,VERONICAARIAS,410WWHITSETTST,UNDESIGNATED,UN,UNDESIGNATED,DEM,DEMOCRATIC,21.0,7252012.0,,AA173610
ALAMANCE,A,ACTIVE,ARIASVIRGINIAMAE,VIRGINIAMAEARIAS,401NWYRICKST,WHITE,NL,NOTHISPANICorNOTLATINO,REP,REPUBLICAN,52.0,11202009.0,Age4165,AA165023
ALAMANCE,A,ACTIVE,ARICOALBERTSTEPHEN,ALBERTSTEPHENARICO,20DRIFTWOODCT,WHITE,NL,NOTHISPANICorNOTLATINO,DEM,DEMOCRATIC,61.0,1141992.0,Age4165,AA79385
ALAMANCE,A,ACTIVE,ARICOANDREWJOHN,ANDREWJOHNARICO,1013BELLEVUEST,WHITE,NL,NOTHISPANICorNOTLATINO,UNA,UNAFFILIATED,55.0,9281992.0,Age4165,AA83235
ALAMANCE,R,REMOVED,ARICONADINEHADFIELD,NADINEHADFIELDARICO,20DRIFTWOODCT,WHITE,NL,NOTHISPANICorNOTLATINO,DEM,DEMOCRATIC,59.0,2131992.0,Age4165,AA79469
ALAMANCE,I,INACTIVE,ARIDADOROTHYANN,DOROTHYANNARIDA,756MEADOWOODDR,BLACKorAFRICANAMERICAN,NL,NOTHISPANICorNOTLATINO,DEM,DEMOCRATIC,34.0,11262008.0,Age2640,AA162471
ALAMANCE,A,ACTIVE,ARIDAMUAMMARABDELKARIM,MUAMMARABDELKARIMARIDA,2911ETHANPOINTEDR9209,WHITE,NL,NOTHISPANICorNOTLATINO,UNA,UNAFFILIATED,40.0,11172008.0,Age2640,AA162472
ALAMANCE,A,ACTIVE,ARIDAMUHAMMADABDELKARIM,MUHAMMADABDELKARIMARIDA,1303DUNLEIGHDR,OTHER,NL,NOTHISPANICorNOTLATINO,UNA,UNAFFILIATED,38.0,6302008.0,Age2640,AA154911
ALAMANCE,A,ACTIVE,ARIELNATHANAELJOHN,NATHANAELJOHNARIEL,,OTHER,UN,UNDESIGNATED,UNA,UNAFFILIATED,35.0,,Age2640,AA147956
ALAMANCE,D,DENIED,ARIZAANNAISABELLE,ANNAISABELLEARIZA,801TROLLINGWOODRD40,TWOorMORERACES,HL,HISPANICorLATINO,DEM,DEMOCRATIC,18.0,8082012.0,,AA174276
ALAMANCE,A,ACTIVE,ARIZAPILARVERONICA,PILARVERONICAARIZA,910DEERFIELDTRCE,OTHER,HL,HISPANICorLATINO,REP,REPUBLICAN,41.0,1242012.0,Age4165,DE219618
ALAMANCE,A,ACTIVE,ARIZMENDIBRIANALEXANDER,BRIANALEXANDERARIZMENDI,1503OKLAHOMAAVE,UNDESIGNATED,UN,UNDESIGNATED,DEM,DEMOCRATIC,18.0,10012012.0,,AA175910
ALAMANCE,A,ACTIVE,ARIZMENDISARAHPOWELL,SARAHPOWELLARIZMENDI,2070BURCHBRIDGERD,WHITE,NL,NOTHISPANICorNOTLATINO,DEM,DEMOCRATIC,31.0,8292006.0,Age2640,DE221916
ALAMANCE,A,ACTIVE,ARMANDANNETTEMARIE,ANNETTEMARIEARMAND,98NEWCASTLERD,WHITE,NL,NOTHISPANICorNOTLATINO,REP,REPUBLICAN,,,Age4165,AA121245
ALAMANCE,A,ACTIVE,ARMANDKYLEEDWARD,KYLEEDWARDARMAND,98NEWCASTLERD,WHITE,NL,NOTHISPANICorNOTLATINO,REP,REPUBLICAN,19.0,4262011.0,,AA168429
ALAMANCE,A,ACTIVE,ARMANDMARKEDWARD,,98NEWCASTLERD,WHITE,NL,NOTHISPANICorNOTLATINO,REP,REPUBLICAN,55.0,,Age4165,AA121246
ALAMANCE,A,ACTIVE,ARMBRESTERMELISSA,,610WFRONTST,BLACKorAFRICANAMERICAN,NL,NOTHISPANICorNOTLATINO,DEM,DEMOCRATIC,32.0,4292008.0,Age2640,EM74850
ALAMANCE,A,ACTIVE,ARMBRISTERDONNAFAIR,DONNAFAIRARMBRISTER,1909HAWTHORNELN,WHITE,NL,NOTHISPANICorNOTLATINO,DEM,DEMOCRATIC,55.0,2061995.0,Age4165,AA92964
ALAMANCE,A,ACTIVE,ARMBRISTEREDWINLEE,EDWINLEEARMBRISTER,1909HAWTHORNELN,WHITE,NL,NOTHISPANICorNOTLATINO,REP,REPUBLICAN,52.0,11181992.0,Age4165,AA85730
ALAMANCE,A,ACTIVE,ARMBRUSTDONALDJEROME,DONALDJEROMEARMBRUST,3920MUHLENBERGCT,WHITE,NL,NOTHISPANICorNOTLATINO,REP,REPUBLICAN,72.0,8312012.0,AgeOver66,AA174485
ALAMANCE,A,ACTIVE,ARMBRUSTJUDITHHAMMOND,JUDITHHAMMONDARMBRUST,3920MUHLENBERGCT,WHITE,NL,NOTHISPANICorNOTLATINO,REP,REPUBLICAN,72.0,8312012.0,AgeOver66,AA174490
ALAMANCE,A,ACTIVE,ARMENDARIZANTHONYISAAC,ANTHONYISAACARMENDARIZ,407TRAILEIGHT,WHITE,NL,,REP,REPUBLICAN,18.0,,,AA176474
ALAMANCE,A,ACTIVE,ARMENDARIZDANIELROBERTJR,DANIELROBERTARMENDARIZJR,1718SMEBANEST,OTHER,HL,HISPANICorLATINO,REP,REPUBLICAN,31.0,10022003.0,Age2640,AA131492
ALAMANCE,A,ACTIVE,ARMENDARIZDANIELROBERT,DANIELROBERTARMENDARIZ,1718SMEBANEST,WHITE,NL,NOTHISPANICorNOTLATINO,REP,REPUBLICAN,52.0,11202002.0,Age4165,AA128490
ALAMANCE,A,ACTIVE,ARMENDARIZDAVIDAARON,DAVIDAARONARMENDARIZ,407TRAILEIGHT,OTHER,HL,HISPANICorLATINO,UNA,UNAFFILIATED,,9062002.0,Age4165,AA127553
ALAMANCE,A,ACTIVE,ARMENDARIZDAVIDAARON,DAVIDAARONARMENDARIZ,1718SMEBANEST,WHITE,,NOTHISPANICorNOTLATINO,REP,REPUBLICAN,20.0,9242010.0,,AA166876
ALAMANCE,A,ACTIVE,ARMENTATINAD,TINADARMENTA,4020MARY'SGROVECHURCHRD,WHITE,UN,UNDESIGNATED,DEM,DEMOCRATIC,35.0,10012004.0,Age2640,AA139574
ALAMANCE,A,ACTIVE,ARMENTOALLISONJEANNE,ALLISONJEANNEARMENTO,3880LLAWRENCETRL,WHITE,,NOTHISPANICorNOTLATINO,DEM,DEMOCRATIC,36.0,7272012.0,Age2640,BW53420
ALAMANCE,A,ACTIVE,ARMENTOSTEVEN,STEVENARMENTO,3880LLAWRENCETRL,WHITE,,NOTHISPANICorNOTLATINO,UNA,UNAFFILIATED,36.0,7272012.0,Age2640,CZ86705
ALAMANCE,R,REMOVED,ARMENTROUTJANEPARMENTER,JANEPARMENTERARMENTROUT,3800ASBURYCT,WHITE,,NOTHISPANICorNOTLATINO,REP,REPUBLICAN,86.0,5022000.0,AgeOver66,AA117980
ALAMANCE,A,ACTIVE,ARMENTROUTJEFFREYLLOYD,JEFFREYLLOYDARMENTROUT,,WHITE,,NOTHISPANICorNOTLATINO,DEM,DEMOCRATIC,,2052007.0,Age4165,AA148775
ALAMANCE,R,REMOVED,ARMENTROUTLAURAJO,LAURAJOARMENTROUT,706HUFFMANMILLRDE11,WHITE,,NOTHISPANICorNOTLATINO,DEM,DEMOCRATIC,30.0,6242008.0,Age2640,AA154912
ALAMANCE,A,ACTIVE,ARMENTROUTRALPHLESTER,RALPHLESTERARMENTROUT,3800ASBURYCT,UNDESIGNATED,,NOTHISPANICorNOTLATINO,UNA,UNAFFILIATED,91.0,5312000.0,AgeOver66,AA117983
ALAMANCE,R,REMOVED,ARMETTASHERRY,SHERRYARMETTA,2801PINEWOODTRCE,WHITE,UN,UNDESIGNATED,DEM,DEMOCRATIC,65.0,8282008.0,Age4165,AA156525
ALAMANCE,A,ACTIVE,ARMFIELDBEVERLYBELL,BEVERLYBELLARMFIELD,1607AQUINASCT,WHITE,,NOTHISPANICorNOTLATINO,DEM,DEMOCRATIC,86.0,9122001.0,AgeOver66,AA124400
ALAMANCE,A,ACTIVE,ARMFIELDCHRISTINALYNNE,CHRISTINALYNNEARMFIELD,417SHADOWBROOKDR,WHITE,,NOTHISPANICorNOTLATINO,DEM,DEMOCRATIC,32.0,10272005.0,Age2640,AA145131
ALAMANCE,A,ACTIVE,ARMFIELDPHILLIPWALLJR,PHILLIPWALLARMFIELDJR,3075HERITAGELN,WHITE,,NOTHISPANICorNOTLATINO,DEM,DEMOCRATIC,32.0,10272005.0,Age2640,AA145132
ALAMANCE,A,ACTIVE,ARMFIELDROBERTMOORE,ROBERTMOOREARMFIELD,1607AQUINASCT,WHITE,,NOTHISPANICorNOTLATINO,DEM,DEMOCRATIC,85.0,9112001.0,AgeOver66,AA124330
ALAMANCE,A,ACTIVE,ARMITAGEKARENANN,KARENANNARMITAGE,,WHITE,UN,UNDESIGNATED,UNA,UNAFFILIATED,54.0,9262011.0,Age4165,AA169401
ALAMANCE,A,ACTIVE,ARMITAGEPAULMEAD,PAULMEADARMITAGE,,WHITE,,NOTHISPANICorNOTLATINO,UNA,UNAFFILIATED,52.0,9262011.0,Age4165,AA169402
ALAMANCE,A,ACTIVE,ARMOURWILLIAMHOLLISTER,WILLIAMHOLLISTERARMOUR,756WHAGGARDAVE2020,WHITE,,NOTHISPANICorNOTLATINO,UNA,UNAFFILIATED,23.0,,,AA159658
ALAMANCE,A,ACTIVE,ARMSHAWJOHNRICHARD,JOHNRICHARDARMSHAW,1700WILLOWBROOKCT1719,WHITE,,NOTHISPANICorNOTLATINO,UNA,UNAFFILIATED,51.0,6232011.0,Age4165,BY457437
ALAMANCE,A,ACTIVE,ARMSTRONGANNIEBOGGS,ANNIEBOGGSARMSTRONG,3672OLDHILLSBOROUGHRD,WHITE,,NOTHISPANICorNOTLATINO,REP,REPUBLICAN,88.0,1091979.0,AgeOver66,AA3353
ALAMANCE,A,ACTIVE,ARMSTRONGBRANFORD,BRANFORDARMSTRONG,419DEVONSHIRELN,UNDESIGNATED,UN,UNDESIGNATED,UNA,UNAFFILIATED,59.0,10072004.0,Age4165,AA140199
ALAMANCE,A,ACTIVE,ARMSTRONGBREANNANICOLE,BREANNANICOLEARMSTRONG,2647ANTHONYRD,WHITE,,NOTHISPANICorNOTLATINO,REP,REPUBLICAN,18.0,9212012.0,,AA175099
ALAMANCE,A,ACTIVE,ARMSTRONGDAVIDCHRISTOPHER,DAVIDCHRISTOPHERARMSTRONG,1805DORSETTST,WHITE,,NOTHISPANICorNOTLATINO,REP,REPUBLICAN,54.0,2131992.0,Age4165,AA79470
ALAMANCE,A,ACTIVE,ARMSTRONGDEBRAR,DEBRARARMSTRONG,5560BASSMOUNTAINRD,WHITE,,NOTHISPANICorNOTLATINO,DEM,DEMOCRATIC,61.0,2241992.0,Age4165,AA79700
ALAMANCE,A,ACTIVE,ARMSTRONGDEBRAMICHELLE,DEBRAMICHELLEARMSTRONG,1648WHITE'SKENNELRD29,OTHER,HL,HISPANICorLATINO,UNA,UNAFFILIATED,24.0,4282006.0,,AA146310
ALAMANCE,A,ACTIVE,ARMSTRONGEDWINBENSON,EDWINBENSONARMSTRONG,2506PINEWAYDR,WHITE,,NOTHISPANICorNOTLATINO,REP,REPUBLICAN,82.0,10051970.0,AgeOver66,AA3357
ALAMANCE,A,ACTIVE,ARMSTRONGELLIEHERDERER,ELLIEHERDERERARMSTRONG,405NFOURTHST,WHITE,,NOTHISPANICorNOTLATINO,REP,REPUBLICAN,88.0,9061990.0,AgeOver66,AA73196
ALAMANCE,R,REMOVED,ARMSTRONGFLORENCESCHUTZMAN,FLORENCESCHUTZMANARMSTRONG,2236LEEDR,WHITE,,NOTHISPANICorNOTLATINO,REP,REPUBLICAN,92.0,10031980.0,AgeOver66,AA3359
ALAMANCE,I,INACTIVE,ARMSTRONGGARRELLLEMARJR,GARRELLLEMARARMSTRONGJR,,BLACKorAFRICANAMERICAN,,NOTHISPANICorNOTLATINO,DEM,DEMOCRATIC,26.0,2252004.0,Age2640,AA133138
ALAMANCE,A,ACTIVE,ARMSTRONGJERRELLALAUNTAY,JERRELLALAUNTAYARMSTRONG,,BLACKorAFRICANAMERICAN,UN,UNDESIGNATED,DEM,DEMOCRATIC,20.0,2062012.0,,BD118017
ALAMANCE,A,ACTIVE,ARMSTRONGJESSECORNELIUS,JESSECORNELIUSARMSTRONG,,BLACKorAFRICANAMERICAN,,NOTHISPANICorNOTLATINO,DEM,DEMOCRATIC,52.0,5231994.0,Age4165,AA89853
ALAMANCE,I,INACTIVE,ARMSTRONGKARLANDRE,KARLANDREARMSTRONG,702LAKESIDEAVE1A,BLACKorAFRICANAMERICAN,,NOTHISPANICorNOTLATINO,DEM,DEMOCRATIC,32.0,10062008.0,Age2640,AA158179
ALAMANCE,R,REMOVED,ARMSTRONGLACYO,LACYOARMSTRONG,5560BASSMOUNTAINRD,WHITE,,NOTHISPANICorNOTLATINO,DEM,DEMOCRATIC,61.0,2241992.0,Age4165,AA79701
ALAMANCE,A,ACTIVE,ARMSTRONGLAQUANSHAMARR,LAQUANSHAMARRARMSTRONG,422WILLIAMSONST,BLACKorAFRICANAMERICAN,UN,UNDESIGNATED,DEM,DEMOCRATIC,24.0,4112008.0,,AA154039
ALAMANCE,A,ACTIVE,ARMSTRONGLYNSEYSHEA,,4024CEDARHILLDR,WHITE,,NOTHISPANICorNOTLATINO,REP,REPUBLICAN,21.0,1142011.0,,AA167895
ALAMANCE,A,ACTIVE,ARMSTRONGMARGARETPOWELL,,1634ELMST,WHITE,,NOTHISPANICorNOTLATINO,DEM,DEMOCRATIC,66.0,10061980.0,AgeOver66,AA3360
ALAMANCE,R,REMOVED,ARMSTRONGMARILEEMEARES,,2506PINEWAYDR,WHITE,,NOTHISPANICorNOTLATINO,DEM,DEMOCRATIC,82.0,10061970.0,AgeOver66,AA3361
ALAMANCE,A,ACTIVE,ARMSTRONGMELISSAGAIL,,504SADIATRCE,WHITE,UN,UNDESIGNATED,DEM,DEMOCRATIC,32.0,6022004.0,Age2640,AA134519
ALAMANCE,A,ACTIVE,ARMSTRONGMICHAELLEONARDII,,525CORNELIADR,BLACKorAFRICANAMERICAN,UN,UNDESIGNATED,DEM,DEMOCRATIC,20.0,1262012.0,,AA170175
ALAMANCE,A,ACTIVE,ARMSTRONGMICKAILLEIGH,,1313SHAKORIHILLSDR,BLACKorAFRICANAMERICAN,,NOTHISPANICorNOTLATINO,DEM,DEMOCRATIC,19.0,3092011.0,,AA168199
ALAMANCE,A,ACTIVE,ARMSTRONGNANCYSCOTT,NANCYSCOTTARMSTRONG,1805DORSETTST,WHITE,,NOTHISPANICorNOTLATINO,REP,REPUBLICAN,58.0,2131992.0,Age4165,AA79471
ALAMANCE,A,ACTIVE,ARMSTRONGSTACEYSIMONE,STACEYSIMONEARMSTRONG,525CORNELIADR,BLACKorAFRICANAMERICAN,,NOTHISPANICorNOTLATINO,DEM,DEMOCRATIC,,,Age4165,AA121249
ALAMANCE,A,ACTIVE,ARMSTRONGTEARALYNN,TEARALYNNARMSTRONG,2053JIMMIEKERRRD,WHITE,,NOTHISPANICorNOTLATINO,REP,REPUBLICAN,26.0,4272005.0,Age2640,AA143479
ALAMANCE,I,INACTIVE,ARMSTRONGTRENTONJOSEPH,TRENTONJOSEPHARMSTRONG,434NLOGANST,BLACKorAFRICANAMERICAN,UN,UNDESIGNATED,DEM,DEMOCRATIC,31.0,10032008.0,Age2640,AA159163
ALAMANCE,A,ACTIVE,ARMUSEWICZSTEPHANIELINDSEY,STEPHANIELINDSEYARMUSEWICZ,3006ALAMANCERD,WHITE,,NOTHISPANICorNOTLATINO,UNA,UNAFFILIATED,31.0,7072011.0,Age2640,AA168847
ALAMANCE,A,ACTIVE,ARMWOODAARONCURTISJR,AARONCURTISARMWOODJR,6111JOETRAILCT,BLACKorAFRICANAMERICAN,UN,UNDESIGNATED,DEM,DEMOCRATIC,31.0,10072008.0,Age2640,AA159058
ALAMANCE,A,ACTIVE,ARMWOODAARONCURTIS,AARONCURTISARMWOOD,6111JOETRAILCT,BLACKorAFRICANAMERICAN,UN,UNDESIGNATED,DEM,DEMOCRATIC,64.0,2192008.0,Age4165,BL3650
ALAMANCE,A,ACTIVE,ARMWOODCATHERINEGAMBLE,CATHERINEGAMBLEARMWOOD,6111JOETRAILCT,BLACKorAFRICANAMERICAN,,NOTHISPANICorNOTLATINO,DEM,DEMOCRATIC,65.0,9262007.0,Age4165,BL3651
ALAMANCE,A,ACTIVE,ARMWOODRENAS,RENASARMWOOD,6111JOETRAILCT,BLACKorAFRICANAMERICAN,UN,UNDESIGNATED,DEM,DEMOCRATIC,33.0,2252004.0,Age2640,AA133273
ALAMANCE,A,ACTIVE,ARMWOODSUBREANAB,SUBREANABARMWOOD,2310MORANST,BLACKorAFRICANAMERICAN,UN,UNDESIGNATED,DEM,DEMOCRATIC,,8312001.0,Age4165,AA124331
ALAMANCE,A,ACTIVE,ARNAOBILLIEANN,BILLIEANNARNAO,901EJOYNERST,UNDESIGNATED,UN,UNDESIGNATED,REP,REPUBLICAN,38.0,5082012.0,Age2640,AA171698
ALAMANCE,A,ACTIVE,ARNAOSTEVENJASPER,STEVENJASPERARNAO,901EJOYNERST,WHITE,,NOTHISPANICorNOTLATINO,UNA,UNAFFILIATED,,3222007.0,Age4165,AA149187
ALAMANCE,I,INACTIVE,ARNDTBRENDAKENT,BRENDAKENTARNDT,3433UNIONRIDGERD,WHITE,,NOTHISPANICorNOTLATINO,DEM,DEMOCRATIC,52.0,4071993.0,Age4165,AA87078
ALAMANCE,A,ACTIVE,ARNESELOUISANTHONY,,804TRAILONE,WHITE,,NOTHISPANICorNOTLATINO,REP,REPUBLICAN,29.0,,Age2640,AA164919
ALAMANCE,A,ACTIVE,ARNESONDAVIDBYRON,DAVIDBYRONARNESON,3745WADECOBLEDR106,WHITE,,NOTHISPANICorNOTLATINO,UNA,UNAFFILIATED,83.0,1142004.0,AgeOver66,AA132639
ALAMANCE,R,REMOVED,ARNESONJANETVAUGHAN,JANETVAUGHANARNESON,3724LUTHERCT,WHITE,,NOTHISPANICorNOTLATINO,UNA,UNAFFILIATED,74.0,11062003.0,AgeOver66,AA131849
ALAMANCE,A,ACTIVE,ARNESONMICAHDAVID,,,WHITE,,NOTHISPANICorNOTLATINO,DEM,DEMOCRATIC,32.0,6102003.0,Age2640,AA130482
ALAMANCE,A,ACTIVE,ARNETTEARTHURWILLIAM,ARTHURWILLIAMARNETTE,,WHITE,,NOTHISPANICorNOTLATINO,DEM,DEMOCRATIC,76.0,10261968.0,AgeOver66,AA3364
ALAMANCE,A,ACTIVE,ARNETTEDIANDEROSIER,DIANDEROSIERARNETTE,418PINEGROVEDR,WHITE,,NOTHISPANICorNOTLATINO,DEM,DEMOCRATIC,68.0,1071979.0,AgeOver66,AA3365
ALAMANCE,A,ACTIVE,ARNETTEHAROLDGLENN,HAROLDGLENNARNETTE,3120LAKELATHAMCIRCLEDR,WHITE,,NOTHISPANICorNOTLATINO,UNA,UNAFFILIATED,69.0,8192008.0,AgeOver66,DE211162
ALAMANCE,A,ACTIVE,ARNETTEHENRYKELLY,HENRYKELLYARNETTE,309WHOLTST,WHITE,,NOTHISPANICorNOTLATINO,REP,REPUBLICAN,62.0,10311994.0,Age4165,AA92012
ALAMANCE,A,ACTIVE,ARNETTEJUDYMORRIS,JUDYMORRISARNETTE,3120LAKELATHAMCIRCLEDR,WHITE,,NOTHISPANICorNOTLATINO,DEM,DEMOCRATIC,59.0,12081992.0,Age4165,AA85981
ALAMANCE,A,ACTIVE,ARNETTELISASPURRIER,,309WHOLTST,WHITE,,NOTHISPANICorNOTLATINO,REP,REPUBLICAN,54.0,11011994.0,Age4165,AA92011
ALAMANCE,A,ACTIVE,ARNETTERITAS,RITASARNETTE,472MOORE'SCHAPELCEMETARYRD,WHITE,UN,UNDESIGNATED,REP,REPUBLICAN,70.0,10082002.0,AgeOver66,AA128219
ALAMANCE,A,ACTIVE,ARNETTESANDRAWHITTEMORE,SANDRAWHITTEMOREARNETTE,,WHITE,,NOTHISPANICorNOTLATINO,DEM,DEMOCRATIC,75.0,10261968.0,AgeOver66,AA3371
ALAMANCE,A,ACTIVE,ARNETTETHERESADARLYN,THERESADARLYNARNETTE,509MENDELTER,WHITE,,NOTHISPANICorNOTLATINO,DEM,DEMOCRATIC,53.0,7231992.0,Age4165,AA82218
ALAMANCE,A,ACTIVE,ARNETTEWAYNEALEXANDER,WAYNEALEXANDERARNETTE,418PINEGROVEDR,WHITE,,NOTHISPANICorNOTLATINO,DEM,DEMOCRATIC,75.0,1071979.0,AgeOver66,AA3374
ALAMANCE,A,ACTIVE,ARNETTEWILLIAMTHOMAS,WILLIAMTHOMASARNETTE,472MOORE'SCHAPELCEMETARYRD,WHITE,,NOTHISPANICorNOTLATINO,UNA,UNAFFILIATED,70.0,5092002.0,AgeOver66,AA126324
ALAMANCE,R,REMOVED,ARNETTEWILLIAMHENRY,WILLIAMHENRYARNETTE,512MOORE'SCHAPELCEMETARYRD,WHITE,,NOTHISPANICorNOTLATINO,DEM,DEMOCRATIC,102.0,5121956.0,AgeOver66,AA3375
ALAMANCE,I,INACTIVE,ARNOLDANGELASUZANNE,ANGELASUZANNEARNOLD,,WHITE,,NOTHISPANICorNOTLATINO,REP,REPUBLICAN,34.0,1212005.0,Age2640,AA142766
ALAMANCE,A,ACTIVE,ARNOLDANTHONYRANDOLPH,ANTHONYRANDOLPHARNOLD,830KIMBERLYRD,WHITE,,NOTHISPANICorNOTLATINO,DEM,DEMOCRATIC,61.0,,Age4165,AA67979
ALAMANCE,A,ACTIVE,ARNOLDBENJAMINTHOMAS,BENJAMINTHOMASARNOLD,1232CEDARCRESTDR,WHITE,,NOTHISPANICorNOTLATINO,UNA,UNAFFILIATED,64.0,,Age4165,AA67203
ALAMANCE,A,ACTIVE,ARNOLDBENJAMINTHOMASJR,BENJAMINTHOMASARNOLDJR,2504MCKINNEYST,WHITE,,NOTHISPANICorNOTLATINO,REP,REPUBLICAN,43.0,9202001.0,Age4165,AA124464
ALAMANCE,A,ACTIVE,ARNOLDBRADLEYWARDENJR,BRADLEYWARDENARNOLDJR,317STEELECRESTRD,WHITE,,NOTHISPANICorNOTLATINO,DEM,DEMOCRATIC,54.0,2031994.0,Age4165,AA89082
ALAMANCE,A,ACTIVE,ARNOLDBRITTNEYMARIE,BRITTNEYMARIEARNOLD,1721ELDERWAY,WHITE,,NOTHISPANICorNOTLATINO,DEM,DEMOCRATIC,28.0,,Age2640,AA131673
ALAMANCE,A,ACTIVE,ARNOLDCLYDEH,CLYDEHARNOLD,1008AVONAVE,WHITE,UN,UNDESIGNATED,REP,REPUBLICAN,56.0,8102004.0,Age4165,AA135238
ALAMANCE,A,ACTIVE,ARNOLDDARRYLWAYNE,DARRYLWAYNEARNOLD,2657HYDEST,WHITE,,NOTHISPANICorNOTLATINO,DEM,DEMOCRATIC,,1202011.0,Age4165,AA167907
ALAMANCE,D,DENIED,ARNOLDDOROTHY,DOROTHYARNOLD,1619MORNINGSIDEDRL,WHITE,UN,UNDESIGNATED,REP,REPUBLICAN,80.0,5212012.0,AgeOver66,AA172176
ALAMANCE,A,ACTIVE,ARNOLDELEANORGARNETT,ELEANORGARNETTARNOLD,1232CEDARCRESTDR,WHITE,,NOTHISPANICorNOTLATINO,UNA,UNAFFILIATED,60.0,,Age4165,AA67204
ALAMANCE,A,ACTIVE,ARNOLDFRANCESBRANTLEY,FRANCESBRANTLEYARNOLD,6016HOLTCROSSRD,WHITE,,NOTHISPANICorNOTLATINO,REP,REPUBLICAN,66.0,5231995.0,AgeOver66,AA94100
ALAMANCE,R,REMOVED,ARNOLDFRANKEDWARD,FRANKEDWARDARNOLD,122SYLVANSCHOOLRD,WHITE,,NOTHISPANICorNOTLATINO,DEM,DEMOCRATIC,88.0,7242003.0,AgeOver66,AA130849
ALAMANCE,A,ACTIVE,ARNOLDHARVEYDALTONJR,HARVEYDALTONARNOLDJR,2847JOHNLEWISRD,WHITE,,NOTHISPANICorNOTLATINO,DEM,DEMOCRATIC,59.0,9232010.0,Age4165,CJ34933
ALAMANCE,A,ACTIVE,ARNOLDHELENELVA,HELENELVAARNOLD,2504MCKINNEYST,WHITE,,NOTHISPANICorNOTLATINO,REP,REPUBLICAN,37.0,9152004.0,Age2640,AA137867
ALAMANCE,A,ACTIVE,ARNOLDJACOBEDWARD,JACOBEDWARDARNOLD,126SYLVANSCHOOLRD,WHITE,,NOTHISPANICorNOTLATINO,DEM,DEMOCRATIC,19.0,,,AA177611
ALAMANCE,A,ACTIVE,ARNOLDJAMESGARNETT,JAMESGARNETTARNOLD,1232CEDARCRESTDR,WHITE,,NOTHISPANICorNOTLATINO,UNA,UNAFFILIATED,33.0,6241999.0,Age2640,AA114649
ALAMANCE,I,INACTIVE,ARNOLDJAMESRANDOLPH,JAMESRANDOLPHARNOLD,332CEDARST,BLACKorAFRICANAMERICAN,,NOTHISPANICorNOTLATINO,DEM,DEMOCRATIC,61.0,2121996.0,Age4165,AA97575
ALAMANCE,A,ACTIVE,ARNOLDKAITLINM,KAITLINMARNOLD,983HUFFMANLN,WHITE,UN,UNDESIGNATED,REP,REPUBLICAN,22.0,,,AA159590
ALAMANCE,A,ACTIVE,ARNOLDKATRINAELAINE,KATRINAELAINEARNOLD,303CHANDLERHALLD,BLACKorAFRICANAMERICAN,,NOTHISPANICorNOTLATINO,DEM,DEMOCRATIC,30.0,9182000.0,Age2640,AA119930
ALAMANCE,A,ACTIVE,ARNOLDLARRYWILLIAM,LARRYWILLIAMARNOLD,8535LINDLEYMILLRD,WHITE,NL,NOTHISPANICorNOTLATINO,DEM,DEMOCRATIC,62.0,8141992.0,Age4165,AA82717
ALAMANCE,A,ACTIVE,ARNOLDMICHAELEDWARD,,126SYLVANSCHOOLRD,WHITE,,NOTHISPANICorNOTLATINO,UNA,UNAFFILIATED,52.0,4301992.0,Age4165,AA81196
ALAMANCE,A,ACTIVE,ARNOLDPENNYLIVESAY,PENNYLIVESAYARNOLD,126SYLVANSCHOOLRD,WHITE,NL,NOTHISPANICorNOTLATINO,UNA,UNAFFILIATED,52.0,7301992.0,Age4165,AA82261
ALAMANCE,A,ACTIVE,ARNOLDRYANMICHEL,RYANMICHELARNOLD,8535LINDLEYMILLRD,WHITE,UN,UNDESIGNATED,DEM,DEMOCRATIC,22.0,3312008.0,,AA153187
ALAMANCE,A,ACTIVE,ARNOLDSANDRALYNN,SANDRALYNNARNOLD,317STEELECRESTRD,WHITE,NL,NOTHISPANICorNOTLATINO,DEM,DEMOCRATIC,55.0,3271992.0,Age4165,AA80572
ALAMANCE,A,ACTIVE,ARNOLDSANDRABRADSHAW,SANDRABRADSHAWARNOLD,,WHITE,UN,UNDESIGNATED,DEM,DEMOCRATIC,67.0,1172012.0,AgeOver66,CA59899
ALAMANCE,A,ACTIVE,ARNOLDSHARONCROTTS,SHARONCROTTSARNOLD,830KIMBERLYRD,WHITE,NL,NOTHISPANICorNOTLATINO,DEM,DEMOCRATIC,50.0,,Age4165,AA67981
ALAMANCE,A,ACTIVE,ARNOLDSHIRLEYANN,SHIRLEYANNARNOLD,304SAMSNEADDR,WHITE,NL,NOTHISPANICorNOTLATINO,DEM,DEMOCRATIC,76.0,5242006.0,AgeOver66,AA146636
ALAMANCE,A,ACTIVE,ARNOLDTIMOTHYFRANCIS,TIMOTHYFRANCISARNOLD,1922ROUTHRD,WHITE,UN,UNDESIGNATED,UNA,UNAFFILIATED,28.0,9172008.0,Age2640,AA157505
ALAMANCE,A,ACTIVE,ARNOLDTRACYSCOTT,TRACYSCOTTARNOLD,1608DARRELLDR5,WHITE,NL,NOTHISPANICorNOTLATINO,DEM,DEMOCRATIC,50.0,11012012.0,Age4165,AA178651
ALAMANCE,A,ACTIVE,ARNZENANNETTEBLACK,ANNETTEBLACKARNZEN,1531MOORE'SCHAPELCEMETARYRD,WHITE,NL,NOTHISPANICorNOTLATINO,REP,REPUBLICAN,42.0,4282003.0,Age4165,AA130148
ALAMANCE,I,INACTIVE,ARNZENCONSTANCECHACE,CONSTANCECHACEARNZEN,3448COOKST,WHITE,UN,UNDESIGNATED,DEM,DEMOCRATIC,72.0,12072007.0,AgeOver66,AA151447
ALAMANCE,R,REMOVED,ARONMICHAELBRANDON,,305OAKLANDDR,WHITE,NL,NOTHISPANICorNOTLATINO,REP,REPUBLICAN,39.0,7092001.0,Age2640,AA123845
ALAMANCE,A,ACTIVE,ARQUETTEBOBBYL,BOBBYLARQUETTE,25CATESCIRCLEDRC,WHITE,NL,NOTHISPANICorNOTLATINO,UNA,UNAFFILIATED,56.0,10012004.0,Age4165,AA139233
ALAMANCE,A,ACTIVE,ARRANTJOANPHYLLIS,JOANPHYLLISARRANT,5890SSPRINGFLOWERSDR,WHITE,UN,UNDESIGNATED,UNA,UNAFFILIATED,51.0,8282008.0,Age4165,AA156669
ALAMANCE,A,ACTIVE,ARREOLAFRANCESRAQUEL,FRANCESRAQUELARREOLA,906SRIDGERD,WHITE,NL,NOTHISPANICorNOTLATINO,DEM,DEMOCRATIC,35.0,2042003.0,Age2640,AA129399
ALAMANCE,A,ACTIVE,ARREOLAKAYLAANN,KAYLAANNARREOLA,1648WHITE'SKENNELRD81,WHITE,NL,NOTHISPANICorNOTLATINO,UNA,UNAFFILIATED,19.0,8122011.0,,AA169151
ALAMANCE,A,ACTIVE,ARRICOADAMWILLIAM,ADAMWILLIAMARRICO,705SBROADSTD,WHITE,NL,NOTHISPANICorNOTLATINO,UNA,UNAFFILIATED,24.0,9192012.0,,EF132495
ALAMANCE,R,REMOVED,ARRINGTONALFRED(NMN),ALFRED(NMN)ARRINGTON,2405HUNTINGTONRD4,BLACKorAFRICANAMERICAN,NL,NOTHISPANICorNOTLATINO,DEM,DEMOCRATIC,77.0,10081990.0,AgeOver66,AA74524
ALAMANCE,A,ACTIVE,ARRINGTONBRANDONLEON,BRANDONLEONARRINGTON,4035COMRIELN,BLACKorAFRICANAMERICAN,UN,UNDESIGNATED,DEM,DEMOCRATIC,32.0,10062008.0,Age2640,BZ38741
ALAMANCE,A,ACTIVE,ARRINGTONDEBRAA,DEBRAAARRINGTON,1920HOLLANDAVE,BLACKorAFRICANAMERICAN,NL,NOTHISPANICorNOTLATINO,DEM,DEMOCRATIC,,1041996.0,Age4165,AA96762
ALAMANCE,A,ACTIVE,ARRINGTONEVEHENDRICKS,EVEHENDRICKSARRINGTON,4035COMRIELN,BLACKorAFRICANAMERICAN,UN,UNDESIGNATED,DEM,DEMOCRATIC,32.0,9212008.0,Age2640,BZ41987
ALAMANCE,A,ACTIVE,ARRINGTONGLENNSAMUEL,GLENNSAMUELARRINGTON,2604PEPPERSTONEDR,WHITE,NL,NOTHISPANICorNOTLATINO,REP,REPUBLICAN,,11102005.0,Age4165,AA145014
ALAMANCE,I,INACTIVE,ARRINGTONJAMELLEE,JAMELLEEARRINGTON,516EHARDENSTF,BLACKorAFRICANAMERICAN,UN,UNDESIGNATED,DEM,DEMOCRATIC,26.0,10052004.0,Age2640,AA139639
ALAMANCE,A,ACTIVE,ARRINGTONJULIA,JULIAARRINGTON,1314WILLOWBROOKCT,WHITE,NL,NOTHISPANICorNOTLATINO,REP,REPUBLICAN,26.0,7072009.0,Age2640,BY418668
ALAMANCE,A,ACTIVE,ARRINGTONLOUISEELEANOR,,813RAINEYST,BLACKorAFRICANAMERICAN,NL,NOTHISPANICorNOTLATINO,DEM,DEMOCRATIC,67.0,8112005.0,AgeOver66,AA144168
ALAMANCE,A,ACTIVE,ARRINGTONMARYEARLES,,2722MIDWAYCHURCHRD,WHITE,NL,NOTHISPANICorNOTLATINO,REP,REPUBLICAN,76.0,8041995.0,AgeOver66,AA94945
ALAMANCE,A,ACTIVE,ARRINGTONMICHAELANTHONY,,4804BELLEMONTMTHERMONRD22,TWOorMORERACES,UN,UNDESIGNATED,DEM,DEMOCRATIC,55.0,10031980.0,Age4165,AA3385
ALAMANCE,A,ACTIVE,ARRINGTONROBERTERIC,ROBERTERICARRINGTON,406SOMERSAVE,BLACKorAFRICANAMERICAN,NL,NOTHISPANICorNOTLATINO,REP,REPUBLICAN,,10302009.0,Age4165,DL164108
ALAMANCE,A,ACTIVE,ARRINGTONSHARONCOOK,SHARONCOOKARRINGTON,4804BELLEMONTMTHERMONRD,WHITE,NL,NOTHISPANICorNOTLATINO,REP,REPUBLICAN,53.0,3081988.0,Age4165,AA64345
ALAMANCE,A,ACTIVE,ARRINGTONTAMMIEMARIE,TAMMIEMARIEARRINGTON,2604PEPPERSTONEDR,WHITE,NL,NOTHISPANICorNOTLATINO,REP,REPUBLICAN,53.0,11102005.0,Age4165,AA145015
ALAMANCE,A,ACTIVE,ARRINGTONVICKYSMITH,VICKYSMITHARRINGTON,686ISLEYSCHOOLRD,WHITE,NL,NOTHISPANICorNOTLATINO,DEM,DEMOCRATIC,62.0,9291972.0,Age4165,AA3386
ALAMANCE,A,ACTIVE,ARRINGTONWILLIAMMICHEAL,WILLIAMMICHEALARRINGTON,4804BELLEMONTMTHERMONRD22,WHITE,UN,UNDESIGNATED,DEM,DEMOCRATIC,27.0,8012003.0,Age2640,AA130844
ALAMANCE,A,ACTIVE,ARRINGTONZOELYNN,ZOELYNNARRINGTON,406SOMERSAVE,BLACKorAFRICANAMERICAN,NL,NOTHISPANICorNOTLATINO,DEM,DEMOCRATIC,39.0,8072009.0,Age2640,DL163191
ALAMANCE,A,ACTIVE,ARRIOLAROSAAMERICA,ROSAAMERICAARRIOLA,920BELLEVUEST,UNDESIGNATED,HL,HISPANICorLATINO,DEM,DEMOCRATIC,36.0,8312012.0,Age2640,AA174578
ALAMANCE,A,ACTIVE,ARROWOODDARLESCOOK,DARLESCOOKARROWOOD,2708CARDWELLDR,WHITE,NL,NOTHISPANICorNOTLATINO,REP,REPUBLICAN,51.0,9012004.0,Age4165,AA137814
ALAMANCE,I,INACTIVE,ARROWOODDONALDALAN,DONALDALANARROWOOD,2708CARDWELLDR,WHITE,NL,NOTHISPANICorNOTLATINO,UNA,UNAFFILIATED,55.0,9012004.0,Age4165,AA137815
ALAMANCE,A,ACTIVE,ARROWOODJAMESSCOTT,JAMESSCOTTARROWOOD,2708CARDWELLDR,WHITE,NL,NOTHISPANICorNOTLATINO,REP,REPUBLICAN,24.0,4082008.0,,AA153298
ALAMANCE,A,ACTIVE,ARROWOODJEARLINA,JEARLINAARROWOOD,2718PEPPERSTONEDR,WHITE,NL,NOTHISPANICorNOTLATINO,REP,REPUBLICAN,76.0,,AgeOver66,AA147907
ALAMANCE,A,ACTIVE,ARROWOODTINAMICHELE,TINAMICHELEARROWOOD,213TRAVISLN,WHITE,UN,UNDESIGNATED,DEM,DEMOCRATIC,51.0,10042008.0,Age4165,EH562347
ALAMANCE,A,ACTIVE,ARROYOALEXIS,ALEXISARROYO,1959SINCLAIRTRCE,UNDESIGNATED,HL,HISPANICorLATINO,UNA,UNAFFILIATED,30.0,9132012.0,Age2640,AA174816
ALAMANCE,A,ACTIVE,ARROYOALICIALEONORE,ALICIALEONOREARROYO,312STOKESSTA,UNDESIGNATED,UN,UNDESIGNATED,UNA,UNAFFILIATED,21.0,7252012.0,,AA173615
ALAMANCE,A,ACTIVE,ARROYOGRECIA,GRECIAARROYO,1752DIXONSWIMMINGPOOLRD20,UNDESIGNATED,UN,UNDESIGNATED,UNA,UNAFFILIATED,24.0,6122012.0,,AA172456
ALAMANCE,A,ACTIVE,ARROYOLAURA,LAURAARROYO,1959SINCLAIRTRCE,WHITE,NL,NOTHISPANICorNOTLATINO,DEM,DEMOCRATIC,32.0,,Age2640,AA177079
ALAMANCE,A,ACTIVE,ARROYOMATEOSYLVESTRE,,2624ESIMPSONRD39,UNDESIGNATED,UN,UNDESIGNATED,DEM,DEMOCRATIC,21.0,4022012.0,,AA171199
ALAMANCE,D,DENIED,ARROYOMATEOSYLVESTRE,,1715HILTONRD,UNDESIGNATED,HL,HISPANICorLATINO,DEM,DEMOCRATIC,21.0,2042011.0,,AA168011
ALAMANCE,I,INACTIVE,ARROYOWENDYASHBY,WENDYASHBYARROYO,2105LONGDAIRYRD,WHITE,,NOTHISPANICorNOTLATINO,REP,REPUBLICAN,36.0,2212006.0,Age2640,AA145916
ALAMANCE,A,ACTIVE,ARROYOMARTINEZEDER,EDERARROYOMARTINEZ,821SBROADST,UNDESIGNATED,HL,HISPANICorLATINO,DEM,DEMOCRATIC,23.0,6052012.0,,AA172457
ALAMANCE,A,ACTIVE,ARRWOODDARRYLMARTIN,DARRYLMARTINARRWOOD,3632ALTAMAHAWCHURCHST,WHITE,,NOTHISPANICorNOTLATINO,REP,REPUBLICAN,51.0,3211991.0,Age4165,AA76817
ALAMANCE,R,REMOVED,ARRWOODELSIEMARTIN,ELSIEMARTINARRWOOD,3523SUTTONST,WHITE,,NOTHISPANICorNOTLATINO,DEM,DEMOCRATIC,90.0,6011978.0,AgeOver66,AA3390
ALAMANCE,A,ACTIVE,ARTERLIANEALEXANDER,LIANEALEXANDERARTER,223COLONNADEDR,WHITE,,NOTHISPANICorNOTLATINO,DEM,DEMOCRATIC,22.0,9102008.0,,AA157484
ALAMANCE,A,ACTIVE,ARTERRONALDMADISON,RONALDMADISONARTER,2459MORNINGSIDEDR,BLACKorAFRICANAMERICAN,,NOTHISPANICorNOTLATINO,DEM,DEMOCRATIC,,12121991.0,Age4165,AA79144
ALAMANCE,I,INACTIVE,ARTHURDEBORAHPERRY,DEBORAHPERRYARTHUR,1874NNCHWY62,WHITE,UN,UNDESIGNATED,UNA,UNAFFILIATED,,3022010.0,Age4165,AA165644
ALAMANCE,A,ACTIVE,ARTHURELIZABETHELLEN,ELIZABETHELLENARTHUR,1880BROOKWOODAVE210,WHITE,,NOTHISPANICorNOTLATINO,DEM,DEMOCRATIC,88.0,4232012.0,AgeOver66,AA172273
ALAMANCE,A,ACTIVE,ARTHURJANETCARLIE,JANETCARLIEARTHUR,4414NNCHWY87,WHITE,,NOTHISPANICorNOTLATINO,REP,REPUBLICAN,78.0,12152008.0,AgeOver66,AA162473
ALAMANCE,R,REMOVED,ARTHURLEANNNICOLE,LEANNNICOLEARTHUR,3551FORESTDALEDRHB,WHITE,UN,UNDESIGNATED,REP,REPUBLICAN,32.0,7202004.0,Age2640,AA135206
ALAMANCE,A,ACTIVE,ARTHURLOTTIEFESPERMAN,,7POPLAR,WHITE,,NOTHISPANICorNOTLATINO,REP,REPUBLICAN,91.0,9131958.0,AgeOver66,AA3393
ALAMANCE,A,ACTIVE,ARTHURLYNDALONG,,4346LANDILN,BLACKorAFRICANAMERICAN,,NOTHISPANICorNOTLATINO,DEM,DEMOCRATIC,63.0,7201993.0,Age4165,AA87575
ALAMANCE,R,REMOVED,ARTHURROBERTKNODE,ROBERTKNODEARTHUR,7POPLAR,WHITE,,NOTHISPANICorNOTLATINO,REP,REPUBLICAN,92.0,9131958.0,AgeOver66,AA3395
ALAMANCE,A,ACTIVE,ARTHURROBERTJAMES,ROBERTJAMESARTHUR,1720OLDSTMARK'SCHURCHRD81G,WHITE,,NOTHISPANICorNOTLATINO,DEM,DEMOCRATIC,26.0,10252012.0,Age2640,DH39136
ALAMANCE,A,ACTIVE,ARTHURSCOTTHARVEY,SCOTTHARVEYARTHUR,1400ROSLYNDR15C,WHITE,,NOTHISPANICorNOTLATINO,REP,REPUBLICAN,,10051984.0,Age4165,
ALAMANCE,A,ACTIVE,ARTHURTAMMYRIPPY,TAMMYRIPPYARTHUR,1812RENDALLST,WHITE,,NOTHISPANICorNOTLATINO,REP,REPUBLICAN,52.0,2241984.0,Age4165,
ALAMANCE,A,ACTIVE,ARTHURWILLIEFRANKSR,WILLIEFRANKARTHURSR,4346LANDILN,BLACKorAFRICANAMERICAN,,NOTHISPANICorNOTLATINO,DEM,DEMOCRATIC,62.0,10081996.0,Age4165,AA103038
ALAMANCE,A,ACTIVE,ARTHURWILLIEFRANKJR,WILLIEFRANKARTHURJR,2423MELFIELDDR,BLACKorAFRICANAMERICAN,UN,UNDESIGNATED,DEM,DEMOCRATIC,33.0,1042000.0,Age2640,AA116588
ALAMANCE,A,ACTIVE,ARTHURSBEVERLYSUMNER,BEVERLYSUMNERARTHURS,313WPINEST,WHITE,,NOTHISPANICorNOTLATINO,DEM,DEMOCRATIC,78.0,7091976.0,AgeOver66,AA3397
ALAMANCE,A,ACTIVE,ARTISMARGIEJACKSON,,2102QUAKERCREEKDR,BLACKorAFRICANAMERICAN,UN,UNDESIGNATED,DEM,DEMOCRATIC,61.0,9062006.0,Age4165,AA147354
ALAMANCE,A,ACTIVE,ARTLEYJEANLITTLEJOHN,JEANLITTLEJOHNARTLEY,,WHITE,,NOTHISPANICorNOTLATINO,DEM,DEMOCRATIC,70.0,8211996.0,AgeOver66,AA101218
ALAMANCE,R,REMOVED,ARTLEYJOANBROWN,JOANBROWNARTLEY,2601NNCHWY497,WHITE,NL,NOTHISPANICorNOTLATINO,REP,REPUBLICAN,82.0,3221990.0,AgeOver66,AA70990
ALAMANCE,A,ACTIVE,ARTLEYKEVINCRAIG,KEVINCRAIGARTLEY,2601NNCHWY497,WHITE,NL,NOTHISPANICorNOTLATINO,REP,REPUBLICAN,,3261990.0,Age4165,AA70991
ALAMANCE,A,ACTIVE,ARTLEYMALVINNEWTON,,,WHITE,NL,NOTHISPANICorNOTLATINO,REP,REPUBLICAN,91.0,7111996.0,AgeOver66,AA100494
ALAMANCE,A,ACTIVE,ARTLEYMALVINNEWTONJR,,2601NNCHWY497,WHITE,,NOTHISPANICorNOTLATINO,UNA,UNAFFILIATED,56.0,7312012.0,Age4165,AA175384
ALAMANCE,A,ACTIVE,ARVIDSONFAITHANN,FAITHANNARVIDSON,,WHITE,,NOTHISPANICorNOTLATINO,REP,REPUBLICAN,,9242012.0,Age4165,AS54122
ALAMANCE,A,ACTIVE,ARVOAMBERLEE,AMBERLEEARVO,2264SHERARDTRL,WHITE,,NOTHISPANICorNOTLATINO,DEM,DEMOCRATIC,30.0,11202008.0,Age2640,AA162477
ALAMANCE,A,ACTIVE,ARVOKIRKDEREK,KIRKDEREKARVO,2332SHERARDTRL,WHITE,,NOTHISPANICorNOTLATINO,REP,REPUBLICAN,27.0,11072011.0,Age2640,AA169761
ALAMANCE,A,ACTIVE,ARWOODCHRISTOPHERJAMES,CHRISTOPHERJAMESARWOOD,3374JONESDR,WHITE,,NOTHISPANICorNOTLATINO,REP,REPUBLICAN,27.0,3122009.0,Age2640,AA131902
ALAMANCE,I,INACTIVE,ARWOODFAITHTAYLOR,FAITHTAYLORARWOOD,,WHITE,,NOTHISPANICorNOTLATINO,UNA,UNAFFILIATED,55.0,,Age4165,AA103853
ALAMANCE,I,INACTIVE,ARWOODJAMESDOUGLAS,JAMESDOUGLASARWOOD,,WHITE,,NOTHISPANICorNOTLATINO,REP,REPUBLICAN,58.0,4121995.0,Age4165,AA93542
ALAMANCE,A,ACTIVE,ARZOLAAMY,AMYARZOLA,923EHAGGARDAVE,UNDESIGNATED,HL,HISPANICorLATINO,UNA,UNAFFILIATED,18.0,2062012.0,,AA170250
ALAMANCE,A,ACTIVE,ASBURYJOSHBRAD,JOSHBRADASBURY,1902RENDALLST,WHITE,UN,UNDESIGNATED,DEM,DEMOCRATIC,24.0,8152008.0,,AA156176
ALAMANCE,A,ACTIVE,ASBURYKAITLINRUTH,KAITLINRUTHASBURY,700EHAGGARDAVEM204,UNDESIGNATED,UN,UNDESIGNATED,DEM,DEMOCRATIC,19.0,4262012.0,,AA172458
ALAMANCE,I,INACTIVE,ASCENCIOLIDIOEDUARDO,LIDIOEDUARDOASCENCIO,429KERNODLEDRF,WHITE,,NOTHISPANICorNOTLATINO,UNA,UNAFFILIATED,31.0,5122000.0,Age2640,AA117989
ALAMANCE,R,REMOVED,ASFAWANNETTEMARIE,ANNETTEMARIEASFAW,220EMERSONDR,WHITE,,NOTHISPANICorNOTLATINO,UNA,UNAFFILIATED,,6072004.0,Age4165,AA134675
ALAMANCE,I,INACTIVE,ASFOURAMANDAPEREZ,AMANDAPEREZASFOUR,2253PINEKNOLLTER,WHITE,,NOTHISPANICorNOTLATINO,REP,REPUBLICAN,27.0,2242004.0,Age2640,AA133171
ALAMANCE,A,ACTIVE,ASFOURSULTANMAHMOUD,SULTANMAHMOUDASFOUR,2219OLDORCHARDLN,OTHER,,NOTHISPANICorNOTLATINO,DEM,DEMOCRATIC,31.0,11012012.0,Age2640,AA178698
ALAMANCE,A,ACTIVE,ASHJENNIFERLYNN,JENNIFERLYNNASH,,WHITE,,NOTHISPANICorNOTLATINO,UNA,UNAFFILIATED,41.0,,Age4165,AA144864
ALAMANCE,A,ACTIVE,ASHWILLIAMJAMES,WILLIAMJAMESASH,,WHITE,,NOTHISPANICorNOTLATINO,DEM,DEMOCRATIC,40.0,,Age2640,AA144867
ALAMANCE,I,INACTIVE,ASHBURNCARYDEE,CARYDEEASHBURN,1830SELBYDR,WHITE,,NOTHISPANICorNOTLATINO,UNA,UNAFFILIATED,,10312008.0,Age4165,AA162207
ALAMANCE,A,ACTIVE,ASHBURNDEANNEDEESE,DEANNEDEESEASHBURN,1830SELBYDR,WHITE,,NOTHISPANICorNOTLATINO,REP,REPUBLICAN,43.0,3282002.0,Age4165,AA126049
ALAMANCE,A,ACTIVE,ASHBURNLAKEETACHARON,LAKEETACHARONASHBURN,628CENTERAVEC,BLACKorAFRICANAMERICAN,,NOTHISPANICorNOTLATINO,DEM,DEMOCRATIC,33.0,5142004.0,Age2640,AA134293
ALAMANCE,I,INACTIVE,ASHBURNRILEYKATHYLEAN,KATHYLEANASHBURNRILEY,6948TOMWOODYRD,BLACKorAFRICANAMERICAN,,NOTHISPANICorNOTLATINO,DEM,DEMOCRATIC,52.0,,Age4165,AA144806
ALAMANCE,A,ACTIVE,ASHBYAMANDADAWN,AMANDADAWNASHBY,2547ROGERSRD,WHITE,UN,UNDESIGNATED,REP,REPUBLICAN,31.0,,Age2640,AA159540
ALAMANCE,I,INACTIVE,ASHBYANDREWJACKSONJR,ANDREWJACKSONASHBYJR,2508BASINCREEKRD,WHITE,,NOTHISPANICorNOTLATINO,REP,REPUBLICAN,55.0,3041996.0,Age4165,AA97913
ALAMANCE,A,ACTIVE,ASHBYBETHBLANCHARD,BETHBLANCHARDASHBY,100PEBBLEBEACHCT,WHITE,,NOTHISPANICorNOTLATINO,REP,REPUBLICAN,51.0,,Age4165,AA124740
ALAMANCE,A,ACTIVE,ASHBYBETTYRAGLE,BETTYRAGLEASHBY,2263TROENDLYST,WHITE,,NOTHISPANICorNOTLATINO,UNA,UNAFFILIATED,75.0,9172001.0,AgeOver66,AA124636
ALAMANCE,R,REMOVED,ASHBYBILLYRAYJR,BILLYRAYASHBYJR,402NSECONDST,WHITE,,NOTHISPANICorNOTLATINO,DEM,DEMOCRATIC,43.0,9301988.0,Age4165,AA66824
ALAMANCE,A,ACTIVE,ASHBYCANDICEQUEEN,CANDICEQUEENASHBY,,WHITE,,NOTHISPANICorNOTLATINO,UNA,UNAFFILIATED,24.0,7152009.0,,AA164374
ALAMANCE,A,ACTIVE,ASHBYCAROLYNRUTHKURFIRS,CAROLYNRUTHKURFIRSASHBY,2134DORSETTST,WHITE,,NOTHISPANICorNOTLATINO,DEM,DEMOCRATIC,63.0,7211976.0,Age4165,AA6468
ALAMANCE,A,ACTIVE,ASHBYCYNTHIAHARDEN,CYNTHIAHARDENASHBY,2508BASINCREEKRD,WHITE,,NOTHISPANICorNOTLATINO,REP,REPUBLICAN,52.0,6201997.0,Age4165,AA106489
ALAMANCE,A,ACTIVE,ASHBYDAVIDLEE,DAVIDLEEASHBY,514ISLEYRD,WHITE,,NOTHISPANICorNOTLATINO,DEM,DEMOCRATIC,53.0,6011982.0,Age4165,AA3403
ALAMANCE,A,ACTIVE,ASHBYDOROTHYKING,DOROTHYKINGASHBY,1355NNCHWY8713,WHITE,,NOTHISPANICorNOTLATINO,DEM,DEMOCRATIC,76.0,2041993.0,AgeOver66,AA86598
ALAMANCE,R,REMOVED,ASHBYEARLJUNIOR,EARLJUNIORASHBY,514ISLEYRD,WHITE,,NOTHISPANICorNOTLATINO,DEM,DEMOCRATIC,79.0,2031997.0,AgeOver66,AA105395
ALAMANCE,A,ACTIVE,ASHBYGAILISLEY,GAILISLEYASHBY,514ISLEYRD,WHITE,,NOTHISPANICorNOTLATINO,DEM,DEMOCRATIC,75.0,10261968.0,AgeOver66,AA3405
ALAMANCE,A,ACTIVE,ASHBYGREGORYJAMES,GREGORYJAMESASHBY,2627DALLASDR,WHITE,,NOTHISPANICorNOTLATINO,DEM,DEMOCRATIC,25.0,1312006.0,,AA145737
ALAMANCE,A,ACTIVE,ASHBYJEREMYALLEN,JEREMYALLENASHBY,802TILLMANST,WHITE,UN,UNDESIGNATED,DEM,DEMOCRATIC,72.0,10022012.0,AgeOver66,AA176009
ALAMANCE,A,ACTIVE,ASHBYKENNETHALVIN,KENNETHALVINASHBY,2134DORSETTST,WHITE,,NOTHISPANICorNOTLATINO,REP,REPUBLICAN,67.0,7061990.0,AgeOver66,AA72247
ALAMANCE,A,ACTIVE,ASHBYKRISTINICOLE,KRISTINICOLEASHBY,2565SJIMMINORRD,WHITE,,NOTHISPANICorNOTLATINO,REP,REPUBLICAN,26.0,9142009.0,Age2640,AA164690
ALAMANCE,A,ACTIVE,ASHBYLORAMARIE,,1822HARRIETDR,WHITE,,NOTHISPANICorNOTLATINO,DEM,DEMOCRATIC,32.0,5032000.0,Age2640,AA117991
ALAMANCE,I,INACTIVE,ASHBYMAJORWARREN,,4338NNCHWY87,WHITE,,NOTHISPANICorNOTLATINO,REP,REPUBLICAN,57.0,9161992.0,Age4165,AA82880
ALAMANCE,A,ACTIVE,ASHBYPAULACOBB,PAULACOBBASHBY,1822HARRIETDR,WHITE,,NOTHISPANICorNOTLATINO,REP,REPUBLICAN,56.0,6251992.0,Age4165,AA81835
ALAMANCE,A,ACTIVE,ASHBYRICHMONDTAFT,RICHMONDTAFTASHBY,1822HARRIETDR,WHITE,,NOTHISPANICorNOTLATINO,REP,REPUBLICAN,27.0,6012005.0,Age2640,AA143701
ALAMANCE,A,ACTIVE,ASHBYRICKEYLANE,RICKEYLANEASHBY,100PEBBLEBEACHCT,WHITE,UN,UNDESIGNATED,REP,REPUBLICAN,,10052006.0,Age4165,DE101180
ALAMANCE,I,INACTIVE,ASHBYSANDRAANN,SANDRAANNASHBY,308WALKERAVE,WHITE,UN,UNDESIGNATED,UNA,UNAFFILIATED,,9032009.0,Age4165,AA164660
ALAMANCE,A,ACTIVE,ASHBYSUMMERLEA,SUMMERLEAASHBY,100PEBBLEBEACHCT,WHITE,UN,UNDESIGNATED,UNA,UNAFFILIATED,19.0,9152011.0,,AA169394
ALAMANCE,I,INACTIVE,ASHBYTERRYLYNN,TERRYLYNNASHBY,728IVEYRDC,WHITE,,NOTHISPANICorNOTLATINO,UNA,UNAFFILIATED,27.0,5182005.0,Age2640,AA143617
ALAMANCE,A,ACTIVE,ASHBYWENDYTICKLE,WENDYTICKLEASHBY,802TILLMANST,WHITE,,NOTHISPANICorNOTLATINO,UNA,UNAFFILIATED,,10292008.0,Age4165,AA161962
ALAMANCE,A,ACTIVE,ASHEANNAHENDERSON,ANNAHENDERSONASHE,,WHITE,,NOTHISPANICorNOTLATINO,REP,REPUBLICAN,89.0,,AgeOver66,AA3408
ALAMANCE,A,ACTIVE,ASHEBRIAN,BRIANASHE,2422SNCHWY11911,WHITE,,NOTHISPANICorNOTLATINO,REP,REPUBLICAN,41.0,11131991.0,Age4165,AA78990
ALAMANCE,A,ACTIVE,ASHEDONNAHAYWOOD,DONNAHAYWOODASHE,3320BYERSCT,WHITE,,NOTHISPANICorNOTLATINO,REP,REPUBLICAN,56.0,4071989.0,Age4165,AA69228
ALAMANCE,A,ACTIVE,ASHEDONNIERAY,DONNIERAYASHE,3320BYERSCT,WHITE,,NOTHISPANICorNOTLATINO,REP,REPUBLICAN,55.0,2231995.0,Age4165,AA92582
ALAMANCE,A,ACTIVE,ASHEJAMESHAROLD,JAMESHAROLDASHE,,WHITE,,NOTHISPANICorNOTLATINO,DEM,DEMOCRATIC,97.0,3181972.0,AgeOver66,AA3409
ALAMANCE,A,ACTIVE,ASHEJIMMYREID,JIMMYREIDASHE,1919BREVARDRD,WHITE,,NOTHISPANICorNOTLATINO,REP,REPUBLICAN,66.0,12282000.0,AgeOver66,AA121994
ALAMANCE,A,ACTIVE,ASHEJOHNADAM,JOHNADAMASHE,2422SNCHWY11911,WHITE,,NOTHISPANICorNOTLATINO,REP,REPUBLICAN,,4162007.0,Age4165,AA149375
ALAMANCE,A,ACTIVE,ASHEKARENHANKS,KARENHANKSASHE,2519CATHERINEDR,WHITE,UN,UNDESIGNATED,DEM,DEMOCRATIC,39.0,3021994.0,Age2640,AA89335
ALAMANCE,A,ACTIVE,ASHEMABLEMUNN,,209TROLLINGWOODRD,WHITE,,NOTHISPANICorNOTLATINO,UNA,UNAFFILIATED,75.0,,AgeOver66,AA104494
ALAMANCE,A,ACTIVE,ASHERDAVIDALLEN,DAVIDALLENASHER,2251SUNBERRYDR,WHITE,,NOTHISPANICorNOTLATINO,REP,REPUBLICAN,55.0,3071988.0,Age4165,AA64346
ALAMANCE,A,ACTIVE,ASHERDAVIDALLENJR,DAVIDALLENASHERJR,413COURTLANDDR,WHITE,,NOTHISPANICorNOTLATINO,REP,REPUBLICAN,26.0,5192004.0,Age2640,AA134387
ALAMANCE,A,ACTIVE,ASHERELIZABETHMARIE,ELIZABETHMARIEASHER,413COURTLANDDR,WHITE,,NOTHISPANICorNOTLATINO,UNA,UNAFFILIATED,31.0,10081999.0,Age2640,AA115906
ALAMANCE,D,DENIED,ASHERJOHNMAC,JOHNMACASHER,3573GARDENRD,WHITE,,NOTHISPANICorNOTLATINO,UNA,UNAFFILIATED,59.0,11062007.0,Age4165,AA163956
ALAMANCE,I,INACTIVE,ASHERLISACAROL,,6502SNCHWY62,WHITE,,NOTHISPANICorNOTLATINO,DEM,DEMOCRATIC,36.0,8041999.0,Age2640,AA114874
ALAMANCE,A,ACTIVE,ASHERMARGARETCONNORS,,1647SAXAPAHAWBETHLEHEMCHURCHRDG201,WHITE,,NOTHISPANICorNOTLATINO,REP,REPUBLICAN,55.0,1271988.0,Age4165,AA63319
ALAMANCE,R,REMOVED,ASHERMELISSAANNE,,413COURTLANDDR,WHITE,,NOTHISPANICorNOTLATINO,UNA,UNAFFILIATED,29.0,5192003.0,Age2640,AA130311
ALAMANCE,A,ACTIVE,ASHERRICHARDBRIAN,RICHARDBRIANASHER,6502SNCHWY62,WHITE,,NOTHISPANICorNOTLATINO,DEM,DEMOCRATIC,38.0,8102004.0,Age2640,AA136041
ALAMANCE,A,ACTIVE,ASHERSERNESTOLEALDORE,ERNESTOLEALDOREASHERS,70DENISEDR,BLACKorAFRICANAMERICAN,UN,UNDESIGNATED,DEM,DEMOCRATIC,,6232010.0,Age4165,AA166325
ALAMANCE,A,ACTIVE,ASHLEYALEXISANN,ALEXISANNASHLEY,250NICKSST,WHITE,,NOTHISPANICorNOTLATINO,REP,REPUBLICAN,18.0,3092012.0,,AA170643
ALAMANCE,R,REMOVED,ASHLEYALVAHTINSLEY,ALVAHTINSLEYASHLEY,8247PLEASANTHILLCHURCHRD,WHITE,,NOTHISPANICorNOTLATINO,REP,REPUBLICAN,100.0,4291940.0,AgeOver66,AA3414
ALAMANCE,A,ACTIVE,ASHLEYAMYRENA,AMYRENAASHLEY,716BUENAVISTARD,WHITE,,NOTHISPANICorNOTLATINO,DEM,DEMOCRATIC,38.0,3231992.0,Age2640,AA80574
ALAMANCE,I,INACTIVE,ASHLEYANDREAMEREDITH,ANDREAMEREDITHASHLEY,204NHOLTAVE,WHITE,,NOTHISPANICorNOTLATINO,DEM,DEMOCRATIC,43.0,11271989.0,Age4165,AA77643
ALAMANCE,A,ACTIVE,ASHLEYANGELAFAYE,ANGELAFAYEASHLEY,748LOUISGRAHAMRD,WHITE,,NOTHISPANICorNOTLATINO,REP,REPUBLICAN,57.0,2121984.0,Age4165,
ALAMANCE,A,ACTIVE,ASHLEYBEVERLYWEST,BEVERLYWESTASHLEY,2338LACYHOLTRD,WHITE,,NOTHISPANICorNOTLATINO,DEM,DEMOCRATIC,61.0,4011996.0,Age4165,AA98496
ALAMANCE,A,ACTIVE,ASHLEYBRANDONMICHAEL,BRANDONMICHAELASHLEY,133BUCKEYECT,WHITE,UN,UNDESIGNATED,REP,REPUBLICAN,27.0,10232012.0,Age2640,DE211338
ALAMANCE,A,ACTIVE,ASHLEYCECILDANIELJR,CECILDANIELASHLEYJR,1813DORSETTST,WHITE,,NOTHISPANICorNOTLATINO,REP,REPUBLICAN,,4272010.0,Age4165,AA165780
ALAMANCE,A,ACTIVE,ASHLEYCHRISTINAMICHELLE,CHRISTINAMICHELLEASHLEY,1813DORSETTST,WHITE,,NOTHISPANICorNOTLATINO,DEM,DEMOCRATIC,,8082010.0,Age4165,EG34456
ALAMANCE,I,INACTIVE,ASHLEYCHRISTOPHERANDREW,CHRISTOPHERANDREWASHLEY,1851OLDDAMRD,WHITE,,NOTHISPANICorNOTLATINO,UNA,UNAFFILIATED,26.0,8312004.0,Age2640,AA136962
ALAMANCE,I,INACTIVE,ASHLEYCHRISTOPHERGERALD,CHRISTOPHERGERALDASHLEY,308EGILBREATHSTB,WHITE,UN,UNDESIGNATED,DEM,DEMOCRATIC,36.0,,Age2640,AA159257
ALAMANCE,A,ACTIVE,ASHLEYCRAIGTHOMAS,CRAIGTHOMASASHLEY,2412ELONOSSIPEERD,WHITE,UN,UNDESIGNATED,UNA,UNAFFILIATED,,6192012.0,Age4165,AA172462
ALAMANCE,A,ACTIVE,ASHLEYDANIELMASON,DANIELMASONASHLEY,611NEWST,WHITE,,NOTHISPANICorNOTLATINO,REP,REPUBLICAN,35.0,5222009.0,Age2640,AA164117
ALAMANCE,A,ACTIVE,ASHLEYDAVIDRAY,DAVIDRAYASHLEY,1862BILLYTTRL,WHITE,UN,UNDESIGNATED,UNA,UNAFFILIATED,67.0,6042009.0,AgeOver66,DK24012
ALAMANCE,I,INACTIVE,ASHLEYDAVIDLEE,DAVIDLEEASHLEY,722LARRYAVE,WHITE,,NOTHISPANICorNOTLATINO,UNA,UNAFFILIATED,67.0,9151997.0,AgeOver66,AA107353
ALAMANCE,A,ACTIVE,ASHLEYDEANAELIZABETH,DEANAELIZABETHASHLEY,6165CANECREEKRD,WHITE,,NOTHISPANICorNOTLATINO,REP,REPUBLICAN,34.0,3141996.0,Age2640,AA98170
ALAMANCE,A,ACTIVE,ASHLEYDONALDWADE,DONALDWADEASHLEY,806LYNWOODDR,WHITE,,NOTHISPANICorNOTLATINO,REP,REPUBLICAN,65.0,10041984.0,Age4165,
ALAMANCE,A,ACTIVE,ASHLEYDONNAELIZABETH,DONNAELIZABETHASHLEY,2929AAMICKRD,WHITE,,NOTHISPANICorNOTLATINO,REP,REPUBLICAN,58.0,8051997.0,Age4165,AA107249
ALAMANCE,A,ACTIVE,ASHLEYDONNAJEAN,DONNAJEANASHLEY,6165CANECREEKRD,WHITE,,NOTHISPANICorNOTLATINO,DEM,DEMOCRATIC,61.0,3051997.0,Age4165,AA105397
ALAMANCE,A,ACTIVE,ASHLEYDONNACAROLYN,DONNACAROLYNASHLEY,4635GRASSYLN,WHITE,,NOTHISPANICorNOTLATINO,UNA,UNAFFILIATED,64.0,,Age4165,AA67779
ALAMANCE,A,ACTIVE,ASHLEYDONNIELEE,DONNIELEEASHLEY,6165CANECREEKRD,WHITE,,NOTHISPANICorNOTLATINO,REP,REPUBLICAN,60.0,,Age4165,AA91628
ALAMANCE,A,ACTIVE,ASHLEYDOROTHYJEAN,DOROTHYJEANASHLEY,1006QUAKERCREEKDR,WHITE,,NOTHISPANICorNOTLATINO,REP,REPUBLICAN,63.0,11152006.0,Age4165,AA148050
ALAMANCE,A,ACTIVE,ASHLEYELIZABETHJEAN,ELIZABETHJEANASHLEY,6250THOMRD,WHITE,,NOTHISPANICorNOTLATINO,REP,REPUBLICAN,36.0,3072001.0,Age2640,AA122875
ALAMANCE,A,ACTIVE,ASHLEYELIZABETHANN,ELIZABETHANNASHLEY,403STRATFORDDR,UNDESIGNATED,UN,UNDESIGNATED,UNA,UNAFFILIATED,21.0,5082012.0,,AA171744
ALAMANCE,A,ACTIVE,ASHLEYELLACATOE,ELLACATOEASHLEY,2334MELROSEDR,WHITE,,NOTHISPANICorNOTLATINO,DEM,DEMOCRATIC,57.0,8082005.0,Age4165,AA144199
ALAMANCE,A,ACTIVE,ASHLEYEMILYTENNILLE,EMILYTENNILLEASHLEY,919BELLEVUEST,WHITE,,NOTHISPANICorNOTLATINO,UNA,UNAFFILIATED,34.0,10012008.0,Age2640,AA157808
ALAMANCE,A,ACTIVE,ASHLEYEUGENESTEVENSON,EUGENESTEVENSONASHLEY,6250THOMRD,WHITE,,NOTHISPANICorNOTLATINO,REP,REPUBLICAN,60.0,11031997.0,Age4165,AA108025
ALAMANCE,A,ACTIVE,ASHLEYFRANKLINMCILWAIN,FRANKLINMCILWAINASHLEY,1807ROUTHRD,WHITE,,NOTHISPANICorNOTLATINO,DEM,DEMOCRATIC,52.0,10081990.0,Age4165,AA74527
ALAMANCE,A,ACTIVE,ASHLEYFRANKLINKEITH,FRANKLINKEITHASHLEY,1807ROUTHRD,WHITE,UN,UNDESIGNATED,UNA,UNAFFILIATED,19.0,,,AA169504
ALAMANCE,A,ACTIVE,ASHLEYFREDERICKRAY,FREDERICKRAYASHLEY,2929AAMICKRD,WHITE,,NOTHISPANICorNOTLATINO,DEM,DEMOCRATIC,63.0,,Age4165,AA3427
ALAMANCE,A,ACTIVE,ASHLEYGEORGIAMORROW,GEORGIAMORROWASHLEY,6250THOMRD,WHITE,,NOTHISPANICorNOTLATINO,REP,REPUBLICAN,62.0,9141996.0,Age4165,AA101912
ALAMANCE,A,ACTIVE,ASHLEYGLORIAWILSON,GLORIAWILSONASHLEY,518NMAINST,WHITE,,NOTHISPANICorNOTLATINO,DEM,DEMOCRATIC,66.0,4201968.0,AgeOver66,
ALAMANCE,A,ACTIVE,ASHLEYHANNAHELIZABETH,HANNAHELIZABETHASHLEY,133BUCKEYECT,WHITE,UN,UNDESIGNATED,REP,REPUBLICAN,21.0,10232012.0,,DE258314
ALAMANCE,R,REMOVED,ASHLEYHAROLDJONESSR,HAROLDJONESASHLEYSR,208EGREENST,WHITE,,NOTHISPANICorNOTLATINO,DEM,DEMOCRATIC,77.0,,AgeOver66,AA3430
ALAMANCE,R,REMOVED,ASHLEYJAMESJORDANJR,JAMESJORDANASHLEYJR,8342PLEASANTHILLCHURCHRD,WHITE,,NOTHISPANICorNOTLATINO,REP,REPUBLICAN,92.0,5131950.0,AgeOver66,AA3433
ALAMANCE,A,ACTIVE,ASHLEYJAMESJORDANIII,JAMESJORDANASHLEYIII,913WASHINGTONST,WHITE,,NOTHISPANICorNOTLATINO,UNA,UNAFFILIATED,62.0,7171992.0,Age4165,AA82262
ALAMANCE,I,INACTIVE,ASHLEYJAMES,JAMESASHLEY,732OAKGROVEDR,WHITE,UN,UNDESIGNATED,UNA,UNAFFILIATED,65.0,10012008.0,Age4165,AA159541
ALAMANCE,A,ACTIVE,ASHLEYJAMESHOYT,JAMESHOYTASHLEY,3533SPANISHOAKHILLRD,WHITE,UN,UNDESIGNATED,REP,REPUBLICAN,43.0,,Age4165,AA159601
ALAMANCE,A,ACTIVE,ASHLEYJANISJEANETTE,JANISJEANETTEASHLEY,,WHITE,,NOTHISPANICorNOTLATINO,REP,REPUBLICAN,29.0,10282010.0,Age2640,AA125254
ALAMANCE,A,ACTIVE,ASHLEYJANNIELYNN,JANNIELYNNASHLEY,1465EMAINST,WHITE,,NOTHISPANICorNOTLATINO,REP,REPUBLICAN,63.0,10051984.0,Age4165,
ALAMANCE,A,ACTIVE,ASHLEYJASONLAMAR,JASONLAMARASHLEY,1337LONGDAIRYCT,WHITE,,NOTHISPANICorNOTLATINO,DEM,DEMOCRATIC,33.0,,Age2640,AA121864
ALAMANCE,A,ACTIVE,ASHLEYJEANETTELYNN,JEANETTELYNNASHLEY,6165CANECREEKRD,WHITE,,NOTHISPANICorNOTLATINO,REP,REPUBLICAN,34.0,3141996.0,Age2640,AA98171
ALAMANCE,A,ACTIVE,ASHLEYJEFFREYYANCEY,JEFFREYYANCEYASHLEY,2705WHIPPOORWILLTRL,WHITE,UN,UNDESIGNATED,REP,REPUBLICAN,44.0,4071986.0,Age4165,AA59810
ALAMANCE,A,ACTIVE,ASHLEYJEREMYLYNN,JEREMYLYNNASHLEY,2746NCHWY54,WHITE,,NOTHISPANICorNOTLATINO,DEM,DEMOCRATIC,33.0,8131999.0,Age2640,AA114875
ALAMANCE,A,ACTIVE,ASHLEYJERRYLYNN,JERRYLYNNASHLEY,2334MELROSEDR,WHITE,UN,UNDESIGNATED,UNA,UNAFFILIATED,54.0,10072004.0,Age4165,AA139837
ALAMANCE,A,ACTIVE,ASHLEYJERRYLEE,JERRYLEEASHLEY,518NMAINST,WHITE,,NOTHISPANICorNOTLATINO,DEM,DEMOCRATIC,64.0,7191976.0,Age4165,AA3435
ALAMANCE,A,ACTIVE,ASHLEYJOANRILEY,JOANRILEYASHLEY,2835LYNCHSTORERD,WHITE,,NOTHISPANICorNOTLATINO,DEM,DEMOCRATIC,72.0,5161964.0,AgeOver66,AA3436
ALAMANCE,A,ACTIVE,ASHLEYJOSEPHBAINES,JOSEPHBAINESASHLEY,,WHITE,,NOTHISPANICorNOTLATINO,DEM,DEMOCRATIC,73.0,,AgeOver66,AA3437
ALAMANCE,I,INACTIVE,ASHLEYJOSEPHFAULK,JOSEPHFAULKASHLEY,7320GARRETTRD,WHITE,,NOTHISPANICorNOTLATINO,UNA,UNAFFILIATED,34.0,2271998.0,Age2640,AA109342
ALAMANCE,A,ACTIVE,ASHLEYJOSEPHWARREN,JOSEPHWARRENASHLEY,631MEADOWOODDR,WHITE,,NOTHISPANICorNOTLATINO,REP,REPUBLICAN,,1202010.0,Age4165,AA165316
ALAMANCE,R,REMOVED,ASHLEYKATHRYNBARNETTE,KATHRYNBARNETTEASHLEY,2746NCHWY54,WHITE,,NOTHISPANICorNOTLATINO,DEM,DEMOCRATIC,57.0,4071989.0,Age4165,AA68999
ALAMANCE,A,ACTIVE,ASHLEYKATIESELENA,KATIESELENAASHLEY,4489DICKEYMILLRD,WHITE,,NOTHISPANICorNOTLATINO,REP,REPUBLICAN,28.0,6112004.0,Age2640,AA134715
ALAMANCE,I,INACTIVE,ASHLEYKELLYBROOKE,KELLYBROOKEASHLEY,209EMCADENSTF,WHITE,,NOTHISPANICorNOTLATINO,DEM,DEMOCRATIC,35.0,10062004.0,Age2640,AA139838
ALAMANCE,A,ACTIVE,ASHLEYKELLYTRUITT,KELLYTRUITTASHLEY,1807ROUTHRD,WHITE,,NOTHISPANICorNOTLATINO,DEM,DEMOCRATIC,,10081990.0,Age4165,AA74528
ALAMANCE,A,ACTIVE,ASHLEYKIMBERLYJOURNELL,KIMBERLYJOURNELLASHLEY,3014CULLENSDR,WHITE,UN,UNDESIGNATED,UNA,UNAFFILIATED,52.0,9192012.0,Age4165,AA174818
ALAMANCE,R,REMOVED,ASHLEYLOCKETYANCY,,2835LYNCHSTORERD,WHITE,,NOTHISPANICorNOTLATINO,DEM,DEMOCRATIC,74.0,5161964.0,AgeOver66,AA3441
ALAMANCE,A,ACTIVE,ASHLEYLONNIEBRYANJR,,,WHITE,,NOTHISPANICorNOTLATINO,DEM,DEMOCRATIC,63.0,7061992.0,Age4165,AA82085
ALAMANCE,A,ACTIVE,ASHLEYLORAINEHOPKINS,,205EVADR,WHITE,,NOTHISPANICorNOTLATINO,REP,REPUBLICAN,54.0,10052005.0,Age4165,AA144807
ALAMANCE,R,REMOVED,ASHLEYMARIEJOBE,,208EGREENST,WHITE,,NOTHISPANICorNOTLATINO,DEM,DEMOCRATIC,75.0,,AgeOver66,AA3442
ALAMANCE,A,ACTIVE,ASHLEYMARKALLEN,,2029SHIRLEYDR,WHITE,UN,UNDESIGNATED,REP,REPUBLICAN,42.0,3291988.0,Age4165,AA64618
ALAMANCE,A,ACTIVE,ASHLEYMARTHAELLENSINK,,307SUNRISETRL,WHITE,,NOTHISPANICorNOTLATINO,REP,REPUBLICAN,61.0,4061992.0,Age4165,AA80576
ALAMANCE,A,ACTIVE,ASHLEYMARTINPHILLIP,,4489DICKEYMILLRD,WHITE,,NOTHISPANICorNOTLATINO,UNA,UNAFFILIATED,55.0,12172001.0,Age4165,AA125255
ALAMANCE,R,REMOVED,ASHLEYMARYCOBLE,,8342PLEASANTHILLCHURCHRD,WHITE,,NOTHISPANICorNOTLATINO,REP,REPUBLICAN,80.0,9231980.0,AgeOver66,
ALAMANCE,A,ACTIVE,ASHLEYMELISSALEA,,2849HOLLYWOODDR,WHITE,,NOTHISPANICorNOTLATINO,UNA,UNAFFILIATED,37.0,9302002.0,Age2640,AA128405
ALAMANCE,A,ACTIVE,ASHLEYNANCYBRIGHT,NANCYBRIGHTASHLEY,,WHITE,,NOTHISPANICorNOTLATINO,UNA,UNAFFILIATED,71.0,7171976.0,AgeOver66,AA3444
ALAMANCE,A,ACTIVE,ASHLEYNAOMIC,NAOMICASHLEY,1509PIEDMONTWAY,WHITE,,NOTHISPANICorNOTLATINO,DEM,DEMOCRATIC,85.0,10261968.0,AgeOver66,AA3452
ALAMANCE,A,ACTIVE,ASHLEYPATRICIARUTH,PATRICIARUTHASHLEY,3533SPANISHOAKHILLRD,WHITE,,NOTHISPANICorNOTLATINO,REP,REPUBLICAN,40.0,9202007.0,Age2640,ER26846
ALAMANCE,I,INACTIVE,ASHLEYPAULINECARTER,PAULINECARTERASHLEY,8247PLEASANTHILLCHURCHRD,WHITE,,NOTHISPANICorNOTLATINO,REP,REPUBLICAN,98.0,,AgeOver66,AA3446
ALAMANCE,A,ACTIVE,ASHLEYPHILIPBRENT,PHILIPBRENTASHLEY,829CARRAWAYDR,WHITE,,NOTHISPANICorNOTLATINO,REP,REPUBLICAN,34.0,3201996.0,Age2640,AA98365
ALAMANCE,A,ACTIVE,ASHLEYRAYMONDEUGENEJR,RAYMONDEUGENEASHLEYJR,1006QUAKERCREEKDR,WHITE,,NOTHISPANICorNOTLATINO,REP,REPUBLICAN,,11152006.0,Age4165,AA148051
ALAMANCE,A,ACTIVE,ASHLEYRICHARDF,RICHARDFASHLEY,516BRAXCT,WHITE,,NOTHISPANICorNOTLATINO,REP,REPUBLICAN,70.0,2121984.0,AgeOver66,
ALAMANCE,A,ACTIVE,ASHLEYROBERTP,ROBERTPASHLEY,306ENGLEMANAVE,WHITE,,NOTHISPANICorNOTLATINO,REP,REPUBLICAN,79.0,10051984.0,AgeOver66,
ALAMANCE,A,ACTIVE,ASHLEYROBERTTHOMASSR,ROBERTTHOMASASHLEYSR,506LEMONTREECT,WHITE,UN,UNDESIGNATED,REP,REPUBLICAN,,9222010.0,Age4165,AA166847
ALAMANCE,A,ACTIVE,ASHLEYRONNIELEE,RONNIELEEASHLEY,616NEWST,WHITE,UN,UNDESIGNATED,REP,REPUBLICAN,60.0,4071972.0,Age4165,AA3447
ALAMANCE,R,REMOVED,ASHLEYSARAELAINE,SARAELAINEASHLEY,2000PAISLEYDR129,WHITE,UN,UNDESIGNATED,DEM,DEMOCRATIC,52.0,3142008.0,Age4165,AA153299
ALAMANCE,A,ACTIVE,ASHLEYSARAHHARRIS,SARAHHARRISASHLEY,1862BILLYTTRL,WHITE,UN,UNDESIGNATED,UNA,UNAFFILIATED,66.0,6042009.0,AgeOver66,DK23986
ALAMANCE,A,ACTIVE,ASHLEYSHERRYWYNN,SHERRYWYNNASHLEY,2705WHIPPOORWILLTRL,WHITE,,NOTHISPANICorNOTLATINO,UNA,UNAFFILIATED,41.0,10071994.0,Age4165,AA91621
ALAMANCE,A,ACTIVE,ASHLEYSHIRLEYGUSLER,SHIRLEYGUSLERASHLEY,306ENGLEMANAVE,WHITE,,NOTHISPANICorNOTLATINO,REP,REPUBLICAN,78.0,9291988.0,AgeOver66,AA66485
ALAMANCE,A,ACTIVE,ASHLEYSTEVENLEE,STEVENLEEASHLEY,2641TOBACCORD,WHITE,,NOTHISPANICorNOTLATINO,UNA,UNAFFILIATED,,3261998.0,Age4165,AA109726
ALAMANCE,A,ACTIVE,ASHLEYTERESAKATHLEEN,TERESAKATHLEENASHLEY,2641TOBACCORD,WHITE,,NOTHISPANICorNOTLATINO,UNA,UNAFFILIATED,51.0,8071990.0,Age4165,AA72899
ALAMANCE,A,ACTIVE,ASHLEYTESLAMARIE,TESLAMARIEASHLEY,6907MTHERMONROCKCREEKRD,WHITE,UN,UNDESIGNATED,UNA,UNAFFILIATED,18.0,9142012.0,,AA174834
ALAMANCE,A,ACTIVE,ASHLEYTHOMASTYLER,THOMASTYLERASHLEY,1338SPRINGDALEDR,WHITE,,NOTHISPANICorNOTLATINO,UNA,UNAFFILIATED,39.0,10032012.0,Age2640,AA176011
ALAMANCE,A,ACTIVE,ASHLEYTHOMASCOLEMAN,THOMASCOLEMANASHLEY,307SUNRISETRL,WHITE,,NOTHISPANICorNOTLATINO,REP,REPUBLICAN,63.0,4061992.0,Age4165,AA80578
ALAMANCE,A,ACTIVE,ASHLEYTHOMASALVAH,THOMASALVAHASHLEY,8204PLEASANTHILLCHURCHRD,WHITE,,NOTHISPANICorNOTLATINO,UNA,UNAFFILIATED,64.0,12311971.0,Age4165,AA3451
ALAMANCE,A,ACTIVE,ASHLEYTIFFANYBROOKE,TIFFANYBROOKEASHLEY,,WHITE,,NOTHISPANICorNOTLATINO,REP,REPUBLICAN,30.0,10011999.0,Age2640,AA115637
ALAMANCE,A,ACTIVE,ASHLEYTIMOTHYMARK,TIMOTHYMARKASHLEY,205EVADR,WHITE,,NOTHISPANICorNOTLATINO,REP,REPUBLICAN,56.0,10052005.0,Age4165,AA144808
ALAMANCE,A,ACTIVE,ASHLEYTIMOTHYRAY,TIMOTHYRAYASHLEY,919BELLEVUEST,WHITE,,NOTHISPANICorNOTLATINO,UNA,UNAFFILIATED,,5012008.0,Age4165,AA154913
ALAMANCE,A,ACTIVE,ASHLEYTINAHINTON,TINAHINTONASHLEY,403STRATFORDDR,WHITE,,NOTHISPANICorNOTLATINO,DEM,DEMOCRATIC,51.0,9181982.0,Age4165,AA21094
ALAMANCE,A,ACTIVE,ASHLEYTONJAWILSON,TONJAWILSONASHLEY,2029SHIRLEYDR,WHITE,,NOTHISPANICorNOTLATINO,REP,REPUBLICAN,38.0,1241994.0,Age2640,AA89222
ALAMANCE,A,ACTIVE,ASHLEYTROYJAMESJR,TROYJAMESASHLEYJR,1509PIEDMONTWAY,WHITE,,NOTHISPANICorNOTLATINO,REP,REPUBLICAN,64.0,10061980.0,Age4165,AA3454
ALAMANCE,R,REMOVED,ASHLEYTROYJAMES,TROYJAMESASHLEY,1509PIEDMONTWAY,WHITE,,NOTHISPANICorNOTLATINO,DEM,DEMOCRATIC,91.0,10261968.0,AgeOver66,AA3453
ALAMANCE,A,ACTIVE,ASHLEYVIRGINIAMAY,VIRGINIAMAYASHLEY,,WHITE,,NOTHISPANICorNOTLATINO,UNA,UNAFFILIATED,63.0,10011980.0,Age4165,AA3455
ALAMANCE,A,ACTIVE,ASHLEYWILTONBLALOCKJR,WILTONBLALOCKASHLEYJR,403STRATFORDDR,WHITE,,NOTHISPANICorNOTLATINO,REP,REPUBLICAN,55.0,3141984.0,Age4165,
ALAMANCE,A,ACTIVE,ASHLEYWILTONBIII,WILTONBASHLEYIII,403STRATFORDDR,WHITE,UN,UNDESIGNATED,DEM,DEMOCRATIC,28.0,8162002.0,Age2640,AA127383
ALAMANCE,R,REMOVED,ASHLEYWILTONBLALOCKSR,WILTONBLALOCKASHLEYSR,,WHITE,,NOTHISPANICorNOTLATINO,DEM,DEMOCRATIC,90.0,5151948.0,AgeOver66,AA3456
ALAMANCE,A,ACTIVE,ASHLEYCATESELIZABETH,ELIZABETHASHLEYCATES,301DODSONRD,WHITE,UN,UNDESIGNATED,UNA,UNAFFILIATED,36.0,11042008.0,Age2640,AA162478
ALAMANCE,A,ACTIVE,ASHLEYJONESMARIE,,623WOODHAVENDR,WHITE,,NOTHISPANICorNOTLATINO,DEM,DEMOCRATIC,77.0,10081983.0,AgeOver66,AA3443
ALAMANCE,I,INACTIVE,ASHQARPATRICIAR,PATRICIARASHQAR,2008SMEBANESTD,WHITE,,NOTHISPANICorNOTLATINO,DEM,DEMOCRATIC,,4062009.0,Age4165,AT21479
ALAMANCE,A,ACTIVE,ASHWORTHKIMBERLYDAWN,KIMBERLYDAWNASHWORTH,432WOLDGLENCOERD,WHITE,UN,UNDESIGNATED,DEM,DEMOCRATIC,31.0,6032011.0,Age2640,AA173974
ALAMANCE,A,ACTIVE,ASHWORTHLOUISE,,202BYRONNELSONDR,WHITE,,NOTHISPANICorNOTLATINO,UNA,UNAFFILIATED,66.0,2042011.0,AgeOver66,AA168014
ALAMANCE,A,ACTIVE,ASHWORTHPETERSTEPHEN,PETERSTEPHENASHWORTH,202BYRONNELSONDR,WHITE,,NOTHISPANICorNOTLATINO,UNA,UNAFFILIATED,66.0,1282011.0,AgeOver66,AA167965
ALAMANCE,A,ACTIVE,ASHWORTHRONALDGILBERT,RONALDGILBERTASHWORTH,1404LAKESIDEAVEEXT,WHITE,UN,UNDESIGNATED,DEM,DEMOCRATIC,64.0,5062008.0,Age4165,AA154760
ALAMANCE,A,ACTIVE,ASHWORTHRONALDLEE,RONALDLEEASHWORTH,,WHITE,,NOTHISPANICorNOTLATINO,DEM,DEMOCRATIC,35.0,4301998.0,Age2640,AA109983
ALAMANCE,A,ACTIVE,ASKEWATWOODNEWSOMEJR,ATWOODNEWSOMEASKEWJR,710EDINBURGHCT,WHITE,,NOTHISPANICorNOTLATINO,DEM,DEMOCRATIC,55.0,10061984.0,Age4165,
ALAMANCE,A,ACTIVE,ASKEWAUDREYCAPPS,AUDREYCAPPSASKEW,4173BELLEMONTMTHERMONRD,WHITE,,NOTHISPANICorNOTLATINO,DEM,DEMOCRATIC,84.0,8251956.0,AgeOver66,AA3457
ALAMANCE,A,ACTIVE,ASKEWCHARLESRICHARDJR,CHARLESRICHARDASKEWJR,4145BELLEMONTMTHERMONRD,WHITE,,NOTHISPANICorNOTLATINO,REP,REPUBLICAN,42.0,1171991.0,Age4165,AA76433
ALAMANCE,R,REMOVED,ASKEWCHARLESRICHARD,CHARLESRICHARDASKEW,4173BELLEMONTMTHERMONRD,WHITE,,NOTHISPANICorNOTLATINO,DEM,DEMOCRATIC,85.0,8251956.0,AgeOver66,AA3458
ALAMANCE,R,REMOVED,ASKEWGORRELLJILES,GORRELLJILESASKEW,2007SUNNYBROOKDR,WHITE,,NOTHISPANICorNOTLATINO,DEM,DEMOCRATIC,91.0,5151948.0,AgeOver66,AA3460
ALAMANCE,A,ACTIVE,ASKEWJOSEPHINEWHITLEY,JOSEPHINEWHITLEYASKEW,2007SUNNYBROOKDR,WHITE,,NOTHISPANICorNOTLATINO,DEM,DEMOCRATIC,90.0,10291960.0,AgeOver66,AA3461
ALAMANCE,A,ACTIVE,ASKEWKATHERINEBURKETT,KATHERINEBURKETTASKEW,710EDINBURGHCT,WHITE,,NOTHISPANICorNOTLATINO,DEM,DEMOCRATIC,21.0,12192008.0,,AA162479
ALAMANCE,A,ACTIVE,ASKEWKELLYHART,KELLYHARTASKEW,710EDINBURGHCT,WHITE,,NOTHISPANICorNOTLATINO,DEM,DEMOCRATIC,23.0,4042007.0,,AA149332
ALAMANCE,A,ACTIVE,ASKEWKIMBERLYNEAL,KIMBERLYNEALASKEW,4145BELLEMONTMTHERMONRD,WHITE,,NOTHISPANICorNOTLATINO,REP,REPUBLICAN,40.0,6081994.0,Age2640,AA90291
ALAMANCE,A,ACTIVE,ASKEWLADAWNBARBARA,LADAWNBARBARAASKEW,710BOONESTATIONDRJ,BLACKorAFRICANAMERICAN,,NOTHISPANICorNOTLATINO,UNA,UNAFFILIATED,35.0,6192012.0,Age2640,CW900404
ALAMANCE,A,ACTIVE,ASKEWPATRICIAMATTHEWS,PATRICIAMATTHEWSASKEW,710EDINBURGHCT,WHITE,,NOTHISPANICorNOTLATINO,DEM,DEMOCRATIC,54.0,7151976.0,Age4165,AA3465
ALAMANCE,A,ACTIVE,ASKEWSTEVENWAYNESR,STEVENWAYNEASKEWSR,1315NNCHWY49,WHITE,UN,UNDESIGNATED,REP,REPUBLICAN,51.0,9122012.0,Age4165,AA174836
ALAMANCE,I,INACTIVE,ASKEWULITALYNN,ULITALYNNASKEW,3949CATESLOOPRDD,WHITE,,NOTHISPANICorNOTLATINO,REP,REPUBLICAN,50.0,1072003.0,Age4165,AA129232
ALAMANCE,A,ACTIVE,ASKRENADAMMICHAEL,ADAMMICHAELASKREN,306TRAILONE,WHITE,NL,NOTHISPANICorNOTLATINO,UNA,UNAFFILIATED,23.0,8272012.0,,CJ118233
ALAMANCE,A,ACTIVE,ASMARMARISOL,,423OAKLANDDR,WHITE,HL,HISPANICorLATINO,REP,REPUBLICAN,42.0,,Age4165,AA158899
ALAMANCE,A,ACTIVE,ASSAEDYYAHYAABDO,YAHYAABDOASSAEDY,,OTHER,NL,NOTHISPANICorNOTLATINO,UNA,UNAFFILIATED,31.0,3122007.0,Age2640,AA149070
ALAMANCE,A,ACTIVE,ASTERITAJOSEPHPIOANTHONY,JOSEPHPIOANTHONYASTERITA,2940BRAMBLEWOODDR,WHITE,NL,NOTHISPANICorNOTLATINO,REP,REPUBLICAN,67.0,10312005.0,AgeOver66,AA145016
ALAMANCE,A,ACTIVE,ASTUTOJOSEPHGEORGE,JOSEPHGEORGEASTUTO,602TRACYDRD,WHITE,NL,NOTHISPANICorNOTLATINO,DEM,DEMOCRATIC,,10272011.0,Age4165,BY510927
ALAMANCE,I,INACTIVE,ATANACIOPRISCILAROBLES,PRISCILAROBLESATANACIO,609NMELVILLEST109G,UNDESIGNATED,UN,UNDESIGNATED,REP,REPUBLICAN,79.0,7142004.0,AgeOver66,AA135210
ALAMANCE,A,ACTIVE,ATANACIOROOSEVELTPERICO,ROOSEVELTPERICOATANACIO,2830WESTCHESTERDR,OTHER,NL,NOTHISPANICorNOTLATINO,DEM,DEMOCRATIC,73.0,9262000.0,AgeOver66,AA120310
ALAMANCE,A,ACTIVE,ATHASJAMESIII,JAMESATHASIII,413COURTLANDDR,,UN,UNDESIGNATED,UNA,UNAFFILIATED,33.0,11012012.0,Age2640,BY501081
ALAMANCE,A,ACTIVE,ATHASJAMIEMARIE,JAMIEMARIEATHAS,413COURTLANDDR,,NL,NOTHISPANICorNOTLATINO,REP,REPUBLICAN,31.0,11032012.0,Age2640,BY501573
ALAMANCE,R,REMOVED,ATHERTONPAULBURWELL,PAULBURWELLATHERTON,3031OCHERST,,NL,NOTHISPANICorNOTLATINO,REP,REPUBLICAN,44.0,7091998.0,Age4165,AA110547
ALAMANCE,A,ACTIVE,ATHERTONTHERESAMCCOY,THERESAMCCOYATHERTON,404WILLIAMSONST,,UN,UNDESIGNATED,DEM,DEMOCRATIC,43.0,8191996.0,Age4165,AA101373
ALAMANCE,I,INACTIVE,ATHERTONTRAVESJOHN,TRAVESJOHNATHERTON,702TUCKERST,,NL,NOTHISPANICorNOTLATINO,UNA,UNAFFILIATED,32.0,12292006.0,Age2640,AA148299
ALAMANCE,I,INACTIVE,ATHERTONVICTORIADENISE,VICTORIADENISEATHERTON,1528SMEBANEST1106K,,UN,UNDESIGNATED,DEM,DEMOCRATIC,32.0,7222004.0,Age2640,AA135211
ALAMANCE,A,ACTIVE,ATHEYJESSICANICOLE,JESSICANICOLEATHEY,1359HOLMESLN,WHITE,NL,NOTHISPANICorNOTLATINO,REP,REPUBLICAN,27.0,12202002.0,Age2640,AA128493
ALAMANCE,A,ACTIVE,ATKINSANNAMARIE,ANNAMARIEATKINS,704BURKEST,WHITE,NL,NOTHISPANICorNOTLATINO,REP,REPUBLICAN,56.0,10042012.0,Age4165,AA176012
ALAMANCE,A,ACTIVE,ATKINSAPRILDAWN,APRILDAWNATKINS,1508WOODSENDTRL,WHITE,NL,NOTHISPANICorNOTLATINO,UNA,UNAFFILIATED,32.0,4142000.0,Age2640,AA117994
ALAMANCE,A,ACTIVE,ATKINSAPRILWILLIAMS,APRILWILLIAMSATKINS,2123GLENKIRKDR,WHITE,NL,NOTHISPANICorNOTLATINO,REP,REPUBLICAN,41.0,7261990.0,Age4165,AA72610
ALAMANCE,R,REMOVED,ATKINSBOBBYGENE,BOBBYGENEATKINS,925KILBYST,WHITE,NL,NOTHISPANICorNOTLATINO,DEM,DEMOCRATIC,80.0,10231954.0,AgeOver66,AA3471
ALAMANCE,A,ACTIVE,ATKINSBRIANKIRKJR,BRIANKIRKATKINSJR,1615ROLLINGWOODRD,WHITE,UN,UNDESIGNATED,REP,REPUBLICAN,18.0,9252012.0,,AA175141
ALAMANCE,A,ACTIVE,ATKINSBRIANKIRK,BRIANKIRKATKINS,1615ROLLINGWOODRD,WHITE,NL,NOTHISPANICorNOTLATINO,DEM,DEMOCRATIC,,10081984.0,Age4165,AA57727
ALAMANCE,A,ACTIVE,ATKINSCALVINALLEN,CALVINALLENATKINS,515VINEST,WHITE,NL,NOTHISPANICorNOTLATINO,DEM,DEMOCRATIC,,9081995.0,Age4165,AA95680
ALAMANCE,A,ACTIVE,ATKINSCARLDENNY,CARLDENNYATKINS,1615ROLLINGWOODRD,WHITE,NL,NOTHISPANICorNOTLATINO,DEM,DEMOCRATIC,70.0,10261968.0,AgeOver66,AA3473
ALAMANCE,A,ACTIVE,ATKINSCARLEENINGLE,CARLEENINGLEATKINS,4144JIMMYBOWLESRD,WHITE,NL,NOTHISPANICorNOTLATINO,REP,REPUBLICAN,87.0,4051979.0,AgeOver66,AA3474
ALAMANCE,A,ACTIVE,ATKINSCHARLESWILLIAM,CHARLESWILLIAMATKINS,6491HOMESTEADFARMLNO,WHITE,NL,NOTHISPANICorNOTLATINO,DEM,DEMOCRATIC,60.0,12061979.0,Age4165,AA3475
ALAMANCE,A,ACTIVE,ATKINSCHRISTINAQUINN,CHRISTINAQUINNATKINS,2453ESIMPSONRD,WHITE,NL,NOTHISPANICorNOTLATINO,REP,REPUBLICAN,26.0,12172010.0,Age2640,AA167816
ALAMANCE,A,ACTIVE,ATKINSCHRISTYKING,CHRISTYKINGATKINS,1664NNCHWY87,WHITE,NL,NOTHISPANICorNOTLATINO,UNA,UNAFFILIATED,39.0,7031997.0,Age2640,AA106608
ALAMANCE,A,ACTIVE,ATKINSCOURTNEYDENISE,COURTNEYDENISEATKINS,769EHAGGARDAVEO,UNDESIGNATED,UN,UNDESIGNATED,UNA,UNAFFILIATED,18.0,10012012.0,,AA175911
ALAMANCE,A,ACTIVE,ATKINSCRYSTALLYNN,CRYSTALLYNNATKINS,3336STONEYCREEKCHURCHRD,WHITE,UN,UNDESIGNATED,UNA,UNAFFILIATED,28.0,12192008.0,Age2640,AA163957
ALAMANCE,A,ACTIVE,ATKINSCYNTHIAMONROE,CYNTHIAMONROEATKINS,3265ALAMANCERD1,WHITE,NL,NOTHISPANICorNOTLATINO,DEM,DEMOCRATIC,58.0,4161990.0,Age4165,AA71520
ALAMANCE,A,ACTIVE,ATKINSDANIELWAYNE,DANIELWAYNEATKINS,602WLEEST,WHITE,NL,NOTHISPANICorNOTLATINO,DEM,DEMOCRATIC,29.0,10022008.0,Age2640,AA158900
ALAMANCE,A,ACTIVE,ATKINSDANIELEDWARD,DANIELEDWARDATKINS,505SPENCEAVE,WHITE,NL,NOTHISPANICorNOTLATINO,REP,REPUBLICAN,18.0,3092012.0,,AA170645
ALAMANCE,A,ACTIVE,ATKINSDAVIDBAXTON,DAVIDBAXTONATKINS,2453ESIMPSONRD,WHITE,NL,NOTHISPANICorNOTLATINO,REP,REPUBLICAN,34.0,7032008.0,Age2640,BY306942
ALAMANCE,R,REMOVED,ATKINSGLENNMILTON,GLENNMILTONATKINS,505NFIRSTST,WHITE,NL,NOTHISPANICorNOTLATINO,DEM,DEMOCRATIC,78.0,5111962.0,AgeOver66,AA3480
ALAMANCE,A,ACTIVE,ATKINSHEATHERDEAN,HEATHERDEANATKINS,704BURKEST,WHITE,UN,UNDESIGNATED,UNA,UNAFFILIATED,36.0,2281996.0,Age2640,AA97805
ALAMANCE,A,ACTIVE,ATKINSHENRYLEA,HENRYLEAATKINS,1508WOODSENDTRL,WHITE,NL,NOTHISPANICorNOTLATINO,REP,REPUBLICAN,55.0,4111995.0,Age4165,AA93543
ALAMANCE,A,ACTIVE,ATKINSJOANOLIVER,JOANOLIVERATKINS,1615ROLLINGWOODRD,WHITE,NL,NOTHISPANICorNOTLATINO,DEM,DEMOCRATIC,69.0,4061972.0,AgeOver66,AA3484
ALAMANCE,A,ACTIVE,ATKINSJUDITHPOWELL,JUDITHPOWELLATKINS,1880BROOKWOODAVE100,WHITE,UN,UNDESIGNATED,UNA,UNAFFILIATED,91.0,9242008.0,AgeOver66,AA158047
ALAMANCE,A,ACTIVE,ATKINSJUDITHLUNSFORD,JUDITHLUNSFORDATKINS,714TUCKERST,WHITE,NL,NOTHISPANICorNOTLATINO,DEM,DEMOCRATIC,72.0,4192012.0,AgeOver66,AT19420
ALAMANCE,A,ACTIVE,ATKINSKARENANN,KARENANNATKINS,1828HAWRIVERHOPEDALERD,WHITE,NL,NOTHISPANICorNOTLATINO,UNA,UNAFFILIATED,61.0,2222000.0,Age4165,AA117001
ALAMANCE,A,ACTIVE,ATKINSLIBBYSMITH,LIBBYSMITHATKINS,505NFIRSTST,WHITE,NL,NOTHISPANICorNOTLATINO,DEM,DEMOCRATIC,75.0,5111962.0,AgeOver66,AA3486
ALAMANCE,A,ACTIVE,ATKINSLINDASCOTT,LINDASCOTTATKINS,925KILBYST,WHITE,NL,NOTHISPANICorNOTLATINO,DEM,DEMOCRATIC,66.0,3311984.0,AgeOver66,
ALAMANCE,A,ACTIVE,ATKINSLISAKAPP,,,WHITE,NL,NOTHISPANICorNOTLATINO,DEM,DEMOCRATIC,35.0,7011997.0,Age2640,AA106638
ALAMANCE,A,ACTIVE,ATKINSLON,,,WHITE,NL,NOTHISPANICorNOTLATINO,REP,REPUBLICAN,68.0,9112012.0,AgeOver66,BY7785
ALAMANCE,A,ACTIVE,ATKINSMARGARETLITTEN,,6491HOMESTEADFARMLNO,WHITE,NL,NOTHISPANICorNOTLATINO,UNA,UNAFFILIATED,58.0,4081980.0,Age4165,AA3487
ALAMANCE,A,ACTIVE,ATKINSMARGOROOME,,,WHITE,NL,NOTHISPANICorNOTLATINO,REP,REPUBLICAN,66.0,9112012.0,AgeOver66,BY7791
ALAMANCE,A,ACTIVE,ATKINSMARKALLEN,,2123GLENKIRKDR,WHITE,NL,NOTHISPANICorNOTLATINO,REP,REPUBLICAN,42.0,,Age4165,AA91629
ALAMANCE,A,ACTIVE,ATKINSMARYELLEN,,515VINEST,WHITE,NL,NOTHISPANICorNOTLATINO,REP,REPUBLICAN,75.0,10241964.0,AgeOver66,AA3489
ALAMANCE,A,ACTIVE,ATKINSMARYMCDANIEL,,2553OSSIPEEFRONTST,WHITE,NL,NOTHISPANICorNOTLATINO,DEM,DEMOCRATIC,77.0,5171978.0,AgeOver66,AA3490
ALAMANCE,A,ACTIVE,ATKINSMELODYLYNN,,1012RAINEYST,,NL,NOTHISPANICorNOTLATINO,DEM,DEMOCRATIC,32.0,7252012.0,Age2640,AA173620
ALAMANCE,I,INACTIVE,ATKINSMILDREDJOHNSON,,3844HERITAGEDR302,,NL,NOTHISPANICorNOTLATINO,DEM,DEMOCRATIC,87.0,6062003.0,AgeOver66,AA130414
ALAMANCE,A,ACTIVE,ATKINSPAMELAMITCHELL,PAMELAMITCHELLATKINS,414RIDGECRESTDR,,NL,NOTHISPANICorNOTLATINO,REP,REPUBLICAN,59.0,7071980.0,Age4165,AA3491
ALAMANCE,A,ACTIVE,ATKINSPAULWOODROW,PAULWOODROWATKINS,704BURKEST,,NL,NOTHISPANICorNOTLATINO,UNA,UNAFFILIATED,41.0,12012003.0,Age4165,AA132179
ALAMANCE,R,REMOVED,ATKINSREBECCABENNETT,REBECCABENNETTATKINS,211SGURNEYST,,NL,NOTHISPANICorNOTLATINO,UNA,UNAFFILIATED,79.0,10011986.0,AgeOver66,AA60570
ALAMANCE,A,ACTIVE,ATKINSROBBINSTALLINGS,ROBBINSTALLINGSATKINS,651GIBSONVILLEOSSIPEERD,,NL,NOTHISPANICorNOTLATINO,DEM,DEMOCRATIC,,9082012.0,Age4165,BY420149
ALAMANCE,A,ACTIVE,ATKINSROYANTHONY,ROYANTHONYATKINS,314NGURNEYST,,UN,UNDESIGNATED,REP,REPUBLICAN,,4121996.0,Age4165,AA98984
ALAMANCE,A,ACTIVE,ATKINSRUBYELLEN,RUBYELLENATKINS,2522PITTRD,,NL,NOTHISPANICorNOTLATINO,REP,REPUBLICAN,53.0,3201986.0,Age4165,AA59615
ALAMANCE,A,ACTIVE,ATKINSSAMUELEDWARD,SAMUELEDWARDATKINS,595PARKVIEWDR,,NL,NOTHISPANICorNOTLATINO,REP,REPUBLICAN,53.0,10272003.0,Age4165,AA131850
ALAMANCE,A,ACTIVE,ATKINSSHERANDAWEST,SHERANDAWESTATKINS,595PARKVIEWDR,,NL,NOTHISPANICorNOTLATINO,REP,REPUBLICAN,51.0,3092005.0,Age4165,AA143141
ALAMANCE,A,ACTIVE,ATKINSSHERRIGWYNN,SHERRIGWYNNATKINS,602WLEEST,,NL,NOTHISPANICorNOTLATINO,REP,REPUBLICAN,51.0,9261988.0,Age4165,AA66221
ALAMANCE,A,ACTIVE,ATKINSSUEROSS,SUEROSSATKINS,4116JIMMYBOWLESRD,,NL,NOTHISPANICorNOTLATINO,REP,REPUBLICAN,56.0,3211978.0,Age4165,AA2376
ALAMANCE,R,REMOVED,ATKINSSUSANELIZABETH,SUSANELIZABETHATKINS,,,NL,NOTHISPANICorNOTLATINO,DEM,DEMOCRATIC,35.0,,Age2640,AA121252
ALAMANCE,A,ACTIVE,ATKINSTAMMYSTANLEY,TAMMYSTANLEYATKINS,1918STALEYSTORERD,,NL,NOTHISPANICorNOTLATINO,REP,REPUBLICAN,38.0,7302012.0,Age2640,DN130465
ALAMANCE,I,INACTIVE,ATKINSTAMMYANN,TAMMYANNATKINS,421NFIFTHST,BLACKorAFRICANAMERICAN,NL,NOTHISPANICorNOTLATINO,UNA,UNAFFILIATED,42.0,7022003.0,Age4165,AA130572
ALAMANCE,A,ACTIVE,ATKINSVELINDAMARIE,VELINDAMARIEATKINS,515VINEST,,NL,NOTHISPANICorNOTLATINO,DEM,DEMOCRATIC,51.0,3201986.0,Age4165,AA59636
ALAMANCE,A,ACTIVE,ATKINSWALTERWILKINSONJR,WALTERWILKINSONATKINSJR,414RIDGECRESTDR,,NL,NOTHISPANICorNOTLATINO,REP,REPUBLICAN,62.0,7071980.0,Age4165,AA3495
ALAMANCE,A,ACTIVE,ATKINSWESLEYHUBERT,WESLEYHUBERTATKINS,4144JIMMYBOWLESRD,,NL,NOTHISPANICorNOTLATINO,REP,REPUBLICAN,86.0,3031979.0,AgeOver66,AA3496
ALAMANCE,A,ACTIVE,ATKINSWESLEYJAMES,WESLEYJAMESATKINS,3706UNIONRIDGERD,,NL,NOTHISPANICorNOTLATINO,REP,REPUBLICAN,32.0,7032006.0,Age2640,AA146909
ALAMANCE,I,INACTIVE,ATKINSWILLIAMBRADLEY,WILLIAMBRADLEYATKINS,,,UN,UNDESIGNATED,DEM,DEMOCRATIC,30.0,6052002.0,Age2640,AA126532
ALAMANCE,A,ACTIVE,ATKINSONAARONLEE,AARONLEEATKINSON,507EVERETTST207B,BLACKorAFRICANAMERICAN,UN,UNDESIGNATED,DEM,DEMOCRATIC,72.0,3152008.0,AgeOver66,DR7670
ALAMANCE,A,ACTIVE,ATKINSONANNEMARSH,ANNEMARSHATKINSON,1944GLENKIRKDR,,NL,NOTHISPANICorNOTLATINO,REP,REPUBLICAN,30.0,6042012.0,Age2640,DB128704
ALAMANCE,A,ACTIVE,ATKINSONDEBORAHKAY,DEBORAHKAYATKINSON,5933LINDLEYMILLRD,,NL,NOTHISPANICorNOTLATINO,REP,REPUBLICAN,59.0,9161996.0,Age4165,AA102309
ALAMANCE,A,ACTIVE,ATKINSONDELMERDEE,DELMERDEEATKINSON,218SOAKST,,NL,NOTHISPANICorNOTLATINO,DEM,DEMOCRATIC,81.0,10271962.0,AgeOver66,AA3497
ALAMANCE,A,ACTIVE,ATKINSONDOROTHYLOUISE,DOROTHYLOUISEATKINSON,,,NL,NOTHISPANICorNOTLATINO,REP,REPUBLICAN,69.0,3291971.0,AgeOver66,AA3500
ALAMANCE,A,ACTIVE,ATKINSONELIZABETHC,ELIZABETHCATKINSON,392BILLINGHAMDR,,NL,NOTHISPANICorNOTLATINO,REP,REPUBLICAN,79.0,,AgeOver66,AA96181
ALAMANCE,A,ACTIVE,ATKINSONEVANELAINE,EVANELAINEATKINSON,,BLACKorAFRICANAMERICAN,NL,NOTHISPANICorNOTLATINO,DEM,DEMOCRATIC,22.0,10012012.0,,AA175583
ALAMANCE,A,ACTIVE,ATKINSONFAYEROBINSON,FAYEROBINSONATKINSON,409WESTGATEDR,,NL,NOTHISPANICorNOTLATINO,REP,REPUBLICAN,78.0,9291973.0,AgeOver66,
ALAMANCE,A,ACTIVE,ATKINSONGUYEDWIN,GUYEDWINATKINSON,623STONEYCREEKCHURCHRD,,NL,NOTHISPANICorNOTLATINO,REP,REPUBLICAN,66.0,10031978.0,AgeOver66,AA3502
ALAMANCE,A,ACTIVE,ATKINSONHARRISONMICHAEL,HARRISONMICHAELATKINSON,700EHAGGARDAVE,,UN,UNDESIGNATED,UNA,UNAFFILIATED,18.0,,,AA177610
ALAMANCE,D,DENIED,ATKINSONJESSICABRIANNA,JESSICABRIANNAATKINSON,,BLACKorAFRICANAMERICAN,NL,NOTHISPANICorNOTLATINO,DEM,DEMOCRATIC,35.0,8092004.0,Age2640,AA135181
ALAMANCE,A,ACTIVE,ATKINSONJESSICABRIANNA,JESSICABRIANNAATKINSON,,BLACKorAFRICANAMERICAN,NL,NOTHISPANICorNOTLATINO,DEM,DEMOCRATIC,35.0,10062004.0,Age2640,AA139889
ALAMANCE,R,REMOVED,ATKINSONJOHNE,JOHNEATKINSON,409WESTGATEDR,,NL,NOTHISPANICorNOTLATINO,REP,REPUBLICAN,97.0,11022004.0,AgeOver66,AA141460
ALAMANCE,R,REMOVED,ATKINSONJUDITHELAINE,JUDITHELAINEATKINSON,2608SAINTSBURYDR,,UN,UNDESIGNATED,DEM,DEMOCRATIC,67.0,4082008.0,AgeOver66,AA153779
ALAMANCE,A,ACTIVE,ATKINSONLEEALBERT,LEEALBERTATKINSON,1404MCCUISTONDR,,NL,NOTHISPANICorNOTLATINO,REP,REPUBLICAN,55.0,5151995.0,Age4165,AA93964
ALAMANCE,A,ACTIVE,ATKINSONMARTHAHOUSTON,,623STONEYCREEKCHURCHRD,,NL,NOTHISPANICorNOTLATINO,REP,REPUBLICAN,64.0,10031978.0,Age4165,AA3508
ALAMANCE,A,ACTIVE,ATKINSONMONASCOTT,MONASCOTTATKINSON,218SOAKST,,NL,NOTHISPANICorNOTLATINO,DEM,DEMOCRATIC,76.0,10271962.0,AgeOver66,AA3506
ALAMANCE,A,ACTIVE,ATKINSONOTISJUDSON,OTISJUDSONATKINSON,1944GLENKIRKDR,,NL,NOTHISPANICorNOTLATINO,REP,REPUBLICAN,31.0,6042012.0,Age2640,DB128708
ALAMANCE,A,ACTIVE,ATKINSONRICHARDCHAD,RICHARDCHADATKINSON,4151SHEPHERDDR,,NL,NOTHISPANICorNOTLATINO,DEM,DEMOCRATIC,37.0,9241996.0,Age2640,AA102310
ALAMANCE,A,ACTIVE,ATKINSONSUSANCASHWELL,SUSANCASHWELLATKINSON,684HUNTINGDONST,,NL,NOTHISPANICorNOTLATINO,DEM,DEMOCRATIC,89.0,1241959.0,AgeOver66,AA3509
ALAMANCE,A,ACTIVE,ATKINSONTERRYCARROLL,TERRYCARROLLATKINSON,1404MCCUISTONDR,,NL,NOTHISPANICorNOTLATINO,REP,REPUBLICAN,55.0,5121995.0,Age4165,AA93965
ALAMANCE,A,ACTIVE,ATKINSONTIMOTHYAARON,TIMOTHYAARONATKINSON,5933LINDLEYMILLRD,,NL,NOTHISPANICorNOTLATINO,REP,REPUBLICAN,61.0,4221992.0,Age4165,AA81339
ALAMANCE,A,ACTIVE,ATKINSONWILLIAMHENRYJR,WILLIAMHENRYATKINSONJR,,,NL,NOTHISPANICorNOTLATINO,REP,REPUBLICAN,66.0,10081984.0,AgeOver66,AA57729
ALAMANCE,R,REMOVED,ATKINSONWILLIAMHENRYSR,WILLIAMHENRYATKINSONSR,5825NCHWY54,,NL,NOTHISPANICorNOTLATINO,UNA,UNAFFILIATED,90.0,1241959.0,AgeOver66,AA3510
ALAMANCE,A,ACTIVE,ATKISONKARENMANGAN,KARENMANGANATKISON,1009GREENWOODDR,,NL,NOTHISPANICorNOTLATINO,DEM,DEMOCRATIC,57.0,4112000.0,Age4165,AA117996
ALAMANCE,A,ACTIVE,ATKISONWALTERL,WALTERLATKISON,1009GREENWOODDR,,NL,NOTHISPANICorNOTLATINO,UNA,UNAFFILIATED,64.0,5122000.0,Age4165,AA117998
ALAMANCE,A,ACTIVE,ATONJANICEEARP,JANICEEARPATON,3508GARDENRDG3,,NL,NOTHISPANICorNOTLATINO,UNA,UNAFFILIATED,63.0,,Age4165,BE332735
ALAMANCE,I,INACTIVE,ATTAWAYMIRIAMLORETTA,MIRIAMLORETTAATTAWAY,206NFISHERST,BLACKorAFRICANAMERICAN,UN,UNDESIGNATED,DEM,DEMOCRATIC,50.0,9302008.0,Age4165,AA158185
ALAMANCE,A,ACTIVE,ATTERIDGESTEPHENMICHAEL,STEPHENMICHAELATTERIDGE,2772CRESCENTHILLCT,,NL,NOTHISPANICorNOTLATINO,DEM,DEMOCRATIC,59.0,3082000.0,Age4165,AA117396
ALAMANCE,A,ACTIVE,ATTICKGUDRUNUTEADELE,GUDRUNUTEADELEATTICK,811EHAGGARDAVE,,UN,UNDESIGNATED,REP,REPUBLICAN,71.0,3262007.0,AgeOver66,BN320268
ALAMANCE,R,REMOVED,ATTICKGUDRUNUTEADELE,GUDRUNUTEADELEATTICK,2613HICKORYAVE,,NL,NOTHISPANICorNOTLATINO,REP,REPUBLICAN,71.0,2151996.0,AgeOver66,AA97578
ALAMANCE,A,ACTIVE,ATWATERADDIEHERBERT,ADDIEHERBERTATWATER,4533MINERALSPRINGSRD,BLACKorAFRICANAMERICAN,UN,UNDESIGNATED,DEM,DEMOCRATIC,68.0,2191976.0,AgeOver66,AA3511
ALAMANCE,R,REMOVED,ATWATERADELAIDE,ADELAIDEATWATER,4557MINERALSPRINGSRD,BLACKorAFRICANAMERICAN,NL,NOTHISPANICorNOTLATINO,DEM,DEMOCRATIC,79.0,3241984.0,AgeOver66,
ALAMANCE,A,ACTIVE,ATWATERANGELIAMARIETTA,ANGELIAMARIETTAATWATER,4533MINERALSPRINGSRD,BLACKorAFRICANAMERICAN,NL,NOTHISPANICorNOTLATINO,DEM,DEMOCRATIC,,3241984.0,Age4165,
ALAMANCE,A,ACTIVE,ATWATERAPRILNETRAIL,APRILNETRAILATWATER,,BLACKorAFRICANAMERICAN,UN,UNDESIGNATED,DEM,DEMOCRATIC,108.0,,AgeOver66,AA159281
ALAMANCE,A,ACTIVE,ATWATERBENJAMINEUGENE,BENJAMINEUGENEATWATER,418PROVIDENCERD,BLACKorAFRICANAMERICAN,UN,UNDESIGNATED,DEM,DEMOCRATIC,65.0,7202004.0,Age4165,AA135214
ALAMANCE,A,ACTIVE,ATWATERBILLYEUGENEJR,BILLYEUGENEATWATERJR,319ELMIRAST,BLACKorAFRICANAMERICAN,NL,NOTHISPANICorNOTLATINO,DEM,DEMOCRATIC,22.0,3142008.0,,AA152839
ALAMANCE,A,ACTIVE,ATWATERBRIDGETTER,BRIDGETTERATWATER,2347LACYHOLTRD,BLACKorAFRICANAMERICAN,UN,UNDESIGNATED,DEM,DEMOCRATIC,,7252012.0,Age4165,AA173619
ALAMANCE,A,ACTIVE,ATWATERCAROLANN,CAROLANNATWATER,4941MINERALSPRINGSRD,BLACKorAFRICANAMERICAN,NL,NOTHISPANICorNOTLATINO,DEM,DEMOCRATIC,52.0,7272000.0,Age4165,AA119229
ALAMANCE,A,ACTIVE,ATWATERCHARLESEDWARDS,CHARLESEDWARDSATWATER,4533MINERALSPRINGSRD,BLACKorAFRICANAMERICAN,NL,NOTHISPANICorNOTLATINO,DEM,DEMOCRATIC,70.0,2201976.0,AgeOver66,AA3513
ALAMANCE,A,ACTIVE,ATWATERCLAYBONLEWIS,CLAYBONLEWISATWATER,1627HANFORDHILLSRD,BLACKorAFRICANAMERICAN,NL,NOTHISPANICorNOTLATINO,DEM,DEMOCRATIC,57.0,3131991.0,Age4165,AA76882
ALAMANCE,A,ACTIVE,ATWATERDEBRAMICHELE,DEBRAMICHELEATWATER,1733PRESTONST,BLACKorAFRICANAMERICAN,UN,UNDESIGNATED,DEM,DEMOCRATIC,42.0,9302008.0,Age4165,AA158187
ALAMANCE,A,ACTIVE,ATWATERDORISHICKS,DORISHICKSATWATER,1925CALLIELN,,NL,NOTHISPANICorNOTLATINO,REP,REPUBLICAN,59.0,,Age4165,AK68987
ALAMANCE,A,ACTIVE,ATWATERDOUGLASEDWARD,DOUGLASEDWARDATWATER,4533MINERALSPRINGSRD,BLACKorAFRICANAMERICAN,NL,NOTHISPANICorNOTLATINO,DEM,DEMOCRATIC,,9132012.0,Age4165,AA96188
ALAMANCE,I,INACTIVE,ATWATERELIZABETHSTONE,ELIZABETHSTONEATWATER,4525MINERALSPRINGSRD,BLACKorAFRICANAMERICAN,NL,NOTHISPANICorNOTLATINO,DEM,DEMOCRATIC,93.0,8171983.0,AgeOver66,AA3514
ALAMANCE,A,ACTIVE,ATWATEREUNICEANN,EUNICEANNATWATER,,BLACKorAFRICANAMERICAN,NL,NOTHISPANICorNOTLATINO,DEM,DEMOCRATIC,59.0,6262009.0,Age4165,CW850942
ALAMANCE,A,ACTIVE,ATWATERFELTONLEE,FELTONLEEATWATER,3941EGREENSBOROCHAPELHILLRD,BLACKorAFRICANAMERICAN,NL,NOTHISPANICorNOTLATINO,DEM,DEMOCRATIC,59.0,2071997.0,Age4165,AA105400
ALAMANCE,A,ACTIVE,ATWATERGABRIELHEATH,GABRIELHEATHATWATER,1925CALLIELN,,NL,NOTHISPANICorNOTLATINO,REP,REPUBLICAN,35.0,,Age2640,DK29840
ALAMANCE,R,REMOVED,ATWATERHERMANCLIFFORD,HERMANCLIFFORDATWATER,3819ASBURYCT,,NL,NOTHISPANICorNOTLATINO,DEM,DEMOCRATIC,95.0,7221998.0,AgeOver66,AA110548
ALAMANCE,R,REMOVED,ATWATERHILDAGRAY,HILDAGRAYATWATER,4468MINERALSPRINGSRD,BLACKorAFRICANAMERICAN,NL,NOTHISPANICorNOTLATINO,DEM,DEMOCRATIC,84.0,11072000.0,AgeOver66,AA121901
ALAMANCE,A,ACTIVE,ATWATERJEFFERSONDAVID,JEFFERSONDAVIDATWATER,4842HOMESTEADDR,,NL,NOTHISPANICorNOTLATINO,REP,REPUBLICAN,64.0,8072007.0,Age4165,AA150334
ALAMANCE,I,INACTIVE,ATWATERJEREMYDEVON,JEREMYDEVONATWATER,419EGILBREATHST,BLACKorAFRICANAMERICAN,NL,NOTHISPANICorNOTLATINO,DEM,DEMOCRATIC,30.0,3312000.0,Age2640,AA117632
ALAMANCE,R,REMOVED,ATWATERJOSEPHINETORAIN,JOSEPHINETORAINATWATER,1627HANFORDHILLSRD,BLACKorAFRICANAMERICAN,UN,UNDESIGNATED,DEM,DEMOCRATIC,56.0,9091988.0,Age4165,AA65929
ALAMANCE,A,ACTIVE,ATWATERJUANITAE,JUANITAEATWATER,,BLACKorAFRICANAMERICAN,UN,UNDESIGNATED,DEM,DEMOCRATIC,,,Age4165,AA176621
ALAMANCE,A,ACTIVE,ATWATERJUDYSMITH,JUDYSMITHATWATER,4842HOMESTEADDR,,NL,NOTHISPANICorNOTLATINO,REP,REPUBLICAN,65.0,5152006.0,Age4165,AA146910
ALAMANCE,A,ACTIVE,ATWATERKARENJEAN,KARENJEANATWATER,3138PONDRD,,NL,NOTHISPANICorNOTLATINO,UNA,UNAFFILIATED,42.0,10031988.0,Age4165,AA66568
ALAMANCE,A,ACTIVE,ATWATERKATIELEE,KATIELEEATWATER,418PROVIDENCERD,BLACKorAFRICANAMERICAN,NL,NOTHISPANICorNOTLATINO,DEM,DEMOCRATIC,58.0,2032003.0,Age4165,AA129400
ALAMANCE,I,INACTIVE,ATWATERKAYEC,KAYECATWATER,1004WHOLTST,BLACKorAFRICANAMERICAN,NL,NOTHISPANICorNOTLATINO,DEM,DEMOCRATIC,67.0,10031994.0,AgeOver66,AA91522
ALAMANCE,A,ACTIVE,ATWATERLEROYJR,LEROYATWATERJR,2244FARRELLRDA,BLACKorAFRICANAMERICAN,NL,NOTHISPANICorNOTLATINO,DEM,DEMOCRATIC,53.0,12162010.0,Age4165,AA167805
ALAMANCE,A,ACTIVE,ATWATERMACKCLINTON,,524NMARSHALLSTI,BLACKorAFRICANAMERICAN,NL,NOTHISPANICorNOTLATINO,DEM,DEMOCRATIC,87.0,10022008.0,AgeOver66,AA161437
ALAMANCE,A,ACTIVE,ATWATERMICHAELLOVRRICK,,,BLACKorAFRICANAMERICAN,UN,UNDESIGNATED,UNA,UNAFFILIATED,34.0,11082002.0,Age2640,AA128495
ALAMANCE,A,ACTIVE,ATWATERMONTYRAY,MONTYRAYATWATER,1925CALLIELN,,NL,NOTHISPANICorNOTLATINO,DEM,DEMOCRATIC,61.0,12032007.0,Age4165,AK68925
ALAMANCE,A,ACTIVE,ATWATERNELLIEE,NELLIEEATWATER,2347LACYHOLTRD,BLACKorAFRICANAMERICAN,NL,NOTHISPANICorNOTLATINO,DEM,DEMOCRATIC,68.0,2222008.0,AgeOver66,EH669291
ALAMANCE,A,ACTIVE,ATWATERPAULAHILL,PAULAHILLATWATER,2507GREENVIEWDR,,NL,NOTHISPANICorNOTLATINO,DEM,DEMOCRATIC,58.0,4061972.0,Age4165,AA3520
ALAMANCE,R,REMOVED,ATWATERPEARLSOMERS,PEARLSOMERSATWATER,3819ASBURYCT,,NL,NOTHISPANICorNOTLATINO,REP,REPUBLICAN,92.0,7221998.0,AgeOver66,AA110549
ALAMANCE,A,ACTIVE,ATWATERPEGGYJEANHOLMAN,PEGGYJEANHOLMANATWATER,519BALDWINRD2,BLACKorAFRICANAMERICAN,NL,NOTHISPANICorNOTLATINO,DEM,DEMOCRATIC,64.0,10071974.0,Age4165,AA3521
ALAMANCE,A,ACTIVE,ATWATERPEGGYSPINKS,PEGGYSPINKSATWATER,524NMARSHALLSTI,BLACKorAFRICANAMERICAN,NL,NOTHISPANICorNOTLATINO,DEM,DEMOCRATIC,77.0,,AgeOver66,AA159454
ALAMANCE,A,ACTIVE,ATWATERPRISCILLAGARNER,PRISCILLAGARNERATWATER,4429MINERALSPRINGSRD,BLACKorAFRICANAMERICAN,NL,NOTHISPANICorNOTLATINO,DEM,DEMOCRATIC,56.0,1122004.0,Age4165,AA132640
ALAMANCE,A,ACTIVE,ATWATERRANDYCURTIS,RANDYCURTISATWATER,4941MINERALSPRINGSRD,BLACKorAFRICANAMERICAN,NL,NOTHISPANICorNOTLATINO,DEM,DEMOCRATIC,,1041984.0,Age4165,AA3522
ALAMANCE,R,REMOVED,ATWATERROBERTN,ROBERTNATWATER,3749WADECOBLEDR105,,UN,UNDESIGNATED,UNA,UNAFFILIATED,98.0,11042003.0,AgeOver66,AA131829
ALAMANCE,A,ACTIVE,ATWATERROCHELLEALETTA,ROCHELLEALETTAATWATER,4533MINERALSPRINGSRD,BLACKorAFRICANAMERICAN,NL,NOTHISPANICorNOTLATINO,DEM,DEMOCRATIC,43.0,6302000.0,Age4165,AA118787
ALAMANCE,A,ACTIVE,ATWATERRONEYCARLOTIS,RONEYCARLOTISATWATER,4429MINERALSPRINGSRD,BLACKorAFRICANAMERICAN,NL,NOTHISPANICorNOTLATINO,DEM,DEMOCRATIC,60.0,2141980.0,Age4165,AA3523
ALAMANCE,A,ACTIVE,ATWATERRUFUSCHARLES,RUFUSCHARLESATWATER,928SHARPERD34,BLACKorAFRICANAMERICAN,NL,NOTHISPANICorNOTLATINO,DEM,DEMOCRATIC,,4301982.0,Age4165,AA3524
ALAMANCE,A,ACTIVE,ATWATERSHIFAYLASHELLE,SHIFAYLASHELLEATWATER,1733PRESTONST,BLACKorAFRICANAMERICAN,UN,UNDESIGNATED,DEM,DEMOCRATIC,23.0,5252007.0,,AA149708
ALAMANCE,A,ACTIVE,ATWATERSTEVEWILSON,STEVEWILSONATWATER,209HALLAVEA,BLACKorAFRICANAMERICAN,UN,UNDESIGNATED,DEM,DEMOCRATIC,65.0,7232008.0,Age4165,AA155691
ALAMANCE,A,ACTIVE,ATWATERTIMOTHYCABIN,TIMOTHYCABINATWATER,4468MINERALSPRINGSRD,BLACKorAFRICANAMERICAN,NL,NOTHISPANICorNOTLATINO,UNA,UNAFFILIATED,52.0,,Age4165,AA177939
ALAMANCE,A,ACTIVE,ATWATERTYRONEDAVID,TYRONEDAVIDATWATER,4528MINERALSPRINGSRD,BLACKorAFRICANAMERICAN,NL,NOTHISPANICorNOTLATINO,DEM,DEMOCRATIC,41.0,4061989.0,Age4165,AA69229
ALAMANCE,A,ACTIVE,ATWATERWALINDALLOYD,WALINDALLOYDATWATER,3941EGREENSBOROCHAPELHILLRD,BLACKorAFRICANAMERICAN,NL,NOTHISPANICorNOTLATINO,DEM,DEMOCRATIC,,4231999.0,Age4165,AA114068
ALAMANCE,I,INACTIVE,ATWATERWENDYCOLE,WENDYCOLEATWATER,3167COLETRL,,NL,NOTHISPANICorNOTLATINO,UNA,UNAFFILIATED,,9201995.0,Age4165,AA95723
ALAMANCE,A,ACTIVE,ATWATERWILLIAMEUGENE,WILLIAMEUGENEATWATER,4525MINERALSPRINGSRD,BLACKorAFRICANAMERICAN,NL,NOTHISPANICorNOTLATINO,DEM,DEMOCRATIC,67.0,3301984.0,AgeOver66,
ALAMANCE,A,ACTIVE,ATWATERWILLIAMEUGENEJR,WILLIAMEUGENEATWATERJR,1407FIRESTONEDR,BLACKorAFRICANAMERICAN,NL,NOTHISPANICorNOTLATINO,DEM,DEMOCRATIC,24.0,8142006.0,,AA147202
ALAMANCE,A,ACTIVE,ATWATERWILLIAMEUGENE,WILLIAMEUGENEATWATER,4468MINERALSPRINGSRD,BLACKorAFRICANAMERICAN,UN,UNDESIGNATED,DEM,DEMOCRATIC,,10022012.0,Age4165,AA134258
ALAMANCE,A,ACTIVE,ATWATERTEAGUEJULIABYRUM,JULIABYRUMATWATERTEAGUE,808WWILLOWBROOKDR,,NL,NOTHISPANICorNOTLATINO,DEM,DEMOCRATIC,96.0,5171952.0,AgeOver66,AA3517
ALAMANCE,A,ACTIVE,ATWELLAARONEDWARD,AARONEDWARDATWELL,3009WINSTONDR99,,UN,UNDESIGNATED,REP,REPUBLICAN,24.0,9202008.0,,AA157747
ALAMANCE,A,ACTIVE,ATWELLJENNIFERGRINNELL,JENNIFERGRINNELLATWELL,1826BUXTONWAY,,NL,NOTHISPANICorNOTLATINO,DEM,DEMOCRATIC,43.0,,Age4165,AA159149
ALAMANCE,A,ACTIVE,ATWELLJOSHUAALEX,JOSHUAALEXATWELL,1826BUXTONWAY,,NL,NOTHISPANICorNOTLATINO,UNA,UNAFFILIATED,35.0,,Age2640,BB46448
ALAMANCE,A,ACTIVE,ATWELLKASEYELIZABETH,KASEYELIZABETHATWELL,3009WINSTONDR99,,UN,UNDESIGNATED,REP,REPUBLICAN,23.0,9202008.0,,AA157748
ALAMANCE,A,ACTIVE,ATWOODALLENEHUTCHENS,ALLENEHUTCHENSATWOOD,1255CANDLEWOODDR,,NL,NOTHISPANICorNOTLATINO,REP,REPUBLICAN,75.0,10061984.0,AgeOver66,
ALAMANCE,A,ACTIVE,ATWOODDONALDCRAIG,DONALDCRAIGATWOOD,127EVADR,,NL,NOTHISPANICorNOTLATINO,UNA,UNAFFILIATED,,8212008.0,Age4165,AA157831
ALAMANCE,R,REMOVED,ATWOODDONALDLEE,DONALDLEEATWOOD,1255CANDLEWOODDR,,NL,NOTHISPANICorNOTLATINO,REP,REPUBLICAN,78.0,1081972.0,AgeOver66,AA3526
ALAMANCE,A,ACTIVE,ATWOODJESSICALEE,JESSICALEEATWOOD,504BROOKFIELDDR,,NL,NOTHISPANICorNOTLATINO,DEM,DEMOCRATIC,18.0,5302012.0,Age1825,AA172237
ALAMANCE,A,ACTIVE,ATWOODSTEVENLEE,STEVENLEEATWOOD,1255CANDLEWOODDR,,NL,NOTHISPANICorNOTLATINO,REP,REPUBLICAN,51.0,8191992.0,Age4165,AA82464
ALAMANCE,R,REMOVED,AUBRIANANTHONY,BRIANANTHONYAU,2272LAKEVIEWTER,TWOorMORERACES,UN,UNDESIGNATED,UNA,UNAFFILIATED,22.0,,Age1825,AA159544
ALAMANCE,A,ACTIVE,AUMATTHEWRYAN,,2272LAKEVIEWTER,TWOorMORERACES,NL,NOTHISPANICorNOTLATINO,UNA,UNAFFILIATED,26.0,10072004.0,Age2640,AA140756
ALAMANCE,A,ACTIVE,AUTHERESAMARY,THERESAMARYAU,2272LAKEVIEWTER,,NL,NOTHISPANICorNOTLATINO,REP,REPUBLICAN,54.0,11211994.0,Age4165,AA92536
ALAMANCE,A,ACTIVE,AUVICTORKWENWEI,VICTORKWENWEIAU,2272LAKEVIEWTER,OTHER,NL,NOTHISPANICorNOTLATINO,REP,REPUBLICAN,58.0,10041986.0,Age4165,AA61016
ALAMANCE,A,ACTIVE,AUBINDIANNAMAE,DIANNAMAEAUBIN,355MOORE'SCHAPELCEMETARYRD,WHITE,NL,NOTHISPANICorNOTLATINO,REP,REPUBLICAN,,11102009.0,Age4165,EH613738
ALAMANCE,A,ACTIVE,AUBINTODDBENNETTSR,TODDBENNETTAUBINSR,355MOORE'SCHAPELCEMETARYRD,WHITE,NL,NOTHISPANICorNOTLATINO,DEM,DEMOCRATIC,52.0,8042010.0,Age4165,DE228705
ALAMANCE,A,ACTIVE,AUBREYKATHYHENSON,KATHYHENSONAUBREY,3233CAPEFEARTRL,WHITE,NL,NOTHISPANICorNOTLATINO,UNA,UNAFFILIATED,52.0,5112001.0,Age4165,AA123396
ALAMANCE,R,REMOVED,AUBREYTHOMASCHESTER,THOMASCHESTERAUBREY,3233CAPEFEARTRL,WHITE,NL,NOTHISPANICorNOTLATINO,DEM,DEMOCRATIC,66.0,3202001.0,AgeOver66,AA122877
ALAMANCE,A,ACTIVE,AUCOMPAUGHDAVID,DAVIDAUCOMPAUGH,5047ADDERRIDGELN,WHITE,UN,UNDESIGNATED,REP,REPUBLICAN,23.0,10062008.0,Age1825,AA158901
ALAMANCE,A,ACTIVE,AUCOMPAUGHFRANK,FRANKAUCOMPAUGH,5047ADDERRIDGELN,WHITE,UN,UNDESIGNATED,UNA,UNAFFILIATED,23.0,7282010.0,Age1825,AA166423
ALAMANCE,A,ACTIVE,AUCOTTTAYLORNORWOOD,TAYLORNORWOODAUCOTT,807EHAGGARDAVEU,WHITE,NL,NOTHISPANICorNOTLATINO,UNA,UNAFFILIATED,21.0,4132012.0,Age1825,AA171508
ALAMANCE,A,ACTIVE,AUDINOCHRISTOPHERJ,CHRISTOPHERJAUDINO,333ROSEMONTST,UNDESIGNATED,UN,UNDESIGNATED,UNA,UNAFFILIATED,29.0,4112008.0,Age2640,EH692797
ALAMANCE,I,INACTIVE,AUDINOERINMASSEY,ERINMASSEYAUDINO,333ROSEMONTST,WHITE,NL,NOTHISPANICorNOTLATINO,UNA,UNAFFILIATED,26.0,10262007.0,Age2640,BY418190
ALAMANCE,A,ACTIVE,AUDITORIJILLSUZANNE,JILLSUZANNEAUDITORI,412NTHIRDST,WHITE,NL,NOTHISPANICorNOTLATINO,UNA,UNAFFILIATED,40.0,,Age2640,AA91722
ALAMANCE,A,ACTIVE,AUDITORIROBERTJOSEPHJR,ROBERTJOSEPHAUDITORIJR,412NTHIRDST,WHITE,NL,NOTHISPANICorNOTLATINO,UNA,UNAFFILIATED,43.0,2192000.0,Age4165,AA117002
ALAMANCE,R,REMOVED,AUGBURNVELLAMOORE,VELLAMOOREAUGBURN,313KEYST,BLACKorAFRICANAMERICAN,NL,NOTHISPANICorNOTLATINO,DEM,DEMOCRATIC,67.0,10291980.0,AgeOver66,AA3528
ALAMANCE,A,ACTIVE,AUGERMILFORDDOUGLAS,,220NGURNEYST,WHITE,NL,NOTHISPANICorNOTLATINO,DEM,DEMOCRATIC,57.0,4051974.0,Age4165,AA3529
ALAMANCE,A,ACTIVE,AUGUSTINEDUNCANCOLFAX,DUNCANCOLFAXAUGUSTINE,3862WESLEYCT,WHITE,NL,NOTHISPANICorNOTLATINO,REP,REPUBLICAN,96.0,8111999.0,AgeOver66,AA114877
ALAMANCE,A,ACTIVE,AUGUSTINEFREDERICKLEE,FREDERICKLEEAUGUSTINE,4528CEDARCLIFFRD,WHITE,NL,NOTHISPANICorNOTLATINO,REP,REPUBLICAN,65.0,6091999.0,Age4165,AA114353
ALAMANCE,A,ACTIVE,AUGUSTINEJEANETTEL,JEANETTELAUGUSTINE,4528CEDARCLIFFRD,WHITE,NL,NOTHISPANICorNOTLATINO,REP,REPUBLICAN,61.0,4281999.0,Age4165,AA114113
ALAMANCE,A,ACTIVE,AUGUSTINEKINSEYANN,KINSEYANNAUGUSTINE,1006ELONACORNDR107C,UNDESIGNATED,UN,UNDESIGNATED,UNA,UNAFFILIATED,21.0,5042012.0,Age1825,AA172042
ALAMANCE,A,ACTIVE,AUGUSTINESANDRALEE,SANDRALEEAUGUSTINE,142WCRESCENTSQUAREDRD,WHITE,NL,NOTHISPANICorNOTLATINO,REP,REPUBLICAN,62.0,12012009.0,Age4165,DE255668
ALAMANCE,A,ACTIVE,AUGUSTINETERILEE,TERILEEAUGUSTINE,7344MCBANEMILLRD,WHITE,NL,NOTHISPANICorNOTLATINO,REP,REPUBLICAN,40.0,8192005.0,Age2640,AA144365
ALAMANCE,A,ACTIVE,AUGUSTUSJERRYCLAUDE,JERRYCLAUDEAUGUSTUS,2907ALAMANCERD,BLACKorAFRICANAMERICAN,NL,NOTHISPANICorNOTLATINO,DEM,DEMOCRATIC,75.0,6142007.0,AgeOver66,AA149838
ALAMANCE,A,ACTIVE,AUGUSTUSNAVIEJEAN,NAVIEJEANAUGUSTUS,2907ALAMANCERD,UNDESIGNATED,UN,UNDESIGNATED,DEM,DEMOCRATIC,78.0,8092008.0,AgeOver66,AA156177
ALAMANCE,A,ACTIVE,AUGUSTYNEMILYKATHERINE,EMILYKATHERINEAUGUSTYN,218MAYNARDHALL,WHITE,UN,UNDESIGNATED,DEM,DEMOCRATIC,23.0,9082008.0,,AA157225
ALAMANCE,R,REMOVED,AULBERTBARBARAFUNDERBURK,BARBARAFUNDERBURKAULBERT,4222AOLDHILLSBOROUGHRD,WHITE,NL,NOTHISPANICorNOTLATINO,UNA,UNAFFILIATED,72.0,10021982.0,AgeOver66,AA3533
ALAMANCE,A,ACTIVE,AULBERTDORISWILSON,DORISWILSONAULBERT,,WHITE,NL,NOTHISPANICorNOTLATINO,DEM,DEMOCRATIC,89.0,10281944.0,AgeOver66,AA3534
ALAMANCE,A,ACTIVE,AULBERTKARENRUTLEDGE,KARENRUTLEDGEAULBERT,3201JIMLOWEDR,WHITE,NL,NOTHISPANICorNOTLATINO,REP,REPUBLICAN,43.0,9271991.0,Age4165,AA78610
ALAMANCE,A,ACTIVE,AULBERTLEEWENDI,LEEWENDIAULBERT,300WILBARD,WHITE,NL,NOTHISPANICorNOTLATINO,UNA,UNAFFILIATED,,5142008.0,Age4165,AA101074
ALAMANCE,A,ACTIVE,AULBERTLONNIEWILSONJR,,3201JIMLOWEDR,WHITE,NL,NOTHISPANICorNOTLATINO,REP,REPUBLICAN,,5121982.0,Age4165,AA3536
ALAMANCE,R,REMOVED,AULBERTLONNIELEE,,,WHITE,NL,NOTHISPANICorNOTLATINO,DEM,DEMOCRATIC,91.0,,AgeOver66,AA3535
ALAMANCE,A,ACTIVE,AULBERTVALERIEPLATT,VALERIEPLATTAULBERT,1748MEBANEOAKSRD,WHITE,NL,NOTHISPANICorNOTLATINO,REP,REPUBLICAN,65.0,9231972.0,Age4165,AA3539
ALAMANCE,I,INACTIVE,AULTRUSSELLGENE,RUSSELLGENEAULT,,WHITE,NL,NOTHISPANICorNOTLATINO,REP,REPUBLICAN,80.0,3301984.0,AgeOver66,
ALAMANCE,A,ACTIVE,AUMALISLIGAINARA,LIGAINARAAUMALIS,128WESTVIEWDR,WHITE,NL,NOTHISPANICorNOTLATINO,REP,REPUBLICAN,78.0,2221976.0,AgeOver66,AA3541
ALAMANCE,A,ACTIVE,AUMANAMANDAMANN,AMANDAMANNAUMAN,2973DEEPWOODDR3106,WHITE,NL,NOTHISPANICorNOTLATINO,REP,REPUBLICAN,33.0,8112004.0,Age2640,AA136044
ALAMANCE,A,ACTIVE,AUMANAPRILDAWN,APRILDAWNAUMAN,1346ROCKWOODAVE,WHITE,NL,NOTHISPANICorNOTLATINO,DEM,DEMOCRATIC,39.0,9042002.0,Age2640,AA127584
ALAMANCE,A,ACTIVE,AUMANBRANDONPERRY,BRANDONPERRYAUMAN,235SHADOWRIDGEDR,WHITE,NL,NOTHISPANICorNOTLATINO,REP,REPUBLICAN,32.0,2212005.0,Age2640,AA143021
ALAMANCE,A,ACTIVE,AUMANJANETASHLEY,JANETASHLEYAUMAN,4794WALTSHOELN,WHITE,NL,NOTHISPANICorNOTLATINO,REP,REPUBLICAN,61.0,,Age4165,AA67535
ALAMANCE,A,ACTIVE,AUMANJERRYLYNN,JERRYLYNNAUMAN,1340PAYNERD,WHITE,NL,NOTHISPANICorNOTLATINO,DEM,DEMOCRATIC,62.0,1081972.0,Age4165,AA3542
ALAMANCE,A,ACTIVE,AUMANJOANNSHORE,JOANNSHOREAUMAN,1340PAYNERD,WHITE,NL,NOTHISPANICorNOTLATINO,DEM,DEMOCRATIC,61.0,3061972.0,Age4165,AA3543
ALAMANCE,A,ACTIVE,AUMANJOYCEELLEN,JOYCEELLENAUMAN,4428FAIRLANDCT,WHITE,NL,NOTHISPANICorNOTLATINO,REP,REPUBLICAN,64.0,10081988.0,Age4165,AA68707
ALAMANCE,A,ACTIVE,AUMANMARCJOSEPH,,4802NCHWY54,WHITE,NL,NOTHISPANICorNOTLATINO,DEM,DEMOCRATIC,35.0,3171997.0,Age2640,AA106011
ALAMANCE,A,ACTIVE,AUMANMARYFRANCES,,1351ISLEYSCHOOLRD,WHITE,NL,NOTHISPANICorNOTLATINO,DEM,DEMOCRATIC,62.0,10262012.0,Age4165,DN106250
ALAMANCE,A,ACTIVE,AUMANPERRYBRUCE,PERRYBRUCEAUMAN,4794WALTSHOELN,WHITE,NL,NOTHISPANICorNOTLATINO,REP,REPUBLICAN,56.0,2281996.0,Age4165,AA97915
ALAMANCE,A,ACTIVE,AUMANRICHARDMAURICE,RICHARDMAURICEAUMAN,4428FAIRLANDCT,WHITE,NL,NOTHISPANICorNOTLATINO,REP,REPUBLICAN,68.0,11021994.0,AgeOver66,AA92095
ALAMANCE,A,ACTIVE,AUMANSHERRIDEANNE,SHERRIDEANNEAUMAN,4794WALTSHOELN,WHITE,NL,NOTHISPANICorNOTLATINO,REP,REPUBLICAN,34.0,9281998.0,Age2640,AA111522
ALAMANCE,S,TEMPORARY,AUREOLESJOSUEDAVID,JOSUEDAVIDAUREOLES,409CORNELIADR,UNDESIGNATED,HL,HISPANICorLATINO,DEM,DEMOCRATIC,19.0,,Age1825,AA176563
ALAMANCE,R,REMOVED,AUSBORNCHRISTOPHERRYAN,CHRISTOPHERRYANAUSBORN,303COLCLOUGHHALLA,WHITE,UN,UNDESIGNATED,UNA,UNAFFILIATED,22.0,9042008.0,Age1825,BE278956
ALAMANCE,D,DENIED,AUSBORNEANGELADAWN,ANGELADAWNAUSBORNE,,BLACKorAFRICANAMERICAN,UN,UNDESIGNATED,DEM,DEMOCRATIC,42.0,11022004.0,Age4165,AA141461
ALAMANCE,A,ACTIVE,AUSLEYALANMICHAEL,ALANMICHAELAUSLEY,1605ATWAYLOOP,WHITE,NL,NOTHISPANICorNOTLATINO,UNA,UNAFFILIATED,58.0,8031984.0,Age4165,
ALAMANCE,A,ACTIVE,AUSLEYFRANCESSIMMONS,FRANCESSIMMONSAUSLEY,4007PONDRD,WHITE,NL,NOTHISPANICorNOTLATINO,DEM,DEMOCRATIC,89.0,5161964.0,AgeOver66,AA3546
ALAMANCE,A,ACTIVE,AUSLEYGLORIACHANDLER,GLORIACHANDLERAUSLEY,1605ATWAYLOOP,BLACKorAFRICANAMERICAN,NL,NOTHISPANICorNOTLATINO,DEM,DEMOCRATIC,60.0,9141988.0,Age4165,AA66027
ALAMANCE,R,REMOVED,AUSLEYHARRYWILLIAM,HARRYWILLIAMAUSLEY,4007PONDRD,WHITE,NL,NOTHISPANICorNOTLATINO,REP,REPUBLICAN,94.0,10251952.0,AgeOver66,AA3548
ALAMANCE,A,ACTIVE,AUSLEYJORDANSAMUEL,JORDANSAMUELAUSLEY,2055FAIRFIELDDR,WHITE,NL,NOTHISPANICorNOTLATINO,UNA,UNAFFILIATED,24.0,,Age1825,AA178117
ALAMANCE,A,ACTIVE,AUSLEYPENNYNORMAN,PENNYNORMANAUSLEY,2055FAIRFIELDDR,WHITE,NL,NOTHISPANICorNOTLATINO,REP,REPUBLICAN,57.0,1091979.0,Age4165,AA3549
ALAMANCE,A,ACTIVE,AUSLEYROGERWATT,ROGERWATTAUSLEY,2055FAIRFIELDDR,WHITE,NL,NOTHISPANICorNOTLATINO,REP,REPUBLICAN,60.0,8171972.0,Age4165,AA3550
ALAMANCE,I,INACTIVE,AUSSIKERSANDRAKAY,SANDRAKAYAUSSIKER,2973DEEPWOODDR3105,WHITE,NL,NOTHISPANICorNOTLATINO,REP,REPUBLICAN,75.0,9202010.0,AgeOver66,AA166791
ALAMANCE,A,ACTIVE,AUSTINADAMWAYNE,ADAMWAYNEAUSTIN,309NSEVENTHST,WHITE,NL,NOTHISPANICorNOTLATINO,UNA,UNAFFILIATED,19.0,5022011.0,Age1825,AA168461
ALAMANCE,A,ACTIVE,AUSTINALLYSONNICOLE,ALLYSONNICOLEAUSTIN,2231MAYDR,WHITE,NL,NOTHISPANICorNOTLATINO,UNA,UNAFFILIATED,36.0,2161996.0,Age2640,AA97579
ALAMANCE,A,ACTIVE,AUSTINAMANDAMICHELLE,AMANDAMICHELLEAUSTIN,309NSEVENTHST,WHITE,NL,NOTHISPANICorNOTLATINO,UNA,UNAFFILIATED,24.0,10262012.0,,CJ129295
ALAMANCE,A,ACTIVE,AUSTINAMBERKATHRYN,AMBERKATHRYNAUSTIN,4245PREACHERHOLMESRD,WHITE,UN,UNDESIGNATED,UNA,UNAFFILIATED,25.0,2162007.0,,AA148940
ALAMANCE,A,ACTIVE,AUSTINANGELIQUEN,ANGELIQUENAUSTIN,316ASHBROOKLN,WHITE,NL,NOTHISPANICorNOTLATINO,REP,REPUBLICAN,40.0,3111990.0,Age2640,AA70824
ALAMANCE,A,ACTIVE,AUSTINANNGARRISON,ANNGARRISONAUSTIN,,WHITE,NL,NOTHISPANICorNOTLATINO,DEM,DEMOCRATIC,50.0,10051992.0,Age4165,AA84778
ALAMANCE,R,REMOVED,AUSTINANNEBURKE,ANNEBURKEAUSTIN,718WARDST,WHITE,NL,NOTHISPANICorNOTLATINO,DEM,DEMOCRATIC,76.0,4011978.0,AgeOver66,AA3553
ALAMANCE,A,ACTIVE,AUSTINAPRILMARIE,APRILMARIEAUSTIN,,WHITE,UN,UNDESIGNATED,DEM,DEMOCRATIC,29.0,9032009.0,Age2640,AA164642
ALAMANCE,A,ACTIVE,AUSTINARTHURANTHONY,ARTHURANTHONYAUSTIN,312SPENCEST,WHITE,NL,NOTHISPANICorNOTLATINO,REP,REPUBLICAN,61.0,1171972.0,Age4165,AA3554
ALAMANCE,A,ACTIVE,AUSTINBARBARARHODES,BARBARARHODESAUSTIN,307TRAILONE,WHITE,NL,NOTHISPANICorNOTLATINO,REP,REPUBLICAN,60.0,3241972.0,Age4165,AA3555
ALAMANCE,A,ACTIVE,AUSTINBARBARAANN,BARBARAANNAUSTIN,309WENTWORTHCIR,WHITE,UN,UNDESIGNATED,REP,REPUBLICAN,,5052008.0,Age4165,DE87880
ALAMANCE,A,ACTIVE,AUSTINCAROLK,CAROLKAUSTIN,1310RAVENWOODDR,WHITE,NL,NOTHISPANICorNOTLATINO,REP,REPUBLICAN,65.0,3042008.0,Age4165,AA152603
ALAMANCE,A,ACTIVE,AUSTINCAROLINESUSAN,CAROLINESUSANAUSTIN,5534SNCHWY62,BLACKorAFRICANAMERICAN,NL,NOTHISPANICorNOTLATINO,DEM,DEMOCRATIC,,9261990.0,Age4165,AA74057
ALAMANCE,A,ACTIVE,AUSTINCLARENCE(NMN),CLARENCE(NMN)AUSTIN,4706COBBRD,BLACKorAFRICANAMERICAN,NL,NOTHISPANICorNOTLATINO,DEM,DEMOCRATIC,74.0,10291980.0,AgeOver66,AA3557
ALAMANCE,A,ACTIVE,AUSTINCLYDE(NMN),CLYDE(NMN)AUSTIN,5534SNCHWY62,BLACKorAFRICANAMERICAN,NL,NOTHISPANICorNOTLATINO,DEM,DEMOCRATIC,79.0,10271962.0,AgeOver66,AA3558
ALAMANCE,A,ACTIVE,AUSTINCLYDEW,CLYDEWAUSTIN,2245HOLLANDAVE,BLACKorAFRICANAMERICAN,NL,NOTHISPANICorNOTLATINO,DEM,DEMOCRATIC,52.0,2021996.0,Age4165,AA97194
ALAMANCE,A,ACTIVE,AUSTINCOLLEENDARCY,COLLEENDARCYAUSTIN,,WHITE,UN,UNDESIGNATED,DEM,DEMOCRATIC,19.0,,,AA177319
ALAMANCE,A,ACTIVE,AUSTINCRYSTALMONIQUE,CRYSTALMONIQUEAUSTIN,1259VINCENTDR,BLACKorAFRICANAMERICAN,NL,NOTHISPANICorNOTLATINO,DEM,DEMOCRATIC,24.0,5062008.0,,AA154915
ALAMANCE,A,ACTIVE,AUSTINDALEROBERT,DALEROBERTAUSTIN,309WENTWORTHCIR,WHITE,UN,UNDESIGNATED,REP,REPUBLICAN,,5052008.0,Age4165,DE53707
ALAMANCE,A,ACTIVE,AUSTINDAVIDJONES,DAVIDJONESAUSTIN,1620EMAINST,WHITE,NL,NOTHISPANICorNOTLATINO,DEM,DEMOCRATIC,59.0,10081990.0,Age4165,AA74561
ALAMANCE,A,ACTIVE,AUSTINDEXTERPARKER,DEXTERPARKERAUSTIN,346SPENCEST,WHITE,NL,NOTHISPANICorNOTLATINO,DEM,DEMOCRATIC,94.0,5171952.0,AgeOver66,AA3559
ALAMANCE,A,ACTIVE,AUSTINDORCASDURHAM,DORCASDURHAMAUSTIN,3510COOKST,WHITE,NL,NOTHISPANICorNOTLATINO,UNA,UNAFFILIATED,60.0,10041992.0,Age4165,AA85045
ALAMANCE,A,ACTIVE,AUSTINDOUGDWIGHT,DOUGDWIGHTAUSTIN,4011POINTCT,BLACKorAFRICANAMERICAN,NL,NOTHISPANICorNOTLATINO,DEM,DEMOCRATIC,50.0,11191983.0,Age4165,AA3561
ALAMANCE,A,ACTIVE,AUSTINDUSTINMATTHEW,DUSTINMATTHEWAUSTIN,4706COBBRD,BLACKorAFRICANAMERICAN,NL,NOTHISPANICorNOTLATINO,UNA,UNAFFILIATED,25.0,,,AA177578
ALAMANCE,A,ACTIVE,AUSTINEDITHCLIFTON,EDITHCLIFTONAUSTIN,202CASWELLST,WHITE,NL,NOTHISPANICorNOTLATINO,DEM,DEMOCRATIC,89.0,4201968.0,AgeOver66,AA3562
ALAMANCE,A,ACTIVE,AUSTINELAINETRUELOVE,ELAINETRUELOVEAUSTIN,405DORALCT,WHITE,NL,NOTHISPANICorNOTLATINO,REP,REPUBLICAN,,5052000.0,Age4165,AA118000
ALAMANCE,R,REMOVED,AUSTINELIZABETHLAFRENIERE,ELIZABETHLAFRENIEREAUSTIN,903JOHNSTONCT,WHITE,NL,NOTHISPANICorNOTLATINO,DEM,DEMOCRATIC,28.0,4252008.0,Age2640,AA154916
ALAMANCE,A,ACTIVE,AUSTINERICLANDON,ERICLANDONAUSTIN,3510COOKST,WHITE,NL,NOTHISPANICorNOTLATINO,UNA,UNAFFILIATED,31.0,10011999.0,Age2640,AA115638
ALAMANCE,A,ACTIVE,AUSTINERNESTHAMPTONJR,ERNESTHAMPTONAUSTINJR,2565HYDEST,WHITE,NL,NOTHISPANICorNOTLATINO,REP,REPUBLICAN,73.0,4201968.0,AgeOver66,AA3565
ALAMANCE,R,REMOVED,AUSTINEVERETTMILTON,EVERETTMILTONAUSTIN,406TRAILTWO,WHITE,NL,NOTHISPANICorNOTLATINO,DEM,DEMOCRATIC,87.0,5021964.0,AgeOver66,AA3566
ALAMANCE,A,ACTIVE,AUSTINFRANCESTOLER,FRANCESTOLERAUSTIN,514VINEST,WHITE,NL,NOTHISPANICorNOTLATINO,DEM,DEMOCRATIC,81.0,1131997.0,AgeOver66,AA104496
ALAMANCE,A,ACTIVE,AUSTINGINGERLEA,GINGERLEAAUSTIN,4011POINTCT,WHITE,NL,NOTHISPANICorNOTLATINO,DEM,DEMOCRATIC,,3301994.0,Age4165,AA89640
ALAMANCE,A,ACTIVE,AUSTINGRETHERNELLISON,GRETHERNELLISONAUSTIN,1314STMARK'SCHURCHRD,WHITE,NL,NOTHISPANICorNOTLATINO,DEM,DEMOCRATIC,76.0,,AgeOver66,AA14786
ALAMANCE,A,ACTIVE,AUSTINHOLLYMARIE,HOLLYMARIEAUSTIN,203NNINTHST,WHITE,NL,NOTHISPANICorNOTLATINO,DEM,DEMOCRATIC,23.0,7052007.0,,AA150068
ALAMANCE,A,ACTIVE,AUSTINIRAIII,IRAAUSTINIII,400WILLIAMSONSTA1,BLACKorAFRICANAMERICAN,NL,NOTHISPANICorNOTLATINO,DEM,DEMOCRATIC,37.0,8282008.0,Age2640,AA156526
ALAMANCE,A,ACTIVE,AUSTINJAMESEDGARJR,JAMESEDGARAUSTINJR,718WARDST,WHITE,NL,NOTHISPANICorNOTLATINO,DEM,DEMOCRATIC,77.0,10241964.0,AgeOver66,AA3571
ALAMANCE,A,ACTIVE,AUSTINJAMESTHOMAS,JAMESTHOMASAUSTIN,,WHITE,UN,UNDESIGNATED,DEM,DEMOCRATIC,53.0,10051992.0,Age4165,AA84779
ALAMANCE,R,REMOVED,AUSTINJAMESEDGARSR,JAMESEDGARAUSTINSR,218WARDST,WHITE,NL,NOTHISPANICorNOTLATINO,DEM,DEMOCRATIC,98.0,,AgeOver66,AA3572
ALAMANCE,A,ACTIVE,AUSTINJENNIFERHOLMAN,JENNIFERHOLMANAUSTIN,2901SJIMMINORRD,WHITE,NL,NOTHISPANICorNOTLATINO,UNA,UNAFFILIATED,40.0,2062002.0,Age2640,AA125549
ALAMANCE,A,ACTIVE,AUSTINJOANWIGHTMAN,JOANWIGHTMANAUSTIN,4245PREACHERHOLMESRD,WHITE,NL,NOTHISPANICorNOTLATINO,REP,REPUBLICAN,57.0,3201974.0,Age4165,AA3574
ALAMANCE,R,REMOVED,AUSTINJOSEPHRAYMOND,JOSEPHRAYMONDAUSTIN,1314STMARK'SCHURCHRD,WHITE,NL,NOTHISPANICorNOTLATINO,REP,REPUBLICAN,70.0,3191997.0,AgeOver66,AA105716
ALAMANCE,I,INACTIVE,AUSTINKELCYDIDDIANN,KELCYDIDDIANNAUSTIN,909EMOREHEADST,WHITE,NL,NOTHISPANICorNOTLATINO,UNA,UNAFFILIATED,32.0,3272000.0,Age2640,AA117599
ALAMANCE,A,ACTIVE,AUSTINKRISTIEALLEN,KRISTIEALLENAUSTIN,2662HESTERRD,WHITE,NL,NOTHISPANICorNOTLATINO,UNA,UNAFFILIATED,38.0,6142006.0,Age2640,AT20155
ALAMANCE,A,ACTIVE,AUSTINLATONYAMONIQUE,LATONYAMONIQUEAUSTIN,2245HOLLANDAVE,BLACKorAFRICANAMERICAN,UN,UNDESIGNATED,DEM,DEMOCRATIC,41.0,,Age4165,AA177613
ALAMANCE,R,REMOVED,AUSTINLAURENNICOLE,LAURENNICOLEAUSTIN,4245PREACHERHOLMESRD,WHITE,UN,UNDESIGNATED,REP,REPUBLICAN,31.0,8262004.0,Age2640,AA136671
ALAMANCE,R,REMOVED,AUSTINMARGARETCOBLE,,346SPENCEST,WHITE,NL,NOTHISPANICorNOTLATINO,DEM,DEMOCRATIC,92.0,10251952.0,AgeOver66,AA3576
ALAMANCE,A,ACTIVE,AUSTINMARSHALLHORTON,,514VINEST,WHITE,NL,NOTHISPANICorNOTLATINO,DEM,DEMOCRATIC,62.0,3201996.0,Age4165,AA98172
ALAMANCE,R,REMOVED,AUSTINMERLEHILL,,2565HYDEST,WHITE,NL,NOTHISPANICorNOTLATINO,REP,REPUBLICAN,97.0,10291980.0,AgeOver66,AA3578
ALAMANCE,A,ACTIVE,AUSTINNANCYMICHAEL,NANCYMICHAELAUSTIN,3727WADECOBLEDR311,WHITE,NL,NOTHISPANICorNOTLATINO,REP,REPUBLICAN,90.0,9062000.0,AgeOver66,AA119624
ALAMANCE,A,ACTIVE,AUSTINPAMELAMULLINS,PAMELAMULLINSAUSTIN,615GREGSONCT,WHITE,NL,NOTHISPANICorNOTLATINO,DEM,DEMOCRATIC,58.0,10081990.0,Age4165,AA74921
ALAMANCE,A,ACTIVE,AUSTINPERRIJONA,PERRIJONAAUSTIN,1620EMAINST,WHITE,NL,NOTHISPANICorNOTLATINO,UNA,UNAFFILIATED,53.0,10081990.0,Age4165,AA74562
ALAMANCE,A,ACTIVE,AUSTINPHYLLISBURTON,PHYLLISBURTONAUSTIN,,WHITE,NL,NOTHISPANICorNOTLATINO,DEM,DEMOCRATIC,86.0,10071984.0,AgeOver66,
ALAMANCE,A,ACTIVE,AUSTINROBERTALLISON,ROBERTALLISONAUSTIN,405DORALCT,WHITE,NL,NOTHISPANICorNOTLATINO,DEM,DEMOCRATIC,,12301996.0,Age4165,AA104498
ALAMANCE,A,ACTIVE,AUSTINROBERTDOYCEJR,ROBERTDOYCEAUSTINJR,2942ETHANPOINTEDR5302,UNDESIGNATED,UN,UNDESIGNATED,DEM,DEMOCRATIC,44.0,,Age4165,DB236362
ALAMANCE,R,REMOVED,AUSTINRONALDWRIGHT,RONALDWRIGHTAUSTIN,514VINEST,WHITE,NL,NOTHISPANICorNOTLATINO,DEM,DEMOCRATIC,81.0,1171959.0,AgeOver66,AA3580
ALAMANCE,A,ACTIVE,AUSTINRONNIESHANE,RONNIESHANEAUSTIN,4911SALEMCHURCHRD,WHITE,UN,UNDESIGNATED,DEM,DEMOCRATIC,21.0,3302010.0,,AA165668
ALAMANCE,A,ACTIVE,AUSTINSHAWNAMARIE,SHAWNAMARIEAUSTIN,2942ETHANPOINTEDR5302,UNDESIGNATED,UN,UNDESIGNATED,DEM,DEMOCRATIC,,,Age4165,AA177614
ALAMANCE,A,ACTIVE,AUSTINSTEVENALLEN,STEVENALLENAUSTIN,4245PREACHERHOLMESRD,WHITE,NL,NOTHISPANICorNOTLATINO,REP,REPUBLICAN,57.0,3121984.0,Age4165,
ALAMANCE,A,ACTIVE,AUSTINTHOMASEDWARDIII,THOMASEDWARDAUSTINIII,2901SJIMMINORRD,WHITE,NL,NOTHISPANICorNOTLATINO,DEM,DEMOCRATIC,42.0,6221998.0,Age4165,AA110550
ALAMANCE,A,ACTIVE,AUSTINTHOMASFORRESTSR,THOMASFORRESTAUSTINSR,3727WADECOBLEDR311,WHITE,NL,NOTHISPANICorNOTLATINO,REP,REPUBLICAN,94.0,9062000.0,AgeOver66,AA119625
ALAMANCE,A,ACTIVE,AUSTINVILDREDVENETTE,VILDREDVENETTEAUSTIN,1720OLDSTMARK'SCHURCHRD73A,BLACKorAFRICANAMERICAN,NL,NOTHISPANICorNOTLATINO,DEM,DEMOCRATIC,55.0,8282012.0,Age4165,AA174464
ALAMANCE,A,ACTIVE,AUSTINWILLIAMANTONIO,WILLIAMANTONIOAUSTIN,1000CAMPUSTRACEDR202,BLACKorAFRICANAMERICAN,NL,NOTHISPANICorNOTLATINO,DEM,DEMOCRATIC,20.0,9252012.0,,AX57257
ALAMANCE,A,ACTIVE,AUSTINWILLIAMTHOMAS,WILLIAMTHOMASAUSTIN,615GREGSONCT,WHITE,NL,NOTHISPANICorNOTLATINO,REP,REPUBLICAN,,1161992.0,Age4165,AA79387
ALAMANCE,A,ACTIVE,AUSTINWILLIAMBERTIS,WILLIAMBERTISAUSTIN,3510COOKST,WHITE,NL,NOTHISPANICorNOTLATINO,UNA,UNAFFILIATED,60.0,7021992.0,Age4165,AA81797
ALAMANCE,A,ACTIVE,AUSTINPIERCEDANARENEE,DANARENEEAUSTINPIERCE,,WHITE,NL,NOTHISPANICorNOTLATINO,DEM,DEMOCRATIC,27.0,10302010.0,Age2640,BL341212
ALAMANCE,A,ACTIVE,AUSTRIALASHAUNAWALKER,LASHAUNAWALKERAUSTRIA,1336HANFORDHILLSRD,BLACKorAFRICANAMERICAN,NL,NOTHISPANICorNOTLATINO,DEM,DEMOCRATIC,34.0,,Age2640,AA121674
ALAMANCE,A,ACTIVE,AUSTRIAREGGIEFIDEL,REGGIEFIDELAUSTRIA,1336HANFORDHILLSRD,ASIAN,NL,NOTHISPANICorNOTLATINO,DEM,DEMOCRATIC,34.0,4252003.0,Age2640,AA130092
ALAMANCE,D,DENIED,AUTENMARYCHRISTINA,,1916MALONERDF,WHITE,NL,NOTHISPANICorNOTLATINO,UNA,UNAFFILIATED,32.0,1022007.0,Age2640,AA148722
ALAMANCE,A,ACTIVE,AUTHPATRICIAKATHRYN,PATRICIAKATHRYNAUTH,94DENISEDRD,WHITE,NL,NOTHISPANICorNOTLATINO,UNA,UNAFFILIATED,30.0,7192012.0,Age2640,AA172572
ALAMANCE,A,ACTIVE,AUTONDANAKATHRYN,DANAKATHRYNAUTON,,WHITE,NL,NOTHISPANICorNOTLATINO,REP,REPUBLICAN,43.0,9231998.0,Age4165,AA111523
ALAMANCE,A,ACTIVE,AUTONSEANEVERETT,SEANEVERETTAUTON,,WHITE,NL,NOTHISPANICorNOTLATINO,REP,REPUBLICAN,41.0,,Age4165,AA104499
ALAMANCE,A,ACTIVE,AUTONSEANMATTHEW,SEANMATTHEWAUTON,,WHITE,NL,NOTHISPANICorNOTLATINO,UNA,UNAFFILIATED,19.0,,,AA176710
ALAMANCE,A,ACTIVE,AUTREYROBERTLEWIS,ROBERTLEWISAUTREY,9170KAMINCT,WHITE,NL,NOTHISPANICorNOTLATINO,REP,REPUBLICAN,56.0,7222010.0,Age4165,AX28054
ALAMANCE,A,ACTIVE,AUTRYADAMNELSON,ADAMNELSONAUTRY,1289WILLOWLAKERD,WHITE,NL,NOTHISPANICorNOTLATINO,REP,REPUBLICAN,26.0,10012004.0,Age2640,AA139143
ALAMANCE,I,INACTIVE,AUTRYAMYHOLT,AMYHOLTAUTRY,1702DARRELLDR,WHITE,NL,NOTHISPANICorNOTLATINO,REP,REPUBLICAN,29.0,8162002.0,Age2640,AA127441
ALAMANCE,A,ACTIVE,AUTRYBABETTEPOLLEYS,BABETTEPOLLEYSAUTRY,1289WILLOWLAKERD,WHITE,NL,NOTHISPANICorNOTLATINO,UNA,UNAFFILIATED,,3291995.0,Age4165,AA93544
ALAMANCE,A,ACTIVE,AUTRYBYRONJAMES,BYRONJAMESAUTRY,1702DARRELLDR,WHITE,NL,NOTHISPANICorNOTLATINO,REP,REPUBLICAN,26.0,8242006.0,Age2640,AA147279
ALAMANCE,I,INACTIVE,AUTRYERICALEIGH,ERICALEIGHAUTRY,706HUFFMANMILLRDC7,WHITE,NL,NOTHISPANICorNOTLATINO,REP,REPUBLICAN,33.0,11252002.0,Age2640,AA128496
ALAMANCE,A,ACTIVE,AUTRYHAROLDBYRON,HAROLDBYRONAUTRY,1702DARRELLDR,WHITE,NL,NOTHISPANICorNOTLATINO,REP,REPUBLICAN,63.0,6212002.0,Age4165,AA126763
ALAMANCE,A,ACTIVE,AUTRYKATELYNJESSICA,KATELYNJESSICAAUTRY,908EDGEWATERRD,WHITE,NL,NOTHISPANICorNOTLATINO,REP,REPUBLICAN,21.0,2082011.0,,AA168033
ALAMANCE,A,ACTIVE,AUTRYKELLYALEXANDER,KELLYALEXANDERAUTRY,712WAGONERRD,WHITE,NL,NOTHISPANICorNOTLATINO,DEM,DEMOCRATIC,18.0,8022012.0,,AA173148
ALAMANCE,A,ACTIVE,AUTRYLARRYNELSON,LARRYNELSONAUTRY,1289WILLOWLAKERD,WHITE,NL,NOTHISPANICorNOTLATINO,REP,REPUBLICAN,,3141995.0,Age4165,AA92591
ALAMANCE,A,ACTIVE,AUTRYLINDAHOLT,LINDAHOLTAUTRY,1702DARRELLDR,WHITE,UN,UNDESIGNATED,REP,REPUBLICAN,64.0,8122002.0,Age4165,AA127256
ALAMANCE,A,ACTIVE,AUTRYSUSANKELLY,SUSANKELLYAUTRY,712WAGONERRD,WHITE,NL,NOTHISPANICorNOTLATINO,DEM,DEMOCRATIC,,9111989.0,Age4165,AA69781
ALAMANCE,A,ACTIVE,AUTRYTERESAANN,TERESAANNAUTRY,1703KEOGHST,WHITE,NL,NOTHISPANICorNOTLATINO,REP,REPUBLICAN,28.0,3102010.0,Age2640,AA165538
ALAMANCE,A,ACTIVE,AUTRYTERRYFANN,TERRYFANNAUTRY,712WAGONERRD,WHITE,NL,NOTHISPANICorNOTLATINO,REP,REPUBLICAN,,9111989.0,Age4165,AA69782
ALAMANCE,I,INACTIVE,AUXIERBRIANKEITH,BRIANKEITHAUXIER,609NPARKAVE,WHITE,NL,NOTHISPANICorNOTLATINO,REP,REPUBLICAN,34.0,12032010.0,Age2640,AA167624
ALAMANCE,A,ACTIVE,AVALLONEANNAKATE,ANNAKATEAVALLONE,,WHITE,NL,NOTHISPANICorNOTLATINO,DEM,DEMOCRATIC,22.0,9022008.0,,AA157226
ALAMANCE,A,ACTIVE,AVALOSMANUELDEJESUS,,,UNDESIGNATED,HL,HISPANICorLATINO,DEM,DEMOCRATIC,54.0,4262012.0,Age4165,AA171844
ALAMANCE,A,ACTIVE,AVALOSDERASALEXRICARDO,ALEXRICARDOAVALOSDERAS,,UNDESIGNATED,HL,HISPANICorLATINO,UNA,UNAFFILIATED,27.0,6062012.0,Age2640,AA173151
ALAMANCE,A,ACTIVE,AVALOSDERASALEXRICARDO,ALEXRICARDOAVALOSDERAS,,UNDESIGNATED,HL,HISPANICorLATINO,DEM,DEMOCRATIC,27.0,10262012.0,Age2640,AA178377
ALAMANCE,I,INACTIVE,AVANTCHRISTOPHERALAN,CHRISTOPHERALANAVANT,2933DEEPWOODDR7309,WHITE,,NOTHISPANICorNOTLATINO,UNA,UNAFFILIATED,37.0,12112009.0,Age2640,DR76843
ALAMANCE,R,REMOVED,AVANTDIANERITA,DIANERITAAVANT,,WHITE,,NOTHISPANICorNOTLATINO,DEM,DEMOCRATIC,37.0,6301998.0,Age2640,AA110551
ALAMANCE,A,ACTIVE,AVANTJAMESLOGAN,JAMESLOGANAVANT,3173BEAVERCREEKRDD,WHITE,,NOTHISPANICorNOTLATINO,UNA,UNAFFILIATED,24.0,7312009.0,,AA164452
ALAMANCE,A,ACTIVE,AVANTJAMESELLISII,JAMESELLISAVANTII,561COOKRD,WHITE,,NOTHISPANICorNOTLATINO,UNA,UNAFFILIATED,,1281993.0,Age4165,AA86172
ALAMANCE,A,ACTIVE,AVANTJENNIFERLYNN,JENNIFERLYNNAVANT,2920AUBURNDR200,WHITE,,NOTHISPANICorNOTLATINO,DEM,DEMOCRATIC,26.0,,Age2640,AA159171
ALAMANCE,A,ACTIVE,AVANTPORTIALYNN,PORTIALYNNAVANT,1915WILKINSST,WHITE,,NOTHISPANICorNOTLATINO,UNA,UNAFFILIATED,,1022009.0,Age4165,AA162577
ALAMANCE,A,ACTIVE,AVANTTINACAMPBELL,TINACAMPBELLAVANT,561COOKRD,WHITE,,NOTHISPANICorNOTLATINO,REP,REPUBLICAN,,2241997.0,Age4165,AA105717
ALAMANCE,I,INACTIVE,AVANTSRITCHIELEE,RITCHIELEEAVANTS,720BOONESTATIONDRJ,WHITE,UN,UNDESIGNATED,REP,REPUBLICAN,58.0,11192003.0,Age4165,AA132186
ALAMANCE,A,ACTIVE,AVELAREDGARDOANTONIO,EDGARDOANTONIOAVELAR,517PINEST,UNDESIGNATED,HL,HISPANICorLATINO,REP,REPUBLICAN,51.0,,Age4165,BL210221
ALAMANCE,A,ACTIVE,AVENDANOKRISANNLEE,KRISANNLEEAVENDANO,,UNDESIGNATED,UN,UNDESIGNATED,DEM,DEMOCRATIC,38.0,4012008.0,Age2640,AA153216
ALAMANCE,A,ACTIVE,AVENTALYSONGRAY,ALYSONGRAYAVENT,408WESTFIELDLN,WHITE,,NOTHISPANICorNOTLATINO,UNA,UNAFFILIATED,20.0,5152012.0,,AA172734
ALAMANCE,A,ACTIVE,AVENTCAROLLYNN,CAROLLYNNAVENT,408WESTFIELDLN,WHITE,,NOTHISPANICorNOTLATINO,UNA,UNAFFILIATED,56.0,7132001.0,Age4165,AA123846
ALAMANCE,R,REMOVED,AVENTJESSEDOUGLAS,JESSEDOUGLASAVENT,1412GREENWOODTER,WHITE,,NOTHISPANICorNOTLATINO,DEM,DEMOCRATIC,93.0,5161963.0,AgeOver66,AA3588
ALAMANCE,R,REMOVED,AVENTSTANLEYGRAY,STANLEYGRAYAVENT,408WESTFIELDLN,WHITE,,NOTHISPANICorNOTLATINO,REP,REPUBLICAN,67.0,6082001.0,AgeOver66,AA123802
ALAMANCE,A,ACTIVE,AVENTSTEPHANIELYNN,STEPHANIELYNNAVENT,408WESTFIELDLN,WHITE,,NOTHISPANICorNOTLATINO,DEM,DEMOCRATIC,19.0,5152012.0,,AA172532
ALAMANCE,A,ACTIVE,AVERETTSTEVENBRENT,STEVENBRENTAVERETT,2139CHARLESAVE,WHITE,UN,UNDESIGNATED,UNA,UNAFFILIATED,40.0,,Age2640,BR109923
ALAMANCE,A,ACTIVE,AVERETTTESSAMARIE,TESSAMARIEAVERETT,2139CHARLESAVE,WHITE,,NOTHISPANICorNOTLATINO,REP,REPUBLICAN,39.0,,Age2640,BR115923
ALAMANCE,A,ACTIVE,AVERETTECLIFTONMARK,CLIFTONMARKAVERETTE,410HAZELWOODDR,UNDESIGNATED,,NOTHISPANICorNOTLATINO,REP,REPUBLICAN,51.0,9301984.0,Age4165,
ALAMANCE,A,ACTIVE,AVERETTEDOROTHYHOSKINS,DOROTHYHOSKINSAVERETTE,606MENDELTER,WHITE,,NOTHISPANICorNOTLATINO,UNA,UNAFFILIATED,73.0,10261968.0,AgeOver66,AA3592
ALAMANCE,A,ACTIVE,AVERETTEKIMPOWLISON,KIMPOWLISONAVERETTE,410HAZELWOODDR,UNDESIGNATED,UN,UNDESIGNATED,REP,REPUBLICAN,55.0,3131995.0,Age4165,AA107544
ALAMANCE,A,ACTIVE,AVERETTEROBERTSWANSON,ROBERTSWANSONAVERETTE,606MENDELTER,WHITE,,NOTHISPANICorNOTLATINO,DEM,DEMOCRATIC,76.0,3021992.0,AgeOver66,AA80061
ALAMANCE,A,ACTIVE,AVERETTEROBERTSWANSONJR,ROBERTSWANSONAVERETTEJR,5973WILDHORSECANYONRD,WHITE,UN,UNDESIGNATED,REP,REPUBLICAN,,4102008.0,Age4165,AA154880
ALAMANCE,A,ACTIVE,AVERILLAMYHAUSER,AMYHAUSERAVERILL,1367LONGDAIRYCT,WHITE,,NOTHISPANICorNOTLATINO,UNA,UNAFFILIATED,42.0,2242005.0,Age4165,AA143060
ALAMANCE,A,ACTIVE,AVERILLROBERTJASON,ROBERTJASONAVERILL,1367LONGDAIRYCT,WHITE,,NOTHISPANICorNOTLATINO,REP,REPUBLICAN,40.0,2052007.0,Age2640,AA148776
ALAMANCE,A,ACTIVE,AVERITTCHARLESRICHARD,CHARLESRICHARDAVERITT,1239WOODHAVENDR,WHITE,,NOTHISPANICorNOTLATINO,DEM,DEMOCRATIC,77.0,10021976.0,AgeOver66,AA3594
ALAMANCE,A,ACTIVE,AVERITTHILDAMADDEN,HILDAMADDENAVERITT,1239WOODHAVENDR,WHITE,,NOTHISPANICorNOTLATINO,DEM,DEMOCRATIC,83.0,9291980.0,AgeOver66,AA3596
ALAMANCE,A,ACTIVE,AVERITTJASONLANDON,JASONLANDONAVERITT,3323WINSTONDR,WHITE,,NOTHISPANICorNOTLATINO,UNA,UNAFFILIATED,41.0,10041996.0,Age4165,AA104093
ALAMANCE,A,ACTIVE,AVERITTJENNIFERLYNNESORROW,JENNIFERLYNNESORROWAVERITT,3323WINSTONDR,WHITE,,NOTHISPANICorNOTLATINO,DEM,DEMOCRATIC,42.0,7172002.0,Age4165,AA126937
ALAMANCE,A,ACTIVE,AVERYCHRISTIEJONES,CHRISTIEJONESAVERY,2064WHITEHEADDR,WHITE,,NOTHISPANICorNOTLATINO,UNA,UNAFFILIATED,37.0,9112009.0,Age2640,AA164683
ALAMANCE,A,ACTIVE,AVERYDARNELLLARIECE,DARNELLLARIECEAVERY,4509HOPEWOODDR,BLACKorAFRICANAMERICAN,,NOTHISPANICorNOTLATINO,DEM,DEMOCRATIC,38.0,,Age2640,AA121256
ALAMANCE,A,ACTIVE,AVERYFELICIASHAREEL,FELICIASHAREELAVERY,2930ETHANPOINTEDR8103,BLACKorAFRICANAMERICAN,,NOTHISPANICorNOTLATINO,DEM,DEMOCRATIC,33.0,10052011.0,Age2640,BY355809
ALAMANCE,A,ACTIVE,AVERYGRAHAMLEE,GRAHAMLEEAVERY,141NEWCASTLERD,WHITE,,NOTHISPANICorNOTLATINO,REP,REPUBLICAN,65.0,7281993.0,Age4165,AA87577
ALAMANCE,I,INACTIVE,AVERYJAMESHOWARD,JAMESHOWARDAVERY,3804SPRINGGARDENCT,WHITE,,NOTHISPANICorNOTLATINO,DEM,DEMOCRATIC,71.0,7111996.0,AgeOver66,AA100265
ALAMANCE,A,ACTIVE,AVERYKEVINMICHAEL,KEVINMICHAELAVERY,141NEWCASTLERD,WHITE,,NOTHISPANICorNOTLATINO,REP,REPUBLICAN,18.0,3092012.0,,AA170656
ALAMANCE,A,ACTIVE,AVERYLAURARAPPLEYEA,LAURARAPPLEYEAAVERY,141NEWCASTLERD,WHITE,,NOTHISPANICorNOTLATINO,REP,REPUBLICAN,56.0,6111993.0,Age4165,AA87324
ALAMANCE,A,ACTIVE,AVERYPATRICKSTUART,PATRICKSTUARTAVERY,141NEWCASTLERD,WHITE,,NOTHISPANICorNOTLATINO,REP,REPUBLICAN,21.0,6162009.0,,AA164194
ALAMANCE,A,ACTIVE,AVERYPAULADIXON,PAULADIXONAVERY,2931WESTERNHILLSLN,WHITE,,NOTHISPANICorNOTLATINO,DEM,DEMOCRATIC,53.0,9301982.0,Age4165,AA13224
ALAMANCE,A,ACTIVE,AVERYROYBROADUSJR,ROYBROADUSAVERYJR,2931WESTERNHILLSLN,WHITE,,NOTHISPANICorNOTLATINO,DEM,DEMOCRATIC,57.0,4091984.0,Age4165,
ALAMANCE,A,ACTIVE,AVERYTONICHAPMAN,TONICHAPMANAVERY,4509HOPEWOODDR,WHITE,,NOTHISPANICorNOTLATINO,UNA,UNAFFILIATED,41.0,6191998.0,Age4165,AA110552
ALAMANCE,A,ACTIVE,AVILABARBARAKOTTER,BARBARAKOTTERAVILA,501EVERGLADESDR,UNDESIGNATED,UN,UNDESIGNATED,UNA,UNAFFILIATED,,,Age4165,AA159410
ALAMANCE,I,INACTIVE,AVILAFRANCISCOLEONEL,FRANCISCOLEONELAVILA,2405HUNTINGTONRD2,WHITE,,NOTHISPANICorNOTLATINO,UNA,UNAFFILIATED,39.0,3202003.0,Age2640,AA129812
ALAMANCE,A,ACTIVE,AVILALEONELALFONSO,LEONELALFONSOAVILA,501EVERGLADESDR,UNDESIGNATED,HL,HISPANICorLATINO,REP,REPUBLICAN,63.0,,Age4165,AA159418
ALAMANCE,A,ACTIVE,AVILESLETICIA,LETICIAAVILES,2417NCHURCHST44,UNDESIGNATED,HL,HISPANICorLATINO,DEM,DEMOCRATIC,19.0,9212012.0,,AA175143
ALAMANCE,A,ACTIVE,AVILLIONELAINELINDA,ELAINELINDAAVILLION,40HEATHERCT,WHITE,,NOTHISPANICorNOTLATINO,REP,REPUBLICAN,58.0,9052000.0,Age4165,AA119545
ALAMANCE,A,ACTIVE,AVILLIONMICHAEL,,40HEATHERCT,WHITE,,NOTHISPANICorNOTLATINO,REP,REPUBLICAN,35.0,3222012.0,Age2640,AA171054
ALAMANCE,A,ACTIVE,AVILLIONVINCENTJAMES,VINCENTJAMESAVILLION,40HEATHERCT,WHITE,,NOTHISPANICorNOTLATINO,REP,REPUBLICAN,61.0,9072000.0,Age4165,AA119793
ALAMANCE,A,ACTIVE,AWANANNMJABBAR,ANNMJABBARAWAN,3113COMMERCEPLB,UNDESIGNATED,,NOTHISPANICorNOTLATINO,DEM,DEMOCRATIC,22.0,5062008.0,,AA154794
ALAMANCE,A,ACTIVE,AWANANUMJABBAR,ANUMJABBARAWAN,2607QUAKERCREEKDR,ASIAN,,NOTHISPANICorNOTLATINO,DEM,DEMOCRATIC,22.0,10272012.0,,AA178415
ALAMANCE,A,ACTIVE,AWANHAMDAJABBAR,HAMDAJABBARAWAN,2607QUAKERCREEKDR,OTHER,,NOTHISPANICorNOTLATINO,DEM,DEMOCRATIC,22.0,,,AA152266
ALAMANCE,A,ACTIVE,AWANRIZWANAJABBAR,RIZWANAJABBARAWAN,2607QUAKERCREEKDR,ASIAN,UN,UNDESIGNATED,DEM,DEMOCRATIC,51.0,7132001.0,Age4165,AA123847
ALAMANCE,A,ACTIVE,AWANUMAIR,UMAIRAWAN,2607QUAKERCREEKDR,ASIAN,,NOTHISPANICorNOTLATINO,DEM,DEMOCRATIC,27.0,3272008.0,Age2640,AA153121
ALAMANCE,A,ACTIVE,AWANUMARJABBERSR,UMARJABBERAWANSR,3113COMMERCEPLB,OTHER,UN,UNDESIGNATED,DEM,DEMOCRATIC,28.0,6192002.0,Age2640,AA126646
ALAMANCE,A,ACTIVE,AWEREOTIAKENTEN,OTIAKENTENAWERE,608WWHITSETTST,BLACKorAFRICANAMERICAN,UN,UNDESIGNATED,DEM,DEMOCRATIC,58.0,7062011.0,Age4165,AA168835
ALAMANCE,A,ACTIVE,AWTREYCHADLEWIS,CHADLEWISAWTREY,,WHITE,NL,NOTHISPANICorNOTLATINO,REP,REPUBLICAN,32.0,7302010.0,Age2640,AA166439
ALAMANCE,A,ACTIVE,AWTREYCONNIEMARIE,CONNIEMARIEAWTREY,,WHITE,NL,NOTHISPANICorNOTLATINO,UNA,UNAFFILIATED,35.0,7302010.0,Age2640,AA166440
ALAMANCE,A,ACTIVE,AXELSONCORINNAWALKER,CORINNAWALKERAXELSON,807NMAINST,WHITE,NL,NOTHISPANICorNOTLATINO,REP,REPUBLICAN,70.0,9031992.0,AgeOver66,AA82881
ALAMANCE,A,ACTIVE,AXELSONGLENALLEN,GLENALLENAXELSON,502LASHLEYSTE,WHITE,NL,NOTHISPANICorNOTLATINO,REP,REPUBLICAN,,7211993.0,Age4165,AA87578
ALAMANCE,A,ACTIVE,AXELSONLARRYWILLIAM,LARRYWILLIAMAXELSON,807NMAINST,WHITE,NL,NOTHISPANICorNOTLATINO,UNA,UNAFFILIATED,,9231991.0,Age4165,AA78358
ALAMANCE,A,ACTIVE,AXELSONLINDAMARIE,LINDAMARIEAXELSON,807NMAINST,WHITE,NL,NOTHISPANICorNOTLATINO,REP,REPUBLICAN,38.0,9031992.0,Age2640,AA82882
ALAMANCE,R,REMOVED,AXSOMJAMESB,JAMESBAXSOM,4441SARTINRD,WHITE,,NOTHISPANICorNOTLATINO,UNA,UNAFFILIATED,69.0,7112002.0,AgeOver66,AA126869
ALAMANCE,R,REMOVED,AXSOMLINDAWALKER,,4441SARTINRD,WHITE,UN,UNDESIGNATED,REP,REPUBLICAN,69.0,8312002.0,AgeOver66,AA127791
ALAMANCE,A,ACTIVE,AYALAANGEL,ANGELAYALA,709SUMMITRIDGERD,UNDESIGNATED,HL,HISPANICorLATINO,DEM,DEMOCRATIC,76.0,1282009.0,AgeOver66,AA163340
ALAMANCE,I,INACTIVE,AYALAERIC,ERICAYALA,603HARRELLST,UNDESIGNATED,HL,HISPANICorLATINO,UNA,UNAFFILIATED,40.0,9272004.0,Age2640,AA138482
ALAMANCE,A,ACTIVE,AYALAJORGENOEL,JORGENOELAYALA,,TWOorMORERACES,HL,HISPANICorLATINO,DEM,DEMOCRATIC,29.0,10312012.0,Age2640,AA178630
ALAMANCE,R,REMOVED,AYALAKEMBAHRICHARDSON,KEMBAHRICHARDSONAYALA,603HARRELLST,BLACKorAFRICANAMERICAN,,NOTHISPANICorNOTLATINO,UNA,UNAFFILIATED,37.0,11142003.0,Age2640,AA131852
ALAMANCE,A,ACTIVE,AYBAREUGENIAFATIMA,EUGENIAFATIMAAYBAR,206SFOURTHST,WHITE,,NOTHISPANICorNOTLATINO,UNA,UNAFFILIATED,34.0,10072011.0,Age2640,AA169470
ALAMANCE,A,ACTIVE,AYCOCKCHARLIEROBERTSON,CHARLIEROBERTSONAYCOCK,3700LUTHERCT,WHITE,UN,UNDESIGNATED,DEM,DEMOCRATIC,56.0,7172010.0,Age4165,BY8484
ALAMANCE,A,ACTIVE,AYCOCKJANECHANDLER,JANECHANDLERAYCOCK,3700LUTHERCT,WHITE,UN,UNDESIGNATED,DEM,DEMOCRATIC,88.0,7162010.0,AgeOver66,BY8489
ALAMANCE,R,REMOVED,AYCOCKSUSANHOOKS,SUSANHOOKSAYCOCK,838KNOLLWOODFALLSRD,WHITE,,NOTHISPANICorNOTLATINO,DEM,DEMOCRATIC,82.0,5031956.0,AgeOver66,AA3610
ALAMANCE,A,ACTIVE,AYDLETTALEXANDERLAWRENCE,ALEXANDERLAWRENCEAYDLETT,3912LONGMEADOWDR,WHITE,,NOTHISPANICorNOTLATINO,REP,REPUBLICAN,42.0,3131996.0,Age4165,AA99176
ALAMANCE,A,ACTIVE,AYDLETTHOLLIELLIOTT,HOLLIELLIOTTAYDLETT,3912LONGMEADOWDR,WHITE,,NOTHISPANICorNOTLATINO,UNA,UNAFFILIATED,40.0,3131996.0,Age2640,AA98173
ALAMANCE,A,ACTIVE,AYDTBRENDAVINCENT,BRENDAVINCENTAYDT,132WINDSORDR,WHITE,,NOTHISPANICorNOTLATINO,DEM,DEMOCRATIC,69.0,,AgeOver66,AA3615
ALAMANCE,A,ACTIVE,AYDTPAULW,PAULWAYDT,640HIAWATHAPL,WHITE,,NOTHISPANICorNOTLATINO,DEM,DEMOCRATIC,91.0,10291960.0,AgeOver66,AA3616
ALAMANCE,R,REMOVED,AYDTRUTHMATHERLY,RUTHMATHERLYAYDT,,WHITE,,NOTHISPANICorNOTLATINO,DEM,DEMOCRATIC,90.0,10291960.0,AgeOver66,AA3618
ALAMANCE,A,ACTIVE,AYDTWILLIAMEVERETTE,WILLIAMEVERETTEAYDT,132WINDSORDR,WHITE,,NOTHISPANICorNOTLATINO,DEM,DEMOCRATIC,70.0,,AgeOver66,AA3620
ALAMANCE,R,REMOVED,AYERDARLENEMAE,DARLENEMAEAYER,801TROLLINGWOODHAWFIELDSRD44,WHITE,,NOTHISPANICorNOTLATINO,DEM,DEMOCRATIC,72.0,9301986.0,AgeOver66,AA60536
ALAMANCE,A,ACTIVE,AYERHANNAHNEW,HANNAHNEWAYER,6HOLMESWAY,WHITE,,NOTHISPANICorNOTLATINO,REP,REPUBLICAN,81.0,3072012.0,AgeOver66,AA170576
ALAMANCE,A,ACTIVE,AYERJENNIFERJOHNSTON,JENNIFERJOHNSTONAYER,,WHITE,,NOTHISPANICorNOTLATINO,REP,REPUBLICAN,30.0,12292011.0,Age2640,BY351358
ALAMANCE,A,ACTIVE,AYERMATTHEWEDWARD,,,WHITE,,NOTHISPANICorNOTLATINO,REP,REPUBLICAN,31.0,,Age2640,BY327171
ALAMANCE,A,ACTIVE,AYERMICHAELJOSEPH,,323WTROLLINGERAVED8,WHITE,,NOTHISPANICorNOTLATINO,UNA,UNAFFILIATED,22.0,10062008.0,,AA158192
ALAMANCE,R,REMOVED,AYERSANNAMALIA,ANNAMALIAAYERS,319DOGGETTDR,WHITE,,NOTHISPANICorNOTLATINO,REP,REPUBLICAN,31.0,8101999.0,Age2640,AA114880
ALAMANCE,A,ACTIVE,AYERSBOBBYCURTIS,BOBBYCURTISAYERS,312QUINTASAVE,WHITE,,NOTHISPANICorNOTLATINO,UNA,UNAFFILIATED,76.0,7191976.0,AgeOver66,AA3621
ALAMANCE,A,ACTIVE,AYERSBRITT,BRITTAYERS,3448COOKST,WHITE,,NOTHISPANICorNOTLATINO,REP,REPUBLICAN,,8111995.0,Age4165,AA95290
ALAMANCE,A,ACTIVE,AYERSBRUCEFLEMON,BRUCEFLEMONAYERS,2407ASHEWOODDR,WHITE,UN,UNDESIGNATED,REP,REPUBLICAN,31.0,,Age2640,AA177202
ALAMANCE,A,ACTIVE,AYERSCAROLINE,CAROLINEAYERS,2544ROGERSRD,WHITE,UN,UNDESIGNATED,DEM,DEMOCRATIC,50.0,8132008.0,Age4165,BY420736
ALAMANCE,A,ACTIVE,AYERSCLARADAVIS,CLARADAVISAYERS,734OAKGROVEDR,WHITE,,NOTHISPANICorNOTLATINO,DEM,DEMOCRATIC,78.0,10081993.0,AgeOver66,AA88238
ALAMANCE,A,ACTIVE,AYERSCLINTONJAMESJR,CLINTONJAMESAYERSJR,3118SWEPSONVILLESAXAPAHAWRD,WHITE,,NOTHISPANICorNOTLATINO,UNA,UNAFFILIATED,65.0,4071972.0,Age4165,AA3624
ALAMANCE,A,ACTIVE,AYERSCORTNEYJAMERE,CORTNEYJAMEREAYERS,520BALLPARKAVE,BLACKorAFRICANAMERICAN,UN,UNDESIGNATED,DEM,DEMOCRATIC,43.0,5292012.0,Age4165,AA172534
ALAMANCE,A,ACTIVE,AYERSDARISLAWSON,DARISLAWSONAYERS,1355HANFORDHILLSRD,UNDESIGNATED,UN,UNDESIGNATED,UNA,UNAFFILIATED,63.0,9212012.0,Age4165,AA175144
ALAMANCE,A,ACTIVE,AYERSDAVIDSAMUEL,DAVIDSAMUELAYERS,1820FOXHALLLN,WHITE,,NOTHISPANICorNOTLATINO,REP,REPUBLICAN,53.0,6052000.0,Age4165,AA118002
ALAMANCE,A,ACTIVE,AYERSDEBORAHMUENCH,DEBORAHMUENCHAYERS,406SPRINGHILLLN,WHITE,,NOTHISPANICorNOTLATINO,REP,REPUBLICAN,59.0,3262004.0,Age4165,AA133532
ALAMANCE,A,ACTIVE,AYERSDONNALYNN,DONNALYNNAYERS,801HAWRIVERHOPEDALERD,WHITE,,NOTHISPANICorNOTLATINO,DEM,DEMOCRATIC,,9202010.0,Age4165,AA166818
ALAMANCE,A,ACTIVE,AYERSDWAYNECURTIS,DWAYNECURTISAYERS,,WHITE,,NOTHISPANICorNOTLATINO,UNA,UNAFFILIATED,51.0,3181984.0,Age4165,
ALAMANCE,A,ACTIVE,AYERSEARLIEMCBRIDE,EARLIEMCBRIDEAYERS,212WGILBREATHST,WHITE,,NOTHISPANICorNOTLATINO,DEM,DEMOCRATIC,81.0,12181992.0,AgeOver66,AA85983
ALAMANCE,A,ACTIVE,AYERSELOISEM,ELOISEMAYERS,505VINEST,WHITE,,NOTHISPANICorNOTLATINO,DEM,DEMOCRATIC,77.0,10261968.0,AgeOver66,AA3625
ALAMANCE,R,REMOVED,AYERSERICDEWAYNE,ERICDEWAYNEAYERS,1501�EMAINST,WHITE,,NOTHISPANICorNOTLATINO,UNA,UNAFFILIATED,35.0,9261996.0,Age2640,AA102311
ALAMANCE,A,ACTIVE,AYERSERINB,ERINBAYERS,1833CRAWFORDRD,WHITE,UN,UNDESIGNATED,REP,REPUBLICAN,29.0,9202004.0,Age2640,AA137859
ALAMANCE,A,ACTIVE,AYERSETHANTYLER,ETHANTYLERAYERS,2930ALTAMAHAWUNIONRIDGERD,WHITE,,NOTHISPANICorNOTLATINO,UNA,UNAFFILIATED,20.0,7302010.0,,AA166445
ALAMANCE,A,ACTIVE,AYERSEVACOX,EVACOXAYERS,2930ALTAMAHAWUNIONRIDGERD,WHITE,,NOTHISPANICorNOTLATINO,UNA,UNAFFILIATED,52.0,8211996.0,Age4165,AA101481
ALAMANCE,A,ACTIVE,AYERSGAIL(NMN),GAIL(NMN)AYERS,6003BSWEPSONVILLESAXAPAHAWRD,WHITE,,NOTHISPANICorNOTLATINO,DEM,DEMOCRATIC,58.0,11021993.0,Age4165,AA88561
ALAMANCE,A,ACTIVE,AYERSJAMESROBERT,JAMESROBERTAYERS,406SPRINGHILLLN,WHITE,,NOTHISPANICorNOTLATINO,REP,REPUBLICAN,68.0,12082003.0,AgeOver66,AA132428
ALAMANCE,I,INACTIVE,AYERSJENNIFERDAWN,JENNIFERDAWNAYERS,1333CROSSRIDGEDR,WHITE,UN,UNDESIGNATED,REP,REPUBLICAN,28.0,8292007.0,Age2640,BY365993
ALAMANCE,A,ACTIVE,AYERSJENNIFERVAUGHN,JENNIFERVAUGHNAYERS,3118SWEPSONVILLESAXAPAHAWRD,WHITE,,NOTHISPANICorNOTLATINO,UNA,UNAFFILIATED,64.0,5151972.0,Age4165,AA3626
ALAMANCE,A,ACTIVE,AYERSJESSEEUGENE,JESSEEUGENEAYERS,1833CRAWFORDRD,UNDESIGNATED,UN,UNDESIGNATED,REP,REPUBLICAN,30.0,7222004.0,Age2640,AA135215
ALAMANCE,A,ACTIVE,AYERSJOHNDANIELJR,JOHNDANIELAYERSJR,1005STUARTDR,WHITE,,NOTHISPANICorNOTLATINO,DEM,DEMOCRATIC,54.0,2191976.0,Age4165,AA3628
ALAMANCE,A,ACTIVE,AYERSJUDITHGIBERSON,JUDITHGIBERSONAYERS,312QUINTASAVE,WHITE,,NOTHISPANICorNOTLATINO,UNA,UNAFFILIATED,74.0,7191976.0,AgeOver66,AA3629
ALAMANCE,A,ACTIVE,AYERSJUDYDHUE,JUDYDHUEAYERS,515CHESTNUTST,WHITE,,NOTHISPANICorNOTLATINO,DEM,DEMOCRATIC,55.0,4031998.0,Age4165,AA109797
ALAMANCE,A,ACTIVE,AYERSKARENBYHAM,KARENBYHAMAYERS,1820FOXHALLLN,WHITE,,NOTHISPANICorNOTLATINO,REP,REPUBLICAN,,2221984.0,Age4165,
ALAMANCE,I,INACTIVE,AYERSLEANNEWILLIAMS,LEANNEWILLIAMSAYERS,1614DARRELLDR,WHITE,,NOTHISPANICorNOTLATINO,REP,REPUBLICAN,,3181984.0,Age4165,
ALAMANCE,A,ACTIVE,AYERSLEFTRICHFLEMON,LEFTRICHFLEMONAYERS,505VINEST,WHITE,,NOTHISPANICorNOTLATINO,DEM,DEMOCRATIC,82.0,5161964.0,AgeOver66,AA3631
ALAMANCE,A,ACTIVE,AYERSLISAMICHELLE,,2374SWEPSONVILLERD,BLACKorAFRICANAMERICAN,,NOTHISPANICorNOTLATINO,UNA,UNAFFILIATED,38.0,7152004.0,Age2640,AA136090
ALAMANCE,A,ACTIVE,AYERSLOLABEATRICE,,1615AQUINASCT,BLACKorAFRICANAMERICAN,,NOTHISPANICorNOTLATINO,DEM,DEMOCRATIC,72.0,10022007.0,AgeOver66,BL151062
ALAMANCE,A,ACTIVE,AYERSMATTHEWJOSHUA,,1820FOXHALLLN,WHITE,,NOTHISPANICorNOTLATINO,REP,REPUBLICAN,22.0,,,AA159151
ALAMANCE,A,ACTIVE,AYERSMELISSAHANEY,,1008NCARRST,WHITE,,NOTHISPANICorNOTLATINO,REP,REPUBLICAN,33.0,5052012.0,Age2640,DE170841
ALAMANCE,A,ACTIVE,AYERSROBERTEMMETT,ROBERTEMMETTAYERS,1615AQUINASCT,BLACKorAFRICANAMERICAN,,NOTHISPANICorNOTLATINO,DEM,DEMOCRATIC,84.0,10022007.0,AgeOver66,BL151063
ALAMANCE,A,ACTIVE,AYERSTERESADUNCAN,TERESADUNCANAYERS,,WHITE,,NOTHISPANICorNOTLATINO,REP,REPUBLICAN,,7291998.0,Age4165,AA111094
ALAMANCE,A,ACTIVE,AYERSTHOMASMICHAEL,THOMASMICHAELAYERS,1320WHITSETTST,WHITE,,NOTHISPANICorNOTLATINO,DEM,DEMOCRATIC,21.0,6232009.0,,AA164195
ALAMANCE,R,REMOVED,AYERSWILLIAMTONEY,WILLIAMTONEYAYERS,3551FORESTDALEDRQC,WHITE,,NOTHISPANICorNOTLATINO,REP,REPUBLICAN,68.0,6221999.0,AgeOver66,AA114590
ALAMANCE,A,ACTIVE,AYERSMANJAMESDAVID,JAMESDAVIDAYERSMAN,,WHITE,,NOTHISPANICorNOTLATINO,UNA,UNAFFILIATED,,4122006.0,Age4165,AA146381
ALAMANCE,A,ACTIVE,AYLSWORTHINGEANN,INGEANNAYLSWORTH,1004ROSSST,WHITE,UN,UNDESIGNATED,REP,REPUBLICAN,55.0,,Age4165,AA159176
ALAMANCE,I,INACTIVE,AYLSWORTHTIFFANYRYAN,TIFFANYRYANAYLSWORTH,163TARLETONAVE,WHITE,,NOTHISPANICorNOTLATINO,REP,REPUBLICAN,30.0,6222006.0,Age2640,AA146811
ALAMANCE,A,ACTIVE,AYSCUEEMILYTHOMPSON,EMILYTHOMPSONAYSCUE,1320QUANDARYLAKELN,WHITE,,NOTHISPANICorNOTLATINO,DEM,DEMOCRATIC,71.0,7262002.0,AgeOver66,AA127076
ALAMANCE,A,ACTIVE,AYSCUEERNESTHAROLD,ERNESTHAROLDAYSCUE,1320QUANDARYLAKELN,WHITE,,NOTHISPANICorNOTLATINO,DEM,DEMOCRATIC,74.0,9252002.0,AgeOver66,AA128012
ALAMANCE,A,ACTIVE,AYSCUEJOSEPHCLIFTONJR,JOSEPHCLIFTONAYSCUEJR,4212PREACHERHOLMESRD,WHITE,,NOTHISPANICorNOTLATINO,REP,REPUBLICAN,41.0,,Age4165,AA169482
ALAMANCE,A,ACTIVE,AYSCUENANCYADAMS,NANCYADAMSAYSCUE,2567JONESDR,WHITE,,NOTHISPANICorNOTLATINO,REP,REPUBLICAN,63.0,6101988.0,Age4165,AA65273
ALAMANCE,A,ACTIVE,AYSCUERAYMONDTHOMASJR,RAYMONDTHOMASAYSCUEJR,2567JONESDR,WHITE,,NOTHISPANICorNOTLATINO,REP,REPUBLICAN,59.0,6101988.0,Age4165,AA65274
ALAMANCE,A,ACTIVE,AYSCUEMILESPHILLISDENISE,PHILLISDENISEAYSCUEMILES,,BLACKorAFRICANAMERICAN,,NOTHISPANICorNOTLATINO,DEM,DEMOCRATIC,50.0,6162004.0,Age4165,AA134832
ALAMANCE,A,ACTIVE,AZAREMILIAJOANNA,EMILIAJOANNAAZAR,,UNDESIGNATED,UN,UNDESIGNATED,DEM,DEMOCRATIC,19.0,5142012.0,,BL403181
ALAMANCE,A,ACTIVE,AZARSTEPHENMICHAEL,STEPHENMICHAELAZAR,203DANIELEYCENTERC,WHITE,,NOTHISPANICorNOTLATINO,REP,REPUBLICAN,22.0,11012008.0,,AA162404
ALAMANCE,A,ACTIVE,AZIMIJASMINEARIANNA,JASMINEARIANNAAZIMI,205MAYNARDHALLD,TWOorMORERACES,HL,HISPANICorLATINO,UNA,UNAFFILIATED,23.0,10312008.0,,AA162260
ALAMANCE,A,ACTIVE,AZUARUPERTOBAUTISTA,RUPERTOBAUTISTAAZUA,7136RAYMONRD,OTHER,HL,HISPANICorLATINO,DEM,DEMOCRATIC,65.0,9142012.0,Age4165,AA174835
ALAMANCE,R,REMOVED,AZZATOJOSEPHDANIEL,JOSEPHDANIELAZZATO,3508GARDENRDA8,WHITE,,NOTHISPANICorNOTLATINO,REP,REPUBLICAN,32.0,6212004.0,Age2640,AA134896
ALAMANCE,A,ACTIVE,BAARENSLISAMARIE,,500QUAKERCREEKDR507,WHITE,,NOTHISPANICorNOTLATINO,REP,REPUBLICAN,36.0,8042011.0,Age2640,AA169022
ALAMANCE,A,ACTIVE,BAARENSSCOTTWILLIAMSR,SCOTTWILLIAMBAARENSSR,507QUAKERCREEKDR,WHITE,,NOTHISPANICorNOTLATINO,UNA,UNAFFILIATED,40.0,8172011.0,Age2640,AA169186
ALAMANCE,A,ACTIVE,BABAOFFCOURTNEYCRUMPTON,COURTNEYCRUMPTONBABAOFF,4011LAUDERLN,WHITE,,NOTHISPANICorNOTLATINO,UNA,UNAFFILIATED,26.0,5082012.0,Age2640,AL232145
ALAMANCE,A,ACTIVE,BABAOFFMARCUSELIGAH,,4011LAUDERLN,TWOorMORERACES,,NOTHISPANICorNOTLATINO,UNA,UNAFFILIATED,32.0,10302012.0,Age2640,BL300388
ALAMANCE,R,REMOVED,BABBBARBARAMATTHEWS,BARBARAMATTHEWSBABB,719BROADST6803,WHITE,,NOTHISPANICorNOTLATINO,REP,REPUBLICAN,63.0,2191991.0,Age4165,AA76468
ALAMANCE,A,ACTIVE,BABBFRANCESRENEE,FRANCESRENEEBABB,7041WHITNEYRD,WHITE,,NOTHISPANICorNOTLATINO,REP,REPUBLICAN,,6081998.0,Age4165,AA110553
ALAMANCE,A,ACTIVE,BABBJOHNCHARLES,JOHNCHARLESBABB,7041WHITNEYRD,WHITE,,NOTHISPANICorNOTLATINO,REP,REPUBLICAN,,8122004.0,Age4165,AA135240
ALAMANCE,A,ACTIVE,BABBSMELVINWALTERJR,,,BLACKorAFRICANAMERICAN,,NOTHISPANICorNOTLATINO,UNA,UNAFFILIATED,38.0,4021992.0,Age2640,AA80580
ALAMANCE,R,REMOVED,BABCOCKEVELYNH,EVELYNHBABCOCK,3745WADECOBLEDR104,WHITE,,NOTHISPANICorNOTLATINO,REP,REPUBLICAN,93.0,9271986.0,AgeOver66,AA60537
ALAMANCE,A,ACTIVE,BABCOCKGREGORYMARK,GREGORYMARKBABCOCK,459PARKVIEWDR,WHITE,,NOTHISPANICorNOTLATINO,UNA,UNAFFILIATED,64.0,6281991.0,Age4165,AA77681
ALAMANCE,A,ACTIVE,BABCOCKMARSHALLAYRES,,790SHERIDANPL,WHITE,,NOTHISPANICorNOTLATINO,REP,REPUBLICAN,21.0,4132012.0,,AA171448
ALAMANCE,A,ACTIVE,BABELCHRISTOPHERLEE,CHRISTOPHERLEEBABEL,270BDODSONRD,WHITE,UN,UNDESIGNATED,REP,REPUBLICAN,42.0,11272002.0,Age4165,AA128469
ALAMANCE,A,ACTIVE,BABELKAYJOHNSON,KAYJOHNSONBABEL,270BDODSONRD,WHITE,UN,UNDESIGNATED,REP,REPUBLICAN,42.0,11272002.0,Age4165,AA128470
ALAMANCE,A,ACTIVE,BABERSANDRAMARIE,SANDRAMARIEBABER,1410CAPOQUINWAY,WHITE,,NOTHISPANICorNOTLATINO,REP,REPUBLICAN,68.0,10252008.0,AgeOver66,AA161770
ALAMANCE,A,ACTIVE,BABIKIREIMANABDELGADIR,EIMANABDELGADIRBABIKIR,2014TRAILTWO8B,BLACKorAFRICANAMERICAN,UN,UNDESIGNATED,DEM,DEMOCRATIC,44.0,7312012.0,Age4165,AA173623
ALAMANCE,A,ACTIVE,BABINGTONLESLIEMARIE,LESLIEMARIEBABINGTON,2424CAROLINARD,WHITE,UN,UNDESIGNATED,REP,REPUBLICAN,52.0,5062008.0,Age4165,AA154767
ALAMANCE,A,ACTIVE,BABOTDANETDOMINGUEZ,DANETDOMINGUEZBABOT,713MILLPOINTEWAY,WHITE,,NOTHISPANICorNOTLATINO,REP,REPUBLICAN,,6052007.0,Age4165,AA149758
ALAMANCE,A,ACTIVE,BABOTUVALDOHUMBERTO,UVALDOHUMBERTOBABOT,713MILLPOINTEWAY,TWOorMORERACES,HL,HISPANICorLATINO,REP,REPUBLICAN,,6052007.0,Age4165,AA149759
ALAMANCE,A,ACTIVE,BACHLELIZABETHMIKUL,ELIZABETHMIKULBACHL,2700JAMESTOWNCT,WHITE,,NOTHISPANICorNOTLATINO,DEM,DEMOCRATIC,67.0,9132007.0,AgeOver66,AA150620
ALAMANCE,A,ACTIVE,BACHOROWSKIDEBRAIRENE,DEBRAIRENEBACHOROWSKI,1481ALTAMAHAWUNIONRIDGERD,WHITE,,NOTHISPANICorNOTLATINO,UNA,UNAFFILIATED,54.0,8032004.0,Age4165,AA136029
ALAMANCE,A,ACTIVE,BACHOROWSKIJOSEPHALPHONSEJR,JOSEPHALPHONSEBACHOROWSKIJR,1481ALTAMAHAWUNIONRIDGERD,WHITE,,NOTHISPANICorNOTLATINO,REP,REPUBLICAN,52.0,8032004.0,Age4165,AA136031
ALAMANCE,R,REMOVED,BACIGALUPOERICJON,ERICJONBACIGALUPO,618PROVIDENCERD,WHITE,,NOTHISPANICorNOTLATINO,DEM,DEMOCRATIC,38.0,12142006.0,Age2640,BY471655
ALAMANCE,A,ACTIVE,BACIOOCTAVIO,OCTAVIOBACIO,3100WORMRANCHRD,UNDESIGNATED,UN,UNDESIGNATED,DEM,DEMOCRATIC,30.0,9212012.0,Age2640,AA175145
ALAMANCE,A,ACTIVE,BACKLILLYANN,LILLYANNBACK,715TRAILTWO,WHITE,,NOTHISPANICorNOTLATINO,DEM,DEMOCRATIC,58.0,7031989.0,Age4165,AA69683
ALAMANCE,A,ACTIVE,BACKWILLIAMROBERTIII,WILLIAMROBERTBACKIII,715TRAILTWO,WHITE,,NOTHISPANICorNOTLATINO,DEM,DEMOCRATIC,64.0,9081992.0,Age4165,AA83017
ALAMANCE,A,ACTIVE,BACKERCARRIECROWDER,CARRIECROWDERBACKER,320WILLIAMSONST,WHITE,NL,NOTHISPANICorNOTLATINO,REP,REPUBLICAN,,9292008.0,Age4165,BY371713
ALAMANCE,A,ACTIVE,BACKERERNESTRAY,ERNESTRAYBACKER,320WILLIAMSONST,WHITE,,NOTHISPANICorNOTLATINO,UNA,UNAFFILIATED,52.0,2182008.0,Age4165,BY404344
ALAMANCE,A,ACTIVE,BACONANITAHACKETT,ANITAHACKETTBACON,3306SMEBANEST,BLACKorAFRICANAMERICAN,UN,UNDESIGNATED,DEM,DEMOCRATIC,,2072011.0,Age4165,DT84018
ALAMANCE,A,ACTIVE,BACONLOUISCALVINIII,,2933DEEPWOODDR,WHITE,,NOTHISPANICorNOTLATINO,REP,REPUBLICAN,28.0,5182011.0,Age2640,AA168583
ALAMANCE,A,ACTIVE,BACONTANZANIANICHOLE,TANZANIANICHOLEBACON,3306SMEBANEST,BLACKorAFRICANAMERICAN,NL,NOTHISPANICorNOTLATINO,DEM,DEMOCRATIC,22.0,4232012.0,,AA172226
ALAMANCE,A,ACTIVE,BADEAUXDEBORAHDENISE,DEBORAHDENISEBADEAUX,706HUFFMANMILLRDD11,WHITE,UN,UNDESIGNATED,DEM,DEMOCRATIC,,9302008.0,Age4165,AA158194
ALAMANCE,A,ACTIVE,BADENPAMELAJO,PAMELAJOBADEN,2930ETHANPOINTEDR8201,WHITE,NL,NOTHISPANICorNOTLATINO,REP,REPUBLICAN,,,Age4165,AA177050
ALAMANCE,R,REMOVED,BADERAUGUSTCARL,AUGUSTCARLBADER,313SMAPLEST,WHITE,NL,NOTHISPANICorNOTLATINO,DEM,DEMOCRATIC,79.0,2241997.0,AgeOver66,AA105404
ALAMANCE,S,TEMPORARY,BADERCARLA,CARLABADER,2528PINEWAYDR,UNDESIGNATED,UN,UNDESIGNATED,DEM,DEMOCRATIC,53.0,9202004.0,Age4165,AA137618
ALAMANCE,D,DENIED,BADGETTAMYKYSHELL,AMYKYSHELLBADGETT,1308BEAUMONTCTA,BLACKorAFRICANAMERICAN,UN,UNDESIGNATED,UNA,UNAFFILIATED,26.0,6232010.0,Age2640,AA165814
ALAMANCE,A,ACTIVE,BADGETTANNETTEB,ANNETTEBBADGETT,309APPLEST,BLACKorAFRICANAMERICAN,UN,UNDESIGNATED,DEM,DEMOCRATIC,55.0,8302008.0,Age4165,AA156949
ALAMANCE,A,ACTIVE,BADGETTBAXTER,BAXTERBADGETT,310NSELLARSMILLRD,BLACKorAFRICANAMERICAN,NL,NOTHISPANICorNOTLATINO,DEM,DEMOCRATIC,54.0,2072011.0,Age4165,AA168026
ALAMANCE,I,INACTIVE,BADGETTCOREYAARON,COREYAARONBADGETT,719HAWRIVERHOPEDALERD,BLACKorAFRICANAMERICAN,NL,NOTHISPANICorNOTLATINO,DEM,DEMOCRATIC,25.0,1032006.0,,AA145487
ALAMANCE,A,ACTIVE,BADGETTCORTELYOUODELL,CORTELYOUODELLBADGETT,1311KENNEDYCT,BLACKorAFRICANAMERICAN,NL,NOTHISPANICorNOTLATINO,DEM,DEMOCRATIC,52.0,6302010.0,Age4165,AA165914
ALAMANCE,A,ACTIVE,BADGETTCOURTNEYELISHA,COURTNEYELISHABADGETT,930SFIFTHST,TWOorMORERACES,NL,NOTHISPANICorNOTLATINO,DEM,DEMOCRATIC,24.0,3152007.0,,AA149210
ALAMANCE,A,ACTIVE,BADGETTDENZELJAMAR,DENZELJAMARBADGETT,310NSELLARSMILLRD,BLACKorAFRICANAMERICAN,UN,UNDESIGNATED,DEM,DEMOCRATIC,18.0,7252012.0,,AA173625
ALAMANCE,A,ACTIVE,BADGETTDORISDENISE,DORISDENISEBADGETT,2241WIMBSLEYDR,BLACKorAFRICANAMERICAN,NL,NOTHISPANICorNOTLATINO,DEM,DEMOCRATIC,57.0,10031988.0,Age4165,AA66828
ALAMANCE,A,ACTIVE,BADGETTJOSEPHGORDON,JOSEPHGORDONBADGETT,408FOUNTAINPL,WHITE,NL,NOTHISPANICorNOTLATINO,UNA,UNAFFILIATED,56.0,2291992.0,Age4165,AA79952
ALAMANCE,A,ACTIVE,BADGETTLENALATTA,LENALATTABADGETT,310NSELLARSMILLRD,BLACKorAFRICANAMERICAN,NL,NOTHISPANICorNOTLATINO,DEM,DEMOCRATIC,55.0,11061990.0,Age4165,AA76421
ALAMANCE,A,ACTIVE,BADGETTMARYHELEN,,301LAKESIDEAVE,BLACKorAFRICANAMERICAN,NL,NOTHISPANICorNOTLATINO,DEM,DEMOCRATIC,73.0,10051992.0,AgeOver66,AA85049
ALAMANCE,A,ACTIVE,BADGETTODELLCORTELYOUIII,ODELLCORTELYOUBADGETTIII,311NPARKAVE,BLACKorAFRICANAMERICAN,UN,UNDESIGNATED,DEM,DEMOCRATIC,52.0,11042008.0,Age4165,AA162837
ALAMANCE,R,REMOVED,BADGETTODELLCORTELYOE,ODELLCORTELYOEBADGETT,1311KENNEDYCT,BLACKorAFRICANAMERICAN,UN,UNDESIGNATED,DEM,DEMOCRATIC,52.0,,Age4165,AA131656
ALAMANCE,R,REMOVED,BADGETTPHYLLISJOYCE,PHYLLISJOYCEBADGETT,408FOUNTAINPL,WHITE,NL,NOTHISPANICorNOTLATINO,DEM,DEMOCRATIC,92.0,5091944.0,AgeOver66,AA3654
ALAMANCE,R,REMOVED,BADGETTRONNIE,RONNIEBADGETT,301LAKESIDEAVE,BLACKorAFRICANAMERICAN,NL,NOTHISPANICorNOTLATINO,DEM,DEMOCRATIC,51.0,9302004.0,Age4165,AA138756
ALAMANCE,A,ACTIVE,BADGETTJOHNSONCHERYLLYNN,CHERYLLYNNBADGETTJOHNSON,930SFIFTHST,BLACKorAFRICANAMERICAN,NL,NOTHISPANICorNOTLATINO,DEM,DEMOCRATIC,,8032008.0,Age4165,AT16176
ALAMANCE,A,ACTIVE,BADSHERCLIFFTONPATRICK,CLIFFTONPATRICKBADSHER,914ROSENWALDST,BLACKorAFRICANAMERICAN,UN,UNDESIGNATED,DEM,DEMOCRATIC,55.0,8282008.0,Age4165,AA156527
ALAMANCE,A,ACTIVE,BADSTEINJOSEPHHARRYIII,JOSEPHHARRYBADSTEINIII,673HUNTINGDONST,OTHER,NL,NOTHISPANICorNOTLATINO,DEM,DEMOCRATIC,44.0,10072004.0,Age4165,AA141374
ALAMANCE,A,ACTIVE,BADSTEINLORIANNE,,673HUNTINGDONST,WHITE,NL,NOTHISPANICorNOTLATINO,DEM,DEMOCRATIC,51.0,10072004.0,Age4165,AA141375
ALAMANCE,A,ACTIVE,BAERCHARLESELWOOD,CHARLESELWOODBAER,2423SADDLECLUBRD,WHITE,NL,NOTHISPANICorNOTLATINO,DEM,DEMOCRATIC,86.0,,AgeOver66,AA3658
ALAMANCE,A,ACTIVE,BAERGEORGEEDWARD,GEORGEEDWARDBAER,927BRENTWOODDR,WHITE,NL,NOTHISPANICorNOTLATINO,REP,REPUBLICAN,88.0,4091984.0,AgeOver66,
ALAMANCE,A,ACTIVE,BAERKATHERINEELIZABETH,KATHERINEELIZABETHBAER,125STALEYHALL,WHITE,NL,NOTHISPANICorNOTLATINO,DEM,DEMOCRATIC,22.0,9262008.0,,AA158010
ALAMANCE,R,REMOVED,BAERMARYLOU,,927BRENTWOODDR,WHITE,NL,NOTHISPANICorNOTLATINO,DEM,DEMOCRATIC,82.0,4091984.0,AgeOver66,
ALAMANCE,A,ACTIVE,BAERPAULINEFERRELL,PAULINEFERRELLBAER,2423SADDLECLUBRD,WHITE,NL,NOTHISPANICorNOTLATINO,DEM,DEMOCRATIC,87.0,1011900.0,AgeOver66,AA3660
ALAMANCE,A,ACTIVE,BAEZADALBERTOJOELQUINONES,ADALBERTOJOELQUINONESBAEZ,2734GREENLEVELCHURCHRD,WHITE,NL,NOTHISPANICorNOTLATINO,UNA,UNAFFILIATED,27.0,9202010.0,Age2640,AA166792
ALAMANCE,A,ACTIVE,BAEZCYNTHIAANNA,CYNTHIAANNABAEZ,2002MAPLEAVE,UNDESIGNATED,HL,HISPANICorLATINO,DEM,DEMOCRATIC,40.0,9142012.0,Age2640,AA174819
ALAMANCE,A,ACTIVE,BAEZJESSICA,JESSICABAEZ,600TRACYDRA,UNDESIGNATED,HL,HISPANICorLATINO,DEM,DEMOCRATIC,29.0,4252008.0,Age2640,AA154917
ALAMANCE,R,REMOVED,BAEZJUANCARLOS,JUANCARLOSBAEZ,724MAPLEAVE,OTHER,HL,HISPANICorLATINO,DEM,DEMOCRATIC,31.0,10082004.0,Age2640,AA140305
ALAMANCE,A,ACTIVE,BAEZLYNDA,,807AVONAVE,UNDESIGNATED,UN,UNDESIGNATED,DEM,DEMOCRATIC,60.0,1172008.0,Age4165,AA151843
ALAMANCE,I,INACTIVE,BAEZSTEPHANIELANE,STEPHANIELANEBAEZ,649TROLLINGWOODHAWFIELDSRD1,WHITE,UN,UNDESIGNATED,DEM,DEMOCRATIC,34.0,8082008.0,Age2640,AA156142
ALAMANCE,A,ACTIVE,BAFTIUBAFTI,BAFTIBAFTIU,302SBEAUMONTAVE,WHITE,NL,NOTHISPANICorNOTLATINO,DEM,DEMOCRATIC,61.0,11012012.0,Age4165,AA178654
ALAMANCE,A,ACTIVE,BAFTIUGAZMEND,GAZMENDBAFTIU,302SBEAUMONTAVE,WHITE,NL,NOTHISPANICorNOTLATINO,DEM,DEMOCRATIC,37.0,11012012.0,Age2640,AA178655
ALAMANCE,A,ACTIVE,BAFTIULUMTURIJE,,302SBEAUMONTAVE,WHITE,NL,NOTHISPANICorNOTLATINO,DEM,DEMOCRATIC,32.0,11012012.0,Age2640,AA178656
ALAMANCE,A,ACTIVE,BAFTIUMERITA,,302SBEAUMONTAVE,WHITE,NL,NOTHISPANICorNOTLATINO,DEM,DEMOCRATIC,28.0,11022012.0,Age2640,AA178718
ALAMANCE,A,ACTIVE,BAGBYJAMESRUSSELL,JAMESRUSSELLBAGBY,1268WOODHAVENDR,WHITE,NL,NOTHISPANICorNOTLATINO,DEM,DEMOCRATIC,66.0,9121972.0,AgeOver66,AA3664
ALAMANCE,A,ACTIVE,BAGBYRACHELLEDIANE,RACHELLEDIANEBAGBY,5132DAILEYSTORERD,BLACKorAFRICANAMERICAN,NL,NOTHISPANICorNOTLATINO,DEM,DEMOCRATIC,44.0,12132004.0,Age4165,AA142062
ALAMANCE,A,ACTIVE,BAGBYSANDRAPEACHER,SANDRAPEACHERBAGBY,1268WOODHAVENDR,WHITE,NL,NOTHISPANICorNOTLATINO,DEM,DEMOCRATIC,66.0,4071972.0,AgeOver66,AA3665
ALAMANCE,A,ACTIVE,BAGDONWILLIAMMAX,WILLIAMMAXBAGDON,422OVERMANDR,WHITE,NL,NOTHISPANICorNOTLATINO,UNA,UNAFFILIATED,,8072012.0,Age4165,BY539331
ALAMANCE,A,ACTIVE,BAGGERLYAARONWAYNE,AARONWAYNEBAGGERLY,122HUNTERAVE,WHITE,UN,UNDESIGNATED,UNA,UNAFFILIATED,22.0,4102008.0,,AA154041
ALAMANCE,A,ACTIVE,BAGGERLYPATRICIAGENNELLE,PATRICIAGENNELLEBAGGERLY,122HUNTERAVE,WHITE,NL,NOTHISPANICorNOTLATINO,UNA,UNAFFILIATED,,5022001.0,Age4165,AA123397
ALAMANCE,A,ACTIVE,BAGGETTCAROLEMADELYN,CAROLEMADELYNBAGGETT,134MONTREELN,WHITE,NL,NOTHISPANICorNOTLATINO,DEM,DEMOCRATIC,70.0,,AgeOver66,AA3666
ALAMANCE,A,ACTIVE,BAGGETTDON,DONBAGGETT,,WHITE,NL,NOTHISPANICorNOTLATINO,DEM,DEMOCRATIC,54.0,10052012.0,Age4165,CB50979
ALAMANCE,A,ACTIVE,BAGGETTRANDALLJOSEPH,RANDALLJOSEPHBAGGETT,4036BOYDWRIGHTRD,WHITE,NL,NOTHISPANICorNOTLATINO,REP,REPUBLICAN,44.0,6252010.0,Age4165,AA165815
ALAMANCE,R,REMOVED,BAGGETTROBERTFRANKLINII,ROBERTFRANKLINBAGGETTII,3551FORESTDALEDRJJ,WHITE,NL,NOTHISPANICorNOTLATINO,UNA,UNAFFILIATED,44.0,6152000.0,Age4165,AA118551
ALAMANCE,R,REMOVED,BAGGETTSCOTTANDREW,SCOTTANDREWBAGGETT,204MARKHAMST,WHITE,NL,NOTHISPANICorNOTLATINO,UNA,UNAFFILIATED,,,Age4165,AA88438
ALAMANCE,A,ACTIVE,BAGGETTSTEPHANIECARLIN,STEPHANIECARLINBAGGETT,,WHITE,UN,UNDESIGNATED,DEM,DEMOCRATIC,22.0,9102008.0,,AL220456
ALAMANCE,A,ACTIVE,BAGGETTSUSANLOUISE,SUSANLOUISEBAGGETT,746OAKGROVEDR,WHITE,NL,NOTHISPANICorNOTLATINO,DEM,DEMOCRATIC,57.0,9192001.0,Age4165,AA124466
ALAMANCE,A,ACTIVE,BAGLEYARIELBRIANA,ARIELBRIANABAGLEY,416CARRIECT,BLACKorAFRICANAMERICAN,UN,UNDESIGNATED,DEM,DEMOCRATIC,22.0,4082008.0,,AA153300
ALAMANCE,A,ACTIVE,BAGLEYMELVINFLEETWOOD,,3305LAZYLN,WHITE,NL,NOTHISPANICorNOTLATINO,UNA,UNAFFILIATED,65.0,,Age4165,AA150650
ALAMANCE,I,INACTIVE,BAGLEYTHOMASJOELII,THOMASJOELBAGLEYII,1331BEAUMONTCTC,BLACKorAFRICANAMERICAN,NL,NOTHISPANICorNOTLATINO,DEM,DEMOCRATIC,28.0,9122003.0,Age2640,AA131298
ALAMANCE,A,ACTIVE,BAGROWSKIGLENNGARY,GLENNGARYBAGROWSKI,3551FORESTDALEDRRG,WHITE,NL,NOTHISPANICorNOTLATINO,REP,REPUBLICAN,,4112012.0,Age4165,AA171303
ALAMANCE,A,ACTIVE,BAGWELLBRUCETRESHER,BRUCETRESHERBAGWELL,7749GARRETTRD,WHITE,NL,NOTHISPANICorNOTLATINO,UNA,UNAFFILIATED,57.0,8302010.0,Age4165,AA166641
ALAMANCE,A,ACTIVE,BAGWELLCAROLYNANN,CAROLYNANNBAGWELL,7749GARRETTRD,WHITE,NL,NOTHISPANICorNOTLATINO,UNA,UNAFFILIATED,68.0,8302010.0,AgeOver66,AA166640
ALAMANCE,R,REMOVED,BAGWELLEDNAUPCHURCH,EDNAUPCHURCHBAGWELL,1986NNCHWY62,WHITE,NL,NOTHISPANICorNOTLATINO,UNA,UNAFFILIATED,96.0,8012002.0,AgeOver66,AA127144
ALAMANCE,A,ACTIVE,BAHENAMARTINEZCLAUDIA,,506KERNODLEDRC,UNDESIGNATED,HL,HISPANICorLATINO,DEM,DEMOCRATIC,25.0,6212012.0,,AA173524
ALAMANCE,A,ACTIVE,BAHENAYAJAIRABRENDA,YAJAIRABRENDABAHENA,2109MEADOWRIDGEDR,UNDESIGNATED,HL,HISPANICorLATINO,DEM,DEMOCRATIC,33.0,9222008.0,Age2640,AA163958
ALAMANCE,A,ACTIVE,BAILESPHYLLISLEIGH,PHYLLISLEIGHBAILES,2910CREEKPOINTRD,WHITE,NL,NOTHISPANICorNOTLATINO,REP,REPUBLICAN,53.0,8152000.0,Age4165,AA119331
ALAMANCE,A,ACTIVE,BAILESRANDALL,RANDALLBAILES,2910CREEKPOINTRD,WHITE,UN,UNDESIGNATED,REP,REPUBLICAN,,11092002.0,Age4165,AA128471
ALAMANCE,A,ACTIVE,BAILEYABBYRAYE,ABBYRAYEBAILEY,3147SOUTHWICKDR,WHITE,NL,NOTHISPANICorNOTLATINO,REP,REPUBLICAN,24.0,3052008.0,,AA152636
ALAMANCE,A,ACTIVE,BAILEYADRIANDACEJR,ADRIANDACEBAILEYJR,2637SNCHWY87,WHITE,UN,UNDESIGNATED,UNA,UNAFFILIATED,80.0,1101996.0,AgeOver66,AA96765
ALAMANCE,A,ACTIVE,BAILEYALANBRUCE,ALANBRUCEBAILEY,605PEBBLEDR,WHITE,NL,NOTHISPANICorNOTLATINO,UNA,UNAFFILIATED,,,Age4165,AA103855
ALAMANCE,A,ACTIVE,BAILEYALICIANUESTRO,ALICIANUESTROBAILEY,,OTHER,NL,NOTHISPANICorNOTLATINO,DEM,DEMOCRATIC,67.0,9241991.0,AgeOver66,AA78558
ALAMANCE,R,REMOVED,BAILEYALREDSAMUEL,ALREDSAMUELBAILEY,703EDOGWOODDR,BLACKorAFRICANAMERICAN,NL,NOTHISPANICorNOTLATINO,DEM,DEMOCRATIC,84.0,8272009.0,AgeOver66,DE112801
ALAMANCE,I,INACTIVE,BAILEYAMANDADARLENE,AMANDADARLENEBAILEY,706HUFFMANMILLRDL7,WHITE,NL,NOTHISPANICorNOTLATINO,DEM,DEMOCRATIC,25.0,4232007.0,,AA149434
ALAMANCE,A,ACTIVE,BAILEYAMYMICHELLE,AMYMICHELLEBAILEY,3921LONGMEADOWDR,WHITE,NL,NOTHISPANICorNOTLATINO,REP,REPUBLICAN,35.0,11012006.0,Age2640,AA148053
ALAMANCE,A,ACTIVE,BAILEYANGELAMOZELL,ANGELAMOZELLBAILEY,607PINNIXRD,BLACKorAFRICANAMERICAN,NL,NOTHISPANICorNOTLATINO,DEM,DEMOCRATIC,36.0,,Age2640,AA167207
ALAMANCE,A,ACTIVE,BAILEYANTHONYJERRELL,ANTHONYJERRELLBAILEY,52JENNIFERDR,WHITE,NL,NOTHISPANICorNOTLATINO,DEM,DEMOCRATIC,40.0,7132007.0,Age2640,AA150131
ALAMANCE,A,ACTIVE,BAILEYARLENEMAY,ARLENEMAYBAILEY,5139ADDERRIDGELN,WHITE,UN,UNDESIGNATED,REP,REPUBLICAN,79.0,11022004.0,AgeOver66,AA141420
ALAMANCE,A,ACTIVE,BAILEYASHLEYLOUISE,ASHLEYLOUISEBAILEY,1308GREENBRIARST,WHITE,NL,NOTHISPANICorNOTLATINO,UNA,UNAFFILIATED,23.0,10052009.0,,AA164823
ALAMANCE,A,ACTIVE,BAILEYASHLEYDAWN,ASHLEYDAWNBAILEY,203WESTBROOKCT,WHITE,NL,NOTHISPANICorNOTLATINO,REP,REPUBLICAN,22.0,,,AA177616
ALAMANCE,A,ACTIVE,BAILEYBEDIEFRANKLINSR,BEDIEFRANKLINBAILEYSR,374TROLLINGWOODRD,WHITE,NL,NOTHISPANICorNOTLATINO,DEM,DEMOCRATIC,71.0,3311984.0,AgeOver66,
ALAMANCE,A,ACTIVE,BAILEYBEDIEFRANKLINJR,BEDIEFRANKLINBAILEYJR,3509BFLEMINGGRAHAMRD,WHITE,NL,NOTHISPANICorNOTLATINO,UNA,UNAFFILIATED,,10081984.0,Age4165,AA57737
ALAMANCE,A,ACTIVE,BAILEYBENJAMINGORDON,BENJAMINGORDONBAILEY,3147SOUTHWICKDR,WHITE,UN,UNDESIGNATED,REP,REPUBLICAN,22.0,9172008.0,,AA157473
ALAMANCE,A,ACTIVE,BAILEYBESSIELOUISE,BESSIELOUISEBAILEY,2469MICHELLEDR,WHITE,NL,NOTHISPANICorNOTLATINO,UNA,UNAFFILIATED,33.0,9282004.0,Age2640,AA139839
ALAMANCE,A,ACTIVE,BAILEYBEVERLYANN,BEVERLYANNBAILEY,,WHITE,UN,UNDESIGNATED,REP,REPUBLICAN,64.0,,Age4165,AA159161
ALAMANCE,A,ACTIVE,BAILEYBRADISLEY,BRADISLEYBAILEY,5817FRIENDSHIPPATTERSONMILLRD,WHITE,NL,NOTHISPANICorNOTLATINO,DEM,DEMOCRATIC,41.0,6061989.0,Age4165,AA69589
ALAMANCE,A,ACTIVE,BAILEYBRANDONLEE,BRANDONLEEBAILEY,2723HOLLYBROOKDR,UNDESIGNATED,UN,UNDESIGNATED,UNA,UNAFFILIATED,31.0,7252012.0,Age2640,AA173647
ALAMANCE,A,ACTIVE,BAILEYBRIANKEITH,BRIANKEITHBAILEY,215REDSTONECT,WHITE,NL,NOTHISPANICorNOTLATINO,REP,REPUBLICAN,41.0,5312012.0,Age4165,DR83495
ALAMANCE,A,ACTIVE,BAILEYBRIANBERNARD,BRIANBERNARDBAILEY,411ORANGEDR,WHITE,NL,NOTHISPANICorNOTLATINO,DEM,DEMOCRATIC,21.0,11242009.0,,AA165040
ALAMANCE,A,ACTIVE,BAILEYBRIANNAMARIE,BRIANNAMARIEBAILEY,301WHAGGARDAVE8,WHITE,NL,NOTHISPANICorNOTLATINO,UNA,UNAFFILIATED,21.0,4232012.0,,AA173511
ALAMANCE,A,ACTIVE,BAILEYBRYANT,BRYANTBAILEY,1317RAINEYST,BLACKorAFRICANAMERICAN,UN,UNDESIGNATED,DEM,DEMOCRATIC,23.0,4102008.0,,AA153752
ALAMANCE,A,ACTIVE,BAILEYCANDICE,CANDICEBAILEY,1520SMEBANESTC,BLACKorAFRICANAMERICAN,NL,NOTHISPANICorNOTLATINO,DEM,DEMOCRATIC,22.0,11212007.0,,AA151635
ALAMANCE,A,ACTIVE,BAILEYCARASUZANNE,CARASUZANNEBAILEY,8398SNCHWY49,WHITE,NL,NOTHISPANICorNOTLATINO,UNA,UNAFFILIATED,40.0,,Age2640,AA161255
ALAMANCE,A,ACTIVE,BAILEYCECILARLINII,CECILARLINBAILEYII,1648WHITE'SKENNELRD14,WHITE,NL,NOTHISPANICorNOTLATINO,UNA,UNAFFILIATED,34.0,7262012.0,Age2640,AA174516
ALAMANCE,A,ACTIVE,BAILEYCHARLESDARWIN,CHARLESDARWINBAILEY,726LAMBERD,WHITE,NL,NOTHISPANICorNOTLATINO,REP,REPUBLICAN,81.0,7201984.0,AgeOver66,
ALAMANCE,A,ACTIVE,BAILEYCHERYLLYNN,CHERYLLYNNBAILEY,807DEERFIELDTRCE,BLACKorAFRICANAMERICAN,NL,NOTHISPANICorNOTLATINO,DEM,DEMOCRATIC,42.0,,Age4165,AA177320
ALAMANCE,A,ACTIVE,BAILEYCHRISTALYNETTE,CHRISTALYNETTEBAILEY,807DEERFIELDTRCE,BLACKorAFRICANAMERICAN,NL,NOTHISPANICorNOTLATINO,DEM,DEMOCRATIC,20.0,,,AA177619
ALAMANCE,R,REMOVED,BAILEYCHRISTINEWHITESELL,CHRISTINEWHITESELLBAILEY,326NNCHWY87,WHITE,NL,NOTHISPANICorNOTLATINO,UNA,UNAFFILIATED,92.0,,AgeOver66,AA3672
ALAMANCE,A,ACTIVE,BAILEYCHRISTOPHERJAMES,CHRISTOPHERJAMESBAILEY,229SGURNEYST,WHITE,NL,NOTHISPANICorNOTLATINO,UNA,UNAFFILIATED,38.0,5111994.0,Age2640,AA89856
ALAMANCE,A,ACTIVE,BAILEYCHRISTYHENKEL,CHRISTYHENKELBAILEY,3537BENTRIDGEDR,WHITE,NL,NOTHISPANICorNOTLATINO,UNA,UNAFFILIATED,41.0,6171999.0,Age4165,AA114551
ALAMANCE,A,ACTIVE,BAILEYCOLLEENMARYFRANCES,COLLEENMARYFRANCESBAILEY,1909DORSETTST,WHITE,NL,NOTHISPANICorNOTLATINO,REP,REPUBLICAN,18.0,3092012.0,,AA170661
ALAMANCE,A,ACTIVE,BAILEYCRAIGRUSSELL,CRAIGRUSSELLBAILEY,910EDGEWATERRD,WHITE,UN,UNDESIGNATED,REP,REPUBLICAN,39.0,10262005.0,Age2640,AA145018
ALAMANCE,R,REMOVED,BAILEYCYNTHIAANN,CYNTHIAANNBAILEY,3508GARDENRDA2,WHITE,UN,UNDESIGNATED,REP,REPUBLICAN,70.0,9292004.0,AgeOver66,AA138790
ALAMANCE,A,ACTIVE,BAILEYDALEEDWARD,DALEEDWARDBAILEY,203WESTBROOKCT,WHITE,NL,NOTHISPANICorNOTLATINO,REP,REPUBLICAN,,11172009.0,Age4165,AA164989
ALAMANCE,A,ACTIVE,BAILEYDANAPICKARD,DANAPICKARDBAILEY,5817FRIENDSHIPPATTERSONMILLRD,WHITE,NL,NOTHISPANICorNOTLATINO,UNA,UNAFFILIATED,42.0,8301994.0,Age4165,AA91064
ALAMANCE,A,ACTIVE,BAILEYDAVID,DAVIDBAILEY,1303RAINEYST,WHITE,NL,NOTHISPANICorNOTLATINO,DEM,DEMOCRATIC,,8142003.0,Age4165,AA131010
ALAMANCE,A,ACTIVE,BAILEYDELVRONVINCENT,DELVRONVINCENTBAILEY,1458MAPLEAVE,BLACKorAFRICANAMERICAN,UN,UNDESIGNATED,DEM,DEMOCRATIC,20.0,9212012.0,,BY573890
ALAMANCE,A,ACTIVE,BAILEYDENAFERGUSON,DENAFERGUSONBAILEY,7533BAILEYLN,WHITE,NL,NOTHISPANICorNOTLATINO,REP,REPUBLICAN,,1102008.0,Age4165,AA151741
ALAMANCE,A,ACTIVE,BAILEYDORISODOM,DORISODOMBAILEY,912NMAINST,WHITE,NL,NOTHISPANICorNOTLATINO,DEM,DEMOCRATIC,86.0,5171958.0,AgeOver66,AA3678
ALAMANCE,I,INACTIVE,BAILEYDURANDVICTOR,DURANDVICTORBAILEY,600VETERANDR,BLACKorAFRICANAMERICAN,NL,NOTHISPANICorNOTLATINO,DEM,DEMOCRATIC,40.0,9301992.0,Age2640,AA84020
ALAMANCE,A,ACTIVE,BAILEYELAINELOMAN,ELAINELOMANBAILEY,2031RACETRACKRD,WHITE,NL,NOTHISPANICorNOTLATINO,UNA,UNAFFILIATED,,8032005.0,Age4165,AA144169
ALAMANCE,A,ACTIVE,BAILEYELIZABETHBYRD,ELIZABETHBYRDBAILEY,3122BRYCEWOODPL,WHITE,NL,NOTHISPANICorNOTLATINO,DEM,DEMOCRATIC,51.0,8201999.0,Age4165,AA115391
ALAMANCE,A,ACTIVE,BAILEYELIZABETHKENNEY,ELIZABETHKENNEYBAILEY,407FOUNTAINPL,WHITE,NL,NOTHISPANICorNOTLATINO,UNA,UNAFFILIATED,52.0,3041999.0,Age4165,AA113644
ALAMANCE,A,ACTIVE,BAILEYELIZABETHSHAW,ELIZABETHSHAWBAILEY,6146SNOWCAMPRD,WHITE,NL,NOTHISPANICorNOTLATINO,DEM,DEMOCRATIC,85.0,,AgeOver66,AA3683
ALAMANCE,A,ACTIVE,BAILEYELTONJOSH,ELTONJOSHBAILEY,7805NNCHWY62,BLACKorAFRICANAMERICAN,NL,NOTHISPANICorNOTLATINO,UNA,UNAFFILIATED,32.0,4132012.0,Age2640,AA171396
ALAMANCE,A,ACTIVE,BAILEYEMILYPICKARD,EMILYPICKARDBAILEY,7838GARRETTRD,WHITE,NL,NOTHISPANICorNOTLATINO,DEM,DEMOCRATIC,63.0,8241978.0,Age4165,AA3694
ALAMANCE,A,ACTIVE,BAILEYERICFRANKLIN,ERICFRANKLINBAILEY,1960MAJORHILLRD,BLACKorAFRICANAMERICAN,NL,NOTHISPANICorNOTLATINO,DEM,DEMOCRATIC,41.0,4021990.0,Age4165,AA71416
ALAMANCE,A,ACTIVE,BAILEYERICANICOLE,ERICANICOLEBAILEY,411ORANGEDR,BLACKorAFRICANAMERICAN,UN,UNDESIGNATED,DEM,DEMOCRATIC,24.0,4072008.0,,AA153301
ALAMANCE,A,ACTIVE,BAILEYFAYEJEAN,FAYEJEANBAILEY,1317RAINEYST,BLACKorAFRICANAMERICAN,NL,NOTHISPANICorNOTLATINO,DEM,DEMOCRATIC,61.0,2151984.0,Age4165,
ALAMANCE,A,ACTIVE,BAILEYFELICIAD,FELICIADBAILEY,655HOLLISWAY,WHITE,NL,NOTHISPANICorNOTLATINO,DEM,DEMOCRATIC,24.0,3082007.0,,AA149059
ALAMANCE,A,ACTIVE,BAILEYFRANCESLYNCH,FRANCESLYNCHBAILEY,229SGURNEYST,WHITE,NL,NOTHISPANICorNOTLATINO,DEM,DEMOCRATIC,68.0,1151972.0,AgeOver66,AA3687
ALAMANCE,A,ACTIVE,BAILEYFRANK,FRANKBAILEY,229SGURNEYST,WHITE,UN,UNDESIGNATED,UNA,UNAFFILIATED,70.0,9162004.0,AgeOver66,AA137741
ALAMANCE,A,ACTIVE,BAILEYGARYBERNARD,GARYBERNARDBAILEY,411ORANGEDR,WHITE,NL,NOTHISPANICorNOTLATINO,DEM,DEMOCRATIC,58.0,2031988.0,Age4165,AA63738
ALAMANCE,A,ACTIVE,BAILEYGARYDWAYNEJR,GARYDWAYNEBAILEYJR,2419PEPPERSTONEDR,WHITE,NL,NOTHISPANICorNOTLATINO,REP,REPUBLICAN,25.0,,,BY469268
ALAMANCE,A,ACTIVE,BAILEYGEORGEWAYNE,GEORGEWAYNEBAILEY,2963WAYRD,WHITE,NL,NOTHISPANICorNOTLATINO,UNA,UNAFFILIATED,62.0,8241978.0,Age4165,AA3689
ALAMANCE,A,ACTIVE,BAILEYGLAYDSMCQUAIN,GLAYDSMCQUAINBAILEY,2416JEFFRIESCROSSRD,WHITE,NL,NOTHISPANICorNOTLATINO,UNA,UNAFFILIATED,67.0,3291984.0,AgeOver66,
ALAMANCE,A,ACTIVE,BAILEYGLENDABARBOUR,GLENDABARBOURBAILEY,,WHITE,NL,NOTHISPANICorNOTLATINO,UNA,UNAFFILIATED,62.0,7161976.0,Age4165,AA3690
ALAMANCE,A,ACTIVE,BAILEYHAZELELLEN,HAZELELLENBAILEY,703EDOGWOODDR,WHITE,NL,NOTHISPANICorNOTLATINO,DEM,DEMOCRATIC,82.0,6252004.0,AgeOver66,AA135006
ALAMANCE,A,ACTIVE,BAILEYHOLLYJEMIMAKELLY,HOLLYJEMIMAKELLYBAILEY,2606SAXAPAHAWBETHLEHEMCHURCHRD,WHITE,NL,NOTHISPANICorNOTLATINO,DEM,DEMOCRATIC,33.0,6152007.0,Age2640,AA149839
ALAMANCE,A,ACTIVE,BAILEYIESHAVICTORIA,IESHAVICTORIABAILEY,,BLACKorAFRICANAMERICAN,NL,NOTHISPANICorNOTLATINO,UNA,UNAFFILIATED,21.0,3202009.0,,AA163602
ALAMANCE,A,ACTIVE,BAILEYJACOBDEAN,JACOBDEANBAILEY,805TUCKERST,UNDESIGNATED,UN,UNDESIGNATED,UNA,UNAFFILIATED,23.0,5142012.0,,AA173570
ALAMANCE,A,ACTIVE,BAILEYJACQUELINEYVETTE,JACQUELINEYVETTEBAILEY,,BLACKorAFRICANAMERICAN,NL,NOTHISPANICorNOTLATINO,DEM,DEMOCRATIC,,10042012.0,Age4165,BY8951
ALAMANCE,A,ACTIVE,BAILEYJACQUELINESUE,JACQUELINESUEBAILEY,606IVEYRD,WHITE,UN,UNDESIGNATED,UNA,UNAFFILIATED,38.0,8312004.0,Age2640,AA137063
ALAMANCE,A,ACTIVE,BAILEYJAMAL,JAMALBAILEY,214EHANOVERRD,OTHER,UN,UNDESIGNATED,,DEMOCRATIC,29.0,9302008.0,Age2640,AA158196
ALAMANCE,A,ACTIVE,BAILEYJAMESWILLIAMJR,JAMESWILLIAMBAILEYJR,4038MEBANEOAKSCT,WHITE,NL,NOTHISPANICorNOTLATINO,UNA,UNAFFILIATED,22.0,12052007.0,,AA151639
ALAMANCE,I,INACTIVE,BAILEYJAMESANDREW,JAMESANDREWBAILEY,4776DAILEYSTORERD,WHITE,NL,NOTHISPANICorNOTLATINO,UNA,UNAFFILIATED,22.0,4102008.0,,AA156109
ALAMANCE,A,ACTIVE,BAILEYJAMESWILLIAMSR,JAMESWILLIAMBAILEYSR,2006WEBSTERGROVEDR,WHITE,UN,UNDESIGNATED,UNA,UNAFFILIATED,43.0,7022004.0,Age4165,AA136095
ALAMANCE,A,ACTIVE,BAILEYJAMESLEE,JAMESLEEBAILEY,4776DAILEYSTORERD,WHITE,NL,NOTHISPANICorNOTLATINO,REP,REPUBLICAN,,2131991.0,Age4165,AA76713
ALAMANCE,A,ACTIVE,BAILEYJAMESRODNEY,JAMESRODNEYBAILEY,,WHITE,NL,NOTHISPANICorNOTLATINO,UNA,UNAFFILIATED,35.0,3281996.0,Age2640,AA98497
ALAMANCE,R,REMOVED,BAILEYJAMESELBERT,JAMESELBERTBAILEY,326NNCHWY87,WHITE,NL,NOTHISPANICorNOTLATINO,REP,REPUBLICAN,88.0,,AgeOver66,AA3696
ALAMANCE,R,REMOVED,BAILEYJAMESEDWIN,JAMESEDWINBAILEY,920SYCAMORERD,WHITE,NL,NOTHISPANICorNOTLATINO,UNA,UNAFFILIATED,65.0,9211990.0,Age4165,AA73557
ALAMANCE,A,ACTIVE,BAILEYJANELHOLT,JANELHOLTBAILEY,2006WEBSTERGROVEDR,WHITE,NL,NOTHISPANICorNOTLATINO,,,42.0,2031988.0,Age4165,AA63489
ALAMANCE,A,ACTIVE,BAILEYJANETHILL,JANETHILLBAILEY,6265PAGETOWNRD,WHITE,NL,NOTHISPANICorNOTLATINO,REP,REPUBLICAN,53.0,5191977.0,Age4165,
ALAMANCE,A,ACTIVE,BAILEYJANICELEA,JANICELEABAILEY,1520SMEBANESTC,BLACKorAFRICANAMERICAN,NL,NOTHISPANICorNOTLATINO,,,42.0,10031994.0,Age4165,AA91277
ALAMANCE,A,ACTIVE,BAILEYJARONGRAY,JARONGRAYBAILEY,737SHAWNEEDRC,BLACKorAFRICANAMERICAN,NL,NOTHISPANICorNOTLATINO,,,24.0,10262012.0,,BB88099
ALAMANCE,I,INACTIVE,BAILEYJAVANOLANDA,JAVANOLANDABAILEY,600VETERANDR,BLACKorAFRICANAMERICAN,NL,NOTHISPANICorNOTLATINO,,,26.0,6012005.0,Age2640,AA143702
ALAMANCE,R,REMOVED,BAILEYJEFFERYGARRETT,JEFFERYGARRETTBAILEY,2422SNCHWY11931,WHITE,UN,UNDESIGNATED,REP,REPUBLICAN,,9212008.0,Age4165,AA157749
ALAMANCE,A,ACTIVE,BAILEYJENNIEKATE,JENNIEKATEBAILEY,3129BELLEMONTMTHERMONRD,WHITE,NL,NOTHISPANICorNOTLATINO,REP,REPUBLICAN,20.0,6232010.0,,AA165818
ALAMANCE,A,ACTIVE,BAILEYJERRYCLAYTON,JERRYCLAYTONBAILEY,3147SOUTHWICKDR,WHITE,NL,NOTHISPANICorNOTLATINO,REP,REPUBLICAN,55.0,,Age4165,AA121131
ALAMANCE,A,ACTIVE,BAILEYJERRYTHOMAS,JERRYTHOMASBAILEY,2031RACETRACKRD,WHITE,NL,NOTHISPANICorNOTLATINO,REP,REPUBLICAN,63.0,9211990.0,Age4165,AA73558
ALAMANCE,A,ACTIVE,BAILEYJERRYALLEN,JERRYALLENBAILEY,3122BRYCEWOODPL,WHITE,NL,NOTHISPANICorNOTLATINO,,,53.0,3221999.0,Age4165,AA113806
ALAMANCE,A,ACTIVE,BAILEYJERRYDAVIS,JERRYDAVISBAILEY,7559BAILEYLN,WHITE,NL,NOTHISPANICorNOTLATINO,,,69.0,8241978.0,AgeOver66,AA3697
ALAMANCE,A,ACTIVE,BAILEYJOISLEY,JOISLEYBAILEY,,WHITE,NL,NOTHISPANICorNOTLATINO,,,63.0,4071989.0,Age4165,AA69018
ALAMANCE,I,INACTIVE,BAILEYJODYLYNN,JODYLYNNBAILEY,1303RAINEYST,WHITE,NL,NOTHISPANICorNOTLATINO,REP,REPUBLICAN,,8142003.0,Age4165,AA131011
ALAMANCE,A,ACTIVE,BAILEYJOEALLEN,JOEALLENBAILEY,955QUAKENBUSHRD,WHITE,NL,NOTHISPANICorNOTLATINO,REP,REPUBLICAN,65.0,6232010.0,Age4165,AA165820
ALAMANCE,A,ACTIVE,BAILEYJOELNATHAN,JOELNATHANBAILEY,7805NNCHWY62,BLACKorAFRICANAMERICAN,NL,NOTHISPANICorNOTLATINO,,,28.0,6142002.0,Age2640,AA126647
ALAMANCE,I,INACTIVE,BAILEYJOHNCODY,JOHNCODYBAILEY,310CANTERWOODDR,WHITE,NL,NOTHISPANICorNOTLATINO,REP,REPUBLICAN,40.0,9172001.0,Age2640,AA124417
ALAMANCE,A,ACTIVE,BAILEYJOHNNYLEE,JOHNNYLEEBAILEY,7756GARRETTRD,WHITE,NL,NOTHISPANICorNOTLATINO,REP,REPUBLICAN,42.0,2022005.0,Age4165,AA142834
ALAMANCE,A,ACTIVE,BAILEYJOSEPHCLAYTON,JOSEPHCLAYTONBAILEY,801APPLEST,WHITE,NL,NOTHISPANICorNOTLATINO,UNA,UNAFFILIATED,26.0,9032004.0,Age2640,AA137112
ALAMANCE,A,ACTIVE,BAILEYJOSETTE,JOSETTEBAILEY,910EDGEWATERRD,WHITE,UN,UNDESIGNATED,REP,REPUBLICAN,36.0,10262005.0,Age2640,AA145019
ALAMANCE,I,INACTIVE,BAILEYJOSHUAMICHAELLLOYD,JOSHUAMICHAELLLOYDBAILEY,2602SAXAPAHAWBETHLEHEMCHURCHRD,WHITE,NL,NOTHISPANICorNOTLATINO,UNA,UNAFFILIATED,36.0,10022007.0,Age2640,AA150651
ALAMANCE,A,ACTIVE,BAILEYJOSHUAALLEN,JOSHUAALLENBAILEY,412WINCHESTERDR,WHITE,NL,NOTHISPANICorNOTLATINO,UNA,UNAFFILIATED,25.0,,,AA176253
ALAMANCE,A,ACTIVE,BAILEYJOYCEABERCROMBIE,JOYCEABERCROMBIEBAILEY,726LAMBERD,WHITE,NL,NOTHISPANICorNOTLATINO,REP,REPUBLICAN,80.0,7201984.0,AgeOver66,
ALAMANCE,A,ACTIVE,BAILEYKATHERINEANN,KATHERINEANNBAILEY,7559BAILEYLN,WHITE,NL,NOTHISPANICorNOTLATINO,,,65.0,8241978.0,Age4165,AA3699
ALAMANCE,A,ACTIVE,BAILEYKATHLEENRYAN,KATHLEENRYANBAILEY,1909DORSETTST,WHITE,UN,UNDESIGNATED,,,,9161988.0,Age4165,AA66095
ALAMANCE,I,INACTIVE,BAILEYKIMBERLYKERRY,KIMBERLYKERRYBAILEY,507OLDFARMDR,WHITE,NL,NOTHISPANICorNOTLATINO,,,40.0,11031999.0,Age2640,AA115907
ALAMANCE,A,ACTIVE,BAILEYLAURAHOY,LAURAHOYBAILEY,602SPENCEAVE,WHITE,,NOTHISPANICorNOTLATINO,REP,REPUBLICAN,37.0,5131996.0,Age2640,AA99564
ALAMANCE,A,ACTIVE,BAILEYLINDALEE,LINDALEEBAILEY,617GIBSONRD,WHITE,,NOTHISPANICorNOTLATINO,UNA,UNAFFILIATED,52.0,4071989.0,Age4165,AA69019
ALAMANCE,A,ACTIVE,BAILEYLINDABURNETT,LINDABURNETTBAILEY,1960MAJORHILLRD,BLACKorAFRICANAMERICAN,UN,UNDESIGNATED,,,67.0,10021986.0,AgeOver66,AA60573
ALAMANCE,A,ACTIVE,BAILEYLISAMICHELLE,,505MEADOWST,WHITE,,NOTHISPANICorNOTLATINO,REP,REPUBLICAN,40.0,4232007.0,Age2640,AA149491
ALAMANCE,A,ACTIVE,BAILEYLOUELLENTUCKER,,2963WAYRD,WHITE,,NOTHISPANICorNOTLATINO,UNA,UNAFFILIATED,69.0,8241978.0,AgeOver66,AA3703
ALAMANCE,A,ACTIVE,BAILEYMALAGUNDECHA,,,ASIAN,UN,UNDESIGNATED,UNA,UNAFFILIATED,34.0,10052010.0,Age2640,DE236085
ALAMANCE,A,ACTIVE,BAILEYMARGARETANN,,3122BRYCEWOODPL,WHITE,UN,UNDESIGNATED,,,18.0,,,AA177287
ALAMANCE,A,ACTIVE,BAILEYMARGARETPAGE,,164OLIVERLN,WHITE,,NOTHISPANICorNOTLATINO,REP,REPUBLICAN,85.0,10281950.0,AgeOver66,
ALAMANCE,A,ACTIVE,BAILEYMARGARETPHILLIPS,,605HUNTINGDONST,WHITE,,NOTHISPANICorNOTLATINO,REP,REPUBLICAN,83.0,12102003.0,AgeOver66,AA132351
ALAMANCE,A,ACTIVE,BAILEYMARIONCARMEN,,955QUAKENBUSHRD,WHITE,,NOTHISPANICorNOTLATINO,REP,REPUBLICAN,65.0,5082012.0,Age4165,AA171699
ALAMANCE,A,ACTIVE,BAILEYMARKANTHONY,,412WINCHESTERDR,WHITE,UN,UNDESIGNATED,UNA,UNAFFILIATED,42.0,,Age4165,AA176478
ALAMANCE,A,ACTIVE,BAILEYMARKRAYMOND,,2808RILEYSTRL,WHITE,,NOTHISPANICorNOTLATINO,,,43.0,3222002.0,Age4165,AA125946
ALAMANCE,A,ACTIVE,BAILEYMARKANDREW,,507OLDFARMDR,WHITE,UN,UNDESIGNATED,,,,8032004.0,Age4165,AA135217
ALAMANCE,A,ACTIVE,BAILEYMARYTHOMAS,,2637SNCHWY87,WHITE,UN,UNDESIGNATED,UNA,UNAFFILIATED,69.0,2261996.0,AgeOver66,AA97767
ALAMANCE,A,ACTIVE,BAILEYMARYSLAUGHTER,,139AMYDR,WHITE,,NOTHISPANICorNOTLATINO,,,66.0,2281997.0,AgeOver66,AA105410
ALAMANCE,A,ACTIVE,BAILEYMATTIEBANKS,,1720OLDSTMARK'SCHURCHRD32G,BLACKorAFRICANAMERICAN,,NOTHISPANICorNOTLATINO,,,65.0,9082006.0,Age4165,AA147442
ALAMANCE,A,ACTIVE,BAILEYMAXRAY,,5139ADDERRIDGELN,WHITE,UN,UNDESIGNATED,REP,REPUBLICAN,79.0,11081991.0,AgeOver66,AA78993
ALAMANCE,I,INACTIVE,BAILEYMELISSALEE,,51DENISEDRB,WHITE,,NOTHISPANICorNOTLATINO,UNA,UNAFFILIATED,32.0,11182009.0,Age2640,AA164999
ALAMANCE,A,ACTIVE,BAILEYMELISSAD,,6422SPREACHERROBERSONRD,WHITE,UN,UNDESIGNATED,,,28.0,10012012.0,Age2640,AA176254
ALAMANCE,A,ACTIVE,BAILEYMICHAELCRAIG,,1824HAWTHORNELN,WHITE,,NOTHISPANICorNOTLATINO,REP,REPUBLICAN,,1091997.0,Age4165,AA104501
ALAMANCE,A,ACTIVE,BAILEYMICHELERENEE,,215REDSTONECT,WHITE,,NOTHISPANICorNOTLATINO,,,37.0,8122005.0,Age2640,AA144170
ALAMANCE,A,ACTIVE,BAILEYMICHELEJANEY,,801APPLEST,WHITE,,NOTHISPANICorNOTLATINO,UNA,UNAFFILIATED,26.0,8032004.0,Age2640,AA135469
ALAMANCE,A,ACTIVE,BAILEYMICHELLEMCQUADE,,2215HICKORYRUN,WHITE,,NOTHISPANICorNOTLATINO,UNA,UNAFFILIATED,24.0,7262010.0,,BY509237
ALAMANCE,A,ACTIVE,BAILEYMISTYRENEE,MISTYRENEEBAILEY,2723HOLLYBROOKDR,WHITE,,NOTHISPANICorNOTLATINO,UNA,UNAFFILIATED,31.0,5302003.0,Age2640,AA130365
ALAMANCE,A,ACTIVE,BAILEYNANCYSPAULDING,NANCYSPAULDINGBAILEY,605SLEXINGTONAVE2,WHITE,UN,UNDESIGNATED,,,65.0,6141993.0,Age4165,AA87552
ALAMANCE,A,ACTIVE,BAILEYNANCYDORSETT,NANCYDORSETTBAILEY,5023SNCHWY87,WHITE,,NOTHISPANICorNOTLATINO,REP,REPUBLICAN,68.0,,AgeOver66,
ALAMANCE,A,ACTIVE,BAILEYNICOLERONE,NICOLERONEBAILEY,660MANNINGAVE60,BLACKorAFRICANAMERICAN,,NOTHISPANICorNOTLATINO,,,36.0,1131995.0,Age2640,AA93026
ALAMANCE,I,INACTIVE,BAILEYNICOLEMARIE,NICOLEMARIEBAILEY,617GIBSONRD,WHITE,,NOTHISPANICorNOTLATINO,UNA,UNAFFILIATED,26.0,7022004.0,Age2640,AA136101
ALAMANCE,A,ACTIVE,BAILEYNICOLEBRIANNA,NICOLEBRIANNABAILEY,215REDSTONECT,WHITE,UN,UNDESIGNATED,REP,REPUBLICAN,19.0,5312012.0,,AA172249
ALAMANCE,A,ACTIVE,BAILEYNIKO,NIKOBAILEY,8605SNOWCAMPRD,BLACKorAFRICANAMERICAN,UN,UNDESIGNATED,UNA,UNAFFILIATED,22.0,8062008.0,,AA156076
ALAMANCE,A,ACTIVE,BAILEYOTISTALMADGE,OTISTALMADGEBAILEY,,WHITE,,NOTHISPANICorNOTLATINO,REP,REPUBLICAN,70.0,,AgeOver66,
ALAMANCE,A,ACTIVE,BAILEYPAMELAPULLIAM,PAMELAPULLIAMBAILEY,,BLACKorAFRICANAMERICAN,,NOTHISPANICorNOTLATINO,,,,11031998.0,Age4165,AA112313
ALAMANCE,A,ACTIVE,BAILEYPAMELALASHAWN,PAMELALASHAWNBAILEY,729BRADLEYST,BLACKorAFRICANAMERICAN,,NOTHISPANICorNOTLATINO,,,24.0,,,AA147953
ALAMANCE,A,ACTIVE,BAILEYPAULFRANKLIN,PAULFRANKLINBAILEY,1960MAJORHILLRD,BLACKorAFRICANAMERICAN,,NOTHISPANICorNOTLATINO,,,67.0,10021986.0,AgeOver66,AA60575
ALAMANCE,A,ACTIVE,BAILEYPAULAYOLANDA,PAULAYOLANDABAILEY,8605SNOWCAMPRD,BLACKorAFRICANAMERICAN,,NOTHISPANICorNOTLATINO,UNA,UNAFFILIATED,44.0,6122008.0,Age4165,AA154920
ALAMANCE,I,INACTIVE,BAILEYPAULINECLAUDINIA,PAULINECLAUDINIABAILEY,310CANTERWOODDR,WHITE,,NOTHISPANICorNOTLATINO,UNA,UNAFFILIATED,40.0,3122001.0,Age2640,AA122879
ALAMANCE,A,ACTIVE,BAILEYRAYMONDEARLSR,RAYMONDEARLBAILEYSR,,WHITE,,NOTHISPANICorNOTLATINO,UNA,UNAFFILIATED,63.0,1011900.0,Age4165,
ALAMANCE,A,ACTIVE,BAILEYRAYMONDEARLJR,RAYMONDEARLBAILEYJR,602SPENCEAVE,WHITE,,NOTHISPANICorNOTLATINO,REP,REPUBLICAN,39.0,7171992.0,Age2640,AA82263
ALAMANCE,A,ACTIVE,BAILEYREYNOLDSGRAY,REYNOLDSGRAYBAILEY,1256JAMESTOWNEDR,WHITE,,NOTHISPANICorNOTLATINO,,,68.0,7092009.0,AgeOver66,AA164341
ALAMANCE,A,ACTIVE,BAILEYREYNOLDSGREYJR,REYNOLDSGREYBAILEYJR,1256JAMESTOWNEDR,WHITE,UN,UNDESIGNATED,REP,REPUBLICAN,,,Age4165,DE220161
ALAMANCE,A,ACTIVE,BAILEYRHONDALOFTIS,RHONDALOFTISBAILEY,2422SNCHWY11931,WHITE,UN,UNDESIGNATED,REP,REPUBLICAN,,9212008.0,Age4165,BY9089
ALAMANCE,A,ACTIVE,BAILEYRICHARDGERALD,RICHARDGERALDBAILEY,617GIBSONRD,WHITE,,NOTHISPANICorNOTLATINO,REP,REPUBLICAN,52.0,2022005.0,Age4165,AA142835
ALAMANCE,A,ACTIVE,BAILEYRICKYLYNN,RICKYLYNNBAILEY,6265PAGETOWNRD,WHITE,,NOTHISPANICorNOTLATINO,REP,REPUBLICAN,52.0,9301980.0,Age4165,
ALAMANCE,A,ACTIVE,BAILEYROBERTJASON,ROBERTJASONBAILEY,3537BENTRIDGEDR,WHITE,,NOTHISPANICorNOTLATINO,REP,REPUBLICAN,43.0,6081999.0,Age4165,AA114354
ALAMANCE,A,ACTIVE,BAILEYROBINCALLIS,ROBINCALLISBAILEY,2423HICKORYAVE,WHITE,,NOTHISPANICorNOTLATINO,,,61.0,8221980.0,Age4165,
ALAMANCE,A,ACTIVE,BAILEYROBINDAWN,ROBINDAWNBAILEY,203WESTBROOKCT,WHITE,,NOTHISPANICorNOTLATINO,REP,REPUBLICAN,,12042009.0,Age4165,AA165084
ALAMANCE,A,ACTIVE,BAILEYRYANDAKOTA,RYANDAKOTABAILEY,7533BAILEYLN,WHITE,,NOTHISPANICorNOTLATINO,REP,REPUBLICAN,18.0,8102012.0,,AA174297
ALAMANCE,A,ACTIVE,BAILEYSAMRAOAKES,SAMRAOAKESBAILEY,605PEBBLEDR,WHITE,,NOTHISPANICorNOTLATINO,,,43.0,1061988.0,Age4165,AA63194
ALAMANCE,A,ACTIVE,BAILEYSANDRASTEWART,SANDRASTEWARTBAILEY,2979WAYRD,WHITE,,NOTHISPANICorNOTLATINO,REP,REPUBLICAN,56.0,12301998.0,Age4165,AA112325
ALAMANCE,A,ACTIVE,BAILEYSANDRAANN,SANDRAANNBAILEY,3905WHITELEVELRD,WHITE,,NOTHISPANICorNOTLATINO,UNA,UNAFFILIATED,,,Age4165,BN352983
ALAMANCE,A,ACTIVE,BAILEYSARAHJEAN,SARAHJEANBAILEY,404NFOURTHST,WHITE,,NOTHISPANICorNOTLATINO,UNA,UNAFFILIATED,33.0,5122006.0,Age2640,BL258454
ALAMANCE,A,ACTIVE,BAILEYSCOTT,SCOTTBAILEY,3921LONGMEADOWDR,UNDESIGNATED,UN,UNDESIGNATED,,,36.0,9302008.0,Age2640,AA158126
ALAMANCE,A,ACTIVE,BAILEYSHANNONNICOLE,SHANNONNICOLEBAILEY,414EDINBURGHDR,WHITE,UN,UNDESIGNATED,REP,REPUBLICAN,22.0,4112008.0,,AA154529
ALAMANCE,A,ACTIVE,BAILEYSHARONL,SHARONLBAILEY,2631SNCHWY87,WHITE,,NOTHISPANICorNOTLATINO,REP,REPUBLICAN,52.0,7151992.0,Age4165,AA82158
ALAMANCE,A,ACTIVE,BAILEYSHEILAWELCH,SHEILAWELCHBAILEY,3147SOUTHWICKDR,WHITE,,NOTHISPANICorNOTLATINO,REP,REPUBLICAN,55.0,,Age4165,AA108028
ALAMANCE,A,ACTIVE,BAILEYSIERRAMONTEZ,SIERRAMONTEZBAILEY,807DEERFIELDTRCE,BLACKorAFRICANAMERICAN,UN,UNDESIGNATED,,,22.0,,,AA159175
ALAMANCE,A,ACTIVE,BAILEYSONIA,SONIABAILEY,1708SELBYDR,BLACKorAFRICANAMERICAN,UN,UNDESIGNATED,,,42.0,6262003.0,Age4165,AA130670
ALAMANCE,A,ACTIVE,BAILEYSTEPHANIEMAE,STEPHANIEMAEBAILEY,,BLACKorAFRICANAMERICAN,,NOTHISPANICorNOTLATINO,,,43.0,10251999.0,Age4165,AA115908
ALAMANCE,I,INACTIVE,BAILEYSTEPHENPAUL,STEPHENPAULBAILEY,1613SAXAPAHAWBETHLEHEMCHURCHRDG205,WHITE,,NOTHISPANICorNOTLATINO,REP,REPUBLICAN,30.0,9152006.0,Age2640,DE230551
ALAMANCE,A,ACTIVE,BAILEYSTEPHENP,STEPHENPBAILEY,407FOUNTAINPL,WHITE,,NOTHISPANICorNOTLATINO,UNA,UNAFFILIATED,,2181999.0,Age4165,AA113288
ALAMANCE,A,ACTIVE,BAILEYSTEPHENWAYNE,STEPHENWAYNEBAILEY,2979WAYRD,WHITE,,NOTHISPANICorNOTLATINO,UNA,UNAFFILIATED,42.0,4071989.0,Age4165,AA69020
ALAMANCE,A,ACTIVE,BAILEYSTEPHENMICHAEL,STEPHENMICHAELBAILEY,404NFOURTHST,WHITE,UN,UNDESIGNATED,,,34.0,4022012.0,Age2640,DE263443
ALAMANCE,A,ACTIVE,BAILEYSUEYOUNGER,SUEYOUNGERBAILEY,2820RILEYSTRL,WHITE,,NOTHISPANICorNOTLATINO,REP,REPUBLICAN,65.0,1091979.0,Age4165,
ALAMANCE,A,ACTIVE,BAILEYTAMMYMOORE,TAMMYMOOREBAILEY,2808RILEYSTRL,WHITE,,NOTHISPANICorNOTLATINO,UNA,UNAFFILIATED,43.0,5171991.0,Age4165,AA77360
ALAMANCE,A,ACTIVE,BAILEYTERESABARNWELL,TERESABARNWELLBAILEY,4776DAILEYSTORERD,WHITE,,NOTHISPANICorNOTLATINO,,,43.0,11031992.0,Age4165,AA85702
ALAMANCE,A,ACTIVE,BAILEYTERRYDWAYNE,TERRYDWAYNEBAILEY,7559BAILEYLN,WHITE,,NOTHISPANICorNOTLATINO,UNA,UNAFFILIATED,33.0,5181999.0,Age2640,AA113807
ALAMANCE,A,ACTIVE,BAILEYTHOMASLEE,THOMASLEEBAILEY,4172COPELANDTER,WHITE,,NOTHISPANICorNOTLATINO,UNA,UNAFFILIATED,57.0,9211999.0,Age4165,AA115393
ALAMANCE,A,ACTIVE,BAILEYTHOMASJAMESSR,THOMASJAMESBAILEYSR,414COLLEGEST,BLACKorAFRICANAMERICAN,,NOTHISPANICorNOTLATINO,,,80.0,11022004.0,AgeOver66,AA141437
ALAMANCE,R,REMOVED,BAILEYTHOMASLOFTON,THOMASLOFTONBAILEY,5023SNCHWY87,WHITE,,NOTHISPANICorNOTLATINO,REP,REPUBLICAN,70.0,9301980.0,AgeOver66,
ALAMANCE,A,ACTIVE,BAILEYTIMMYDAVIS,TIMMYDAVISBAILEY,7533BAILEYLN,WHITE,,NOTHISPANICorNOTLATINO,REP,REPUBLICAN,,9282007.0,Age4165,AA150652
ALAMANCE,A,ACTIVE,BAILEYTONY,TONYBAILEY,,BLACKorAFRICANAMERICAN,UN,UNDESIGNATED,,,53.0,1152008.0,Age4165,BE252224
ALAMANCE,A,ACTIVE,BAILEYTRENTONDALE,TRENTONDALEBAILEY,203WESTBROOKCT,WHITE,,NOTHISPANICorNOTLATINO,REP,REPUBLICAN,18.0,3092012.0,,AA170664
ALAMANCE,A,ACTIVE,BAILEYWILLARDRAYMOND,WILLARDRAYMONDBAILEY,2820RILEYSTRL,WHITE,,NOTHISPANICorNOTLATINO,REP,REPUBLICAN,65.0,10292012.0,Age4165,AA178469
ALAMANCE,A,ACTIVE,BAILEYWILLIAMSHANNON,WILLIAMSHANNONBAILEY,3604WESTMEADOWLN,WHITE,,NOTHISPANICorNOTLATINO,,,35.0,2212002.0,Age2640,AA125669
ALAMANCE,A,ACTIVE,BAILEYWILLIAMDEE,WILLIAMDEEBAILEY,2423HICKORYAVE,WHITE,,NOTHISPANICorNOTLATINO,REP,REPUBLICAN,72.0,9281972.0,AgeOver66,
ALAMANCE,A,ACTIVE,BAILEYZANETTAMONIQUE,ZANETTAMONIQUEBAILEY,1960MAJORHILLRD,BLACKorAFRICANAMERICAN,UN,UNDESIGNATED,,,42.0,11022004.0,Age4165,AA141438
ALAMANCE,A,ACTIVE,BAILIFFDAVIDWAYNE,DAVIDWAYNEBAILIFF,600LARRYAVE,WHITE,,NOTHISPANICorNOTLATINO,,,51.0,10031988.0,Age4165,AA66569
ALAMANCE,D,DENIED,BAILIFFJAMIECATES,JAMIECATESBAILIFF,1507TARLETONAVE,WHITE,,NOTHISPANICorNOTLATINO,UNA,UNAFFILIATED,35.0,2201997.0,Age2640,AA105417
ALAMANCE,A,ACTIVE,BAILIFFWILLIAMJOSEPH,WILLIAMJOSEPHBAILIFF,1777ROBINHOODDR,WHITE,,NOTHISPANICorNOTLATINO,REP,REPUBLICAN,38.0,6082011.0,Age2640,AA168681
ALAMANCE,R,REMOVED,BAILIFFWILLIAMJOSEPH,WILLIAMJOSEPHBAILIFF,1510SMEBANESTB,WHITE,,NOTHISPANICorNOTLATINO,REP,REPUBLICAN,38.0,9061992.0,Age2640,AA83018
ALAMANCE,A,ACTIVE,,REBECCAANNBAIN,706HUFFMANMILLRDG7,WHITE,,NOTHISPANICorNOTLATINO,,,32.0,3232010.0,Age2640,AA165599
ALAMANCE,R,REMOVED,,ROBERTCARSONBAINJR,1528SMEBANEST606F,WHITE,,NOTHISPANICorNOTLATINO,REP,REPUBLICAN,32.0,9102004.0,Age2640,AA137368
ALAMANCE,A,ACTIVE,BAINBRIDGEDAVIDEVERETT,DAVIDEVERETTBAINBRIDGE,9474SNCHWY49,WHITE,,NOTHISPANICorNOTLATINO,REP,REPUBLICAN,40.0,,Age2640,BY285882
ALAMANCE,A,ACTIVE,BAINBRIDGEMICHELLELEE,,9474SNCHWY49,WHITE,,NOTHISPANICorNOTLATINO,REP,REPUBLICAN,37.0,,Age2640,BY284488
ALAMANCE,A,ACTIVE,BAINESANTONIOTHOMAS,ANTONIOTHOMASBAINES,3814NORTHROPDR,BLACKorAFRICANAMERICAN,,NOTHISPANICorNOTLATINO,UNA,UNAFFILIATED,39.0,12122007.0,Age2640,DE224363
ALAMANCE,A,ACTIVE,,ERVINLEVERNEBAINES,1004CAMDENST,BLACKorAFRICANAMERICAN,,NOTHISPANICorNOTLATINO,,,51.0,9171996.0,Age4165,AA102313
ALAMANCE,A,ACTIVE,,IRENEMBAINES,506STONERD,BLACKorAFRICANAMERICAN,,NOTHISPANICorNOTLATINO,,,69.0,,AgeOver66,AA103437
ALAMANCE,I,INACTIVE,,DANIELJBAIR,1724HILLTOPAVE,WHITE,UN,UNDESIGNATED,,,28.0,,Age2640,AA159600
ALAMANCE,A,ACTIVE,,ALEXANDRAKEYSBAIRD,408DORALCT,WHITE,UN,UNDESIGNATED,UNA,UNAFFILIATED,20.0,10272012.0,Age1825,AA178437
ALAMANCE,A,ACTIVE,,DANRBAIRD,856KNOLLWOODFALLSRD,WHITE,,NOTHISPANICorNOTLATINO,REP,REPUBLICAN,,,Age4165,AA121086
ALAMANCE,A,ACTIVE,,DANIELBAIRD,4210STONECRESTDRB4,WHITE,,NOTHISPANICorNOTLATINO,DEM,DEMOCRATIC,30.0,10052012.0,Age2640,AA176860
ALAMANCE,A,ACTIVE,,DAVIDGORDONBAIRDJR,3508GARDENRDF10,WHITE,,NOTHISPANICorNOTLATINO,REP,REPUBLICAN,43.0,11082000.0,Age4165,AA121998
ALAMANCE,R,REMOVED,,EDWARDMICHAELBAIRD,1916MALONERDF,WHITE,,NOTHISPANICorNOTLATINO,REP,REPUBLICAN,60.0,12182006.0,Age4165,BL270883
ALAMANCE,A,ACTIVE,,ELIZABETHHODGESBAIRD,1704TALTONTRCE,WHITE,,NOTHISPANICorNOTLATINO,UNA,UNAFFILIATED,52.0,7202009.0,Age4165,AA164794
ALAMANCE,A,ACTIVE,,GEORGEMACONBAIRD,1903KEOGHST,WHITE,,NOTHISPANICorNOTLATINO,REP,REPUBLICAN,,4151991.0,Age4165,AA77017
ALAMANCE,A,ACTIVE,,JAMESHAMILTONBAIRDJR,2225DELANEYDR314,WHITE,,NOTHISPANICorNOTLATINO,,,,3151984.0,Age4165,AA58809
ALAMANCE,A,ACTIVE,,JAMESHAMILTONBAIRD,2405DOGWOODLN,WHITE,,NOTHISPANICorNOTLATINO,REP,REPUBLICAN,78.0,3301972.0,AgeOver66,
ALAMANCE,A,ACTIVE,,JANEMACONBAIRD,2405DOGWOODLN,WHITE,,NOTHISPANICorNOTLATINO,REP,REPUBLICAN,72.0,11021972.0,AgeOver66,
ALAMANCE,A,ACTIVE,,KATHERINEGARNERBAIRD,1903KEOGHST,WHITE,,NOTHISPANICorNOTLATINO,,,42.0,2241988.0,Age4165,AA64374
ALAMANCE,A,ACTIVE,,,1916MALONERDF,WHITE,,NOTHISPANICorNOTLATINO,UNA,UNAFFILIATED,59.0,12182006.0,Age4165,BL327369
ALAMANCE,A,ACTIVE,,,408DORALCT,WHITE,,NOTHISPANICorNOTLATINO,REP,REPUBLICAN,,8031998.0,Age4165,AA111095
ALAMANCE,A,ACTIVE,,SHERRYBRUNERBAIRD,4404SNCHWY62,WHITE,,NOTHISPANICorNOTLATINO,REP,REPUBLICAN,,10061984.0,Age4165,
ALAMANCE,A,ACTIVE,,TRAVISMICKAILBAIRD,,WHITE,UN,UNDESIGNATED,REP,REPUBLICAN,23.0,6232010.0,Age1825,AA165821
ALAMANCE,A,ACTIVE,,,202JOYDRD,UNDESIGNATED,HL,HISPANICorLATINO,,,18.0,3092012.0,Age1825,AA170666
ALAMANCE,A,ACTIVE,,SONIAYANEDBAIRES,713VANDERFORDST,WHITE,,NOTHISPANICorNOTLATINO,UNA,UNAFFILIATED,22.0,4022009.0,Age1825,AA163656
ALAMANCE,A,ACTIVE,,BELINDABOWLANDBAISDEN,3705NNCHWY119,WHITE,,NOTHISPANICorNOTLATINO,REP,REPUBLICAN,42.0,7121990.0,Age4165,AA72467
ALAMANCE,A,ACTIVE,,JOANBROWNBAISDEN,1625WOODBROOKEDR,WHITE,,NOTHISPANICorNOTLATINO,REP,REPUBLICAN,65.0,11072000.0,Age4165,AA121902
ALAMANCE,A,ACTIVE,,,3705NNCHWY119,WHITE,,NOTHISPANICorNOTLATINO,UNA,UNAFFILIATED,43.0,8291994.0,Age4165,AA91016
ALAMANCE,A,ACTIVE,,RONALDEUGENEBAISDENII,1633WOODBROOKEDR,WHITE,,NOTHISPANICorNOTLATINO,UNA,UNAFFILIATED,,4151994.0,Age4165,AA89854
ALAMANCE,A,ACTIVE,,SONYALOWEBAISDEN,1633WOODBROOKEDR,WHITE,,NOTHISPANICorNOTLATINO,REP,REPUBLICAN,,12111990.0,Age4165,AA75934
ALAMANCE,A,ACTIVE,,CYNTHIAHANSELBAISE,1802SMEBANEST,WHITE,UN,UNDESIGNATED,,,53.0,3311984.0,Age4165,
ALAMANCE,A,ACTIVE,,EARLGARRETTBAISE,1802SMEBANEST,WHITE,UN,UNDESIGNATED,,,53.0,3311984.0,Age4165,
ALAMANCE,A,ACTIVE,,ELIZABETHMICHELLEBAISE,1802SMEBANEST,WHITE,,NOTHISPANICorNOTLATINO,,,24.0,5042006.0,Age1825,AA146382
ALAMANCE,A,ACTIVE,,WADEVANCEBAISEIII,1240SKYVIEWDR,WHITE,,NOTHISPANICorNOTLATINO,REP,REPUBLICAN,54.0,6231981.0,Age4165,
ALAMANCE,R,REMOVED,,JOANNARUTHBAITTINGER,604TRACYDRA,WHITE,,NOTHISPANICorNOTLATINO,UNA,UNAFFILIATED,33.0,7222003.0,Age2640,AA130803
ALAMANCE,A,ACTIVE,,BOBBYLEEBAITY,7849SNCHWY87,WHITE,,NOTHISPANICorNOTLATINO,,,54.0,4202002.0,Age4165,AA126159
ALAMANCE,A,ACTIVE,,LIBBYMCBANEBAITY,7849SNCHWY87,WHITE,,NOTHISPANICorNOTLATINO,,,53.0,4051980.0,Age4165,AA29659
ALAMANCE,A,ACTIVE,,AMANDALYNNBAITYCHAIKEN,413MALLARDCREEKDR,WHITE,UN,UNDESIGNATED,REP,REPUBLICAN,30.0,10312012.0,Age2640,ED38265
ALAMANCE,A,ACTIVE,,ANGELAMCADAMSBAIZE,,WHITE,UN,UNDESIGNATED,REP,REPUBLICAN,,,Age4165,AA176950
ALAMANCE,A,ACTIVE,,CHARLESEDWARDBAIZE,4026SCHURCHST12,WHITE,UN,UNDESIGNATED,,,64.0,,Age4165,AA178180
ALAMANCE,A,ACTIVE,,RODNEYWAYNEBAIZE,153LAKELATHAMRD,WHITE,,NOTHISPANICorNOTLATINO,,,,8032012.0,Age4165,AA173651
ALAMANCE,I,INACTIVE,,DANIELJOSEPHBAK,4022BURCHBRIDGERD,WHITE,,NOTHISPANICorNOTLATINO,,,,3312006.0,Age4165,AA146234
ALAMANCE,A,ACTIVE,,ERICALYNNBAK,504NMARSHALLST,WHITE,,NOTHISPANICorNOTLATINO,UNA,UNAFFILIATED,20.0,9262012.0,Age1825,AA175324
ALAMANCE,A,ACTIVE,,KEVINMATTHEWBAK,210EMOREHEADST3,WHITE,,NOTHISPANICorNOTLATINO,,,24.0,6122006.0,Age1825,AA146767
ALAMANCE,A,ACTIVE,,TAMMYMICHELLEBAK,4319HICKORYNUTPT,WHITE,,NOTHISPANICorNOTLATINO,UNA,UNAFFILIATED,,3271996.0,Age4165,AA99434
ALAMANCE,A,ACTIVE,,GREGORYSBAKANEC,3220OAKRIDGEDR,WHITE,,NOTHISPANICorNOTLATINO,UNA,UNAFFILIATED,,9271996.0,Age4165,AA102314
ALAMANCE,A,ACTIVE,,JOGRINSTEADBAKANEC,3220OAKRIDGEDR,WHITE,,NOTHISPANICorNOTLATINO,,,,11051996.0,Age4165,AA104503
ALAMANCE,A,ACTIVE,,CHRYSSOULABAKATSIAS,3133BRYCEWOODPL,WHITE,,NOTHISPANICorNOTLATINO,UNA,UNAFFILIATED,,10081984.0,Age4165,
ALAMANCE,A,ACTIVE,,GEORGENICKBAKATSIAS,,WHITE,,NOTHISPANICorNOTLATINO,,,56.0,,Age4165,
ALAMANCE,A,ACTIVE,,JOHNNICKBAKATSIAS,1241DIXIEST,WHITE,,NOTHISPANICorNOTLATINO,,,68.0,4031970.0,AgeOver66,
ALAMANCE,A,ACTIVE,,,1241DIXIEST,WHITE,,NOTHISPANICorNOTLATINO,,,58.0,10031975.0,Age4165,
ALAMANCE,A,ACTIVE,,NICHOLETTEBAKATSIAS,3133BRYCEWOODPL,WHITE,,NOTHISPANICorNOTLATINO,REP,REPUBLICAN,22.0,10062008.0,Age1825,AA158382
ALAMANCE,A,ACTIVE,,THEODORENICKBAKATSIAS,3133BRYCEWOODPL,WHITE,,NOTHISPANICorNOTLATINO,,,66.0,9211972.0,AgeOver66,
ALAMANCE,A,ACTIVE,,BRIANJAMESBAKE,,WHITE,,NOTHISPANICorNOTLATINO,REP,REPUBLICAN,26.0,6122012.0,Age2640,DR84528
ALAMANCE,A,ACTIVE,,KARENMICHELLEBAKE,,WHITE,,NOTHISPANICorNOTLATINO,REP,REPUBLICAN,27.0,6122012.0,Age2640,DE210421
ALAMANCE,A,ACTIVE,,BRANDYNICOLEBAKEN,603DURHAMST,WHITE,UN,UNDESIGNATED,REP,REPUBLICAN,24.0,2282006.0,Age1825,AA145996
ALAMANCE,A,ACTIVE,,BRYANKEITHBAKENJR,1729CRAWFORDRD,WHITE,,NOTHISPANICorNOTLATINO,UNA,UNAFFILIATED,30.0,8092004.0,Age2640,AA136032
ALAMANCE,A,ACTIVE,,GEORGEIRABAKEN,509EHANOVERRD,WHITE,,NOTHISPANICorNOTLATINO,UNA,UNAFFILIATED,,7241990.0,Age4165,AA72556
ALAMANCE,A,ACTIVE,,GLENDAFAULKNERBAKEN,603DURHAMST,WHITE,,NOTHISPANICorNOTLATINO,,,,9271996.0,Age4165,AA102315
ALAMANCE,A,ACTIVE,,JESSICAKAYBAKEN,721BHHARVEYTRL2,WHITE,,NOTHISPANICorNOTLATINO,UNA,UNAFFILIATED,25.0,10052006.0,Age1825,AA147688
ALAMANCE,A,ACTIVE,,JOHNMICHAELBAKEN,721BHHARVEYTRL4,WHITE,,NOTHISPANICorNOTLATINO,UNA,UNAFFILIATED,28.0,9302008.0,Age2640,AA158197
ALAMANCE,A,ACTIVE,,JOSHUAALLENBAKEN,1729CRAWFORDRD,WHITE,UN,UNDESIGNATED,LIB,LIBERTARIAN,25.0,10282008.0,Age1825,EH677848
ALAMANCE,A,ACTIVE,,LARRYCONESBAKENJR,2312BASILHOLTRD,WHITE,,NOTHISPANICorNOTLATINO,,,54.0,2021998.0,Age4165,AA109052
ALAMANCE,I,INACTIVE,,PHILLIPALLENBAKEN,706HUFFMANMILLRDQ16,WHITE,,NOTHISPANICorNOTLATINO,,,30.0,7152004.0,Age2640,AA136107
ALAMANCE,A,ACTIVE,,ROYNEILBAKENJR,603DURHAMST,WHITE,,NOTHISPANICorNOTLATINO,UNA,UNAFFILIATED,31.0,2022006.0,Age2640,AA145849
ALAMANCE,A,ACTIVE,,ROYNEILBAKEN,603DURHAMST,WHITE,,NOTHISPANICorNOTLATINO,REP,REPUBLICAN,53.0,6251990.0,Age4165,AA72235
ALAMANCE,A,ACTIVE,,ALBERTLEROYBAKER,2400BAKERSFIELDTRL,WHITE,,NOTHISPANICorNOTLATINO,REP,REPUBLICAN,77.0,5301990.0,AgeOver66,AA71900
ALAMANCE,A,ACTIVE,,ALFREDTODDBAKER,2210GWYNRD,WHITE,,NOTHISPANICorNOTLATINO,,,33.0,10301997.0,Age2640,AA108029
ALAMANCE,A,ACTIVE,,ALICECHRISTINEBAKER,407FIELDSTONEDR,WHITE,,NOTHISPANICorNOTLATINO,,,59.0,10061986.0,Age4165,AA61290
ALAMANCE,R,REMOVED,,ALICETATEBAKER,303NSELLARSMILLRD,WHITE,,NOTHISPANICorNOTLATINO,REP,REPUBLICAN,94.0,,AgeOver66,
ALAMANCE,A,ACTIVE,,ALLENEWBAKER,827SBEAUMONTAVE,BLACKorAFRICANAMERICAN,,NOTHISPANICorNOTLATINO,,,67.0,10081990.0,AgeOver66,AA74533
ALAMANCE,A,ACTIVE,,AMANDAMARIEBAKER,2491DURHAMSTEXTB,WHITE,,NOTHISPANICorNOTLATINO,,,24.0,7102006.0,Age1825,AA146951
ALAMANCE,I,INACTIVE,,AMANDAJOBAKER,321WGILBREATHST,WHITE,,NOTHISPANICorNOTLATINO,UNA,UNAFFILIATED,28.0,12102003.0,Age2640,AA132352
ALAMANCE,A,ACTIVE,,AMANDAKATHRYNBAKER,6407WHITNEYRD,WHITE,,NOTHISPANICorNOTLATINO,UNA,UNAFFILIATED,30.0,5232000.0,Age2640,AA118005
ALAMANCE,A,ACTIVE,,AMANDABROOKBAKER,1504WHITEDR,WHITE,,NOTHISPANICorNOTLATINO,UNA,UNAFFILIATED,28.0,3012007.0,Age2640,AA149036
ALAMANCE,A,ACTIVE,,AMYPATTERSONBAKER,203OAKMONTCT,WHITE,,NOTHISPANICorNOTLATINO,REP,REPUBLICAN,,2231996.0,Age4165,AA97769
ALAMANCE,A,ACTIVE,,AMYTHAXTONBAKER,2678THAXTONTRL,WHITE,,NOTHISPANICorNOTLATINO,REP,REPUBLICAN,,9141988.0,Age4165,AA66028
ALAMANCE,A,ACTIVE,,ANITAANNEBAKER,302SFOURTHST,WHITE,,NOTHISPANICorNOTLATINO,,,,11012012.0,Age4165,AA178675
ALAMANCE,A,ACTIVE,,ANNFRIDDLEBAKER,1814DORSETTST,WHITE,UN,UNDESIGNATED,REP,REPUBLICAN,41.0,8291996.0,Age4165,AA101484
ALAMANCE,A,ACTIVE,,ANNEHABERLYBAKER,601ORANGEDR,WHITE,,NOTHISPANICorNOTLATINO,,,42.0,11051992.0,Age4165,AA85860
ALAMANCE,A,ACTIVE,,ANTHONYLEOTEISBAKER,1258JAMESTOWNEDR,BLACKorAFRICANAMERICAN,,NOTHISPANICorNOTLATINO,,,,7291997.0,Age4165,AA106851
ALAMANCE,I,INACTIVE,,ARCHIEWAYNEBAKER,,WHITE,,NOTHISPANICorNOTLATINO,REP,REPUBLICAN,57.0,1172003.0,Age4165,AA129238
ALAMANCE,A,ACTIVE,,ARIENDESHONBAKER,1258JAMESTOWNEDR,BLACKorAFRICANAMERICAN,,NOTHISPANICorNOTLATINO,,,20.0,8112011.0,Age1825,AA169128
ALAMANCE,A,ACTIVE,,BELINDAABAKER,2474HOSKINSRD,WHITE,,NOTHISPANICorNOTLATINO,REP,REPUBLICAN,56.0,5081992.0,Age4165,AA81575
ALAMANCE,A,ACTIVE,,BERNICELEWISBAKER,2618NNCHWY119,WHITE,,NOTHISPANICorNOTLATINO,,,83.0,,AgeOver66,
ALAMANCE,A,ACTIVE,,BERTHAMARTINDALEBAKER,313DOGGETTDR,WHITE,,NOTHISPANICorNOTLATINO,UNA,UNAFFILIATED,83.0,6171992.0,AgeOver66,AA81837
ALAMANCE,A,ACTIVE,,BETTYGOOCHBAKER,2229SWEETBAYCIR,WHITE,,NOTHISPANICorNOTLATINO,REP,REPUBLICAN,82.0,10061994.0,AgeOver66,AA91482
ALAMANCE,A,ACTIVE,,BETTYJOBAKER,2671SJIMMINORRD,WHITE,,NOTHISPANICorNOTLATINO,REP,REPUBLICAN,52.0,9111995.0,Age4165,AA95457
ALAMANCE,A,ACTIVE,,BETTYLUCASBAKER,2055MEADOWLN,WHITE,,NOTHISPANICorNOTLATINO,,,76.0,4091984.0,AgeOver66,
ALAMANCE,I,INACTIVE,,BETTYELLENBAKER,2454FARRELLRD,WHITE,,NOTHISPANICorNOTLATINO,REP,REPUBLICAN,33.0,8012002.0,Age2640,AA127145
ALAMANCE,I,INACTIVE,,BETTYJEANBAKER,320NIRELANDST,BLACKorAFRICANAMERICAN,UN,UNDESIGNATED,,,69.0,3162004.0,AgeOver66,AA133319
ALAMANCE,A,ACTIVE,,BETTYASHBYBAKER,4630PAGETOWNRD,WHITE,,NOTHISPANICorNOTLATINO,UNA,UNAFFILIATED,33.0,12161997.0,Age2640,AA163403
ALAMANCE,A,ACTIVE,,BETTYWHITAKERBAKER,1604MORNINGSIDEDRF,WHITE,,NOTHISPANICorNOTLATINO,,,74.0,7302011.0,AgeOver66,BY376629
ALAMANCE,A,ACTIVE,,BILLYRAYBAKER,,BLACKorAFRICANAMERICAN,,NOTHISPANICorNOTLATINO,,,,11211996.0,Age4165,AA104505
ALAMANCE,R,REMOVED,,BRADLEYDONALDBAKER,99DENISEDRA,WHITE,,NOTHISPANICorNOTLATINO,REP,REPUBLICAN,55.0,9102002.0,Age4165,AA127603
ALAMANCE,A,ACTIVE,,BRIANTODDBAKER,2605FARMPONDCT,WHITE,UN,UNDESIGNATED,,,37.0,1102008.0,Age2640,BN320614
ALAMANCE,I,INACTIVE,,BRITTANYBAKER,1328STREGISDR,WHITE,,NOTHISPANICorNOTLATINO,REP,REPUBLICAN,25.0,6212007.0,Age1825,AA149949
ALAMANCE,R,REMOVED,,BRODIEVERNONBAKER,847PORTERFIELDRD,WHITE,,NOTHISPANICorNOTLATINO,REP,REPUBLICAN,81.0,1241959.0,AgeOver66,
ALAMANCE,A,ACTIVE,,BRYANMICHAELBAKER,505MACLEANDR,WHITE,,NOTHISPANICorNOTLATINO,UNA,UNAFFILIATED,38.0,7301992.0,Age2640,AA82441
ALAMANCE,A,ACTIVE,,BURNISGLENNBAKER,2481LYNCHSTORERD,WHITE,,NOTHISPANICorNOTLATINO,REP,REPUBLICAN,58.0,9201996.0,Age4165,AA102078
ALAMANCE,A,ACTIVE,,BYRONOTISBAKERJR,3338UNIONRIDGERD,WHITE,,NOTHISPANICorNOTLATINO,REP,REPUBLICAN,50.0,3211994.0,Age4165,AA89609
ALAMANCE,A,ACTIVE,,CALEBWINSLOWEBAKER,314WHOLTST,WHITE,,NOTHISPANICorNOTLATINO,REP,REPUBLICAN,36.0,7082008.0,Age2640,BL322189
ALAMANCE,A,ACTIVE,,CAMERONGREYBAKER,2202HUNTINGTONRDB4,WHITE,UN,UNDESIGNATED,REP,REPUBLICAN,20.0,10252012.0,Age1825,AA178323
ALAMANCE,I,INACTIVE,,CANDACELYNNBAKER,,WHITE,,NOTHISPANICorNOTLATINO,UNA,UNAFFILIATED,28.0,10052004.0,Age2640,AA139631
ALAMANCE,D,DENIED,,CANDACELYNNBAKER,,WHITE,,NOTHISPANICorNOTLATINO,,,28.0,3122002.0,Age2640,AA125991
ALAMANCE,R,REMOVED,,CARLVICTORBAKER,2632EVERGREENLN,WHITE,,NOTHISPANICorNOTLATINO,,,69.0,4201968.0,AgeOver66,
ALAMANCE,I,INACTIVE,,CARLACBAKER,6042SWEPSONVILLESAXAPAHAWRD,OTHER,HL,HISPANICorLATINO,REP,REPUBLICAN,42.0,9122008.0,Age4165,AA156886
ALAMANCE,I,INACTIVE,,CAROLHANDYBAKER,615EDAVISST,WHITE,,NOTHISPANICorNOTLATINO,,,68.0,9242001.0,AgeOver66,AA124467
ALAMANCE,A,ACTIVE,,CAROLINEELIZABETHBAKER,203OAKMONTCT,WHITE,UN,UNDESIGNATED,REP,REPUBLICAN,20.0,2232012.0,Age1825,AA170434
ALAMANCE,A,ACTIVE,,CATHERINEJOANNBAKER,203OAKMONTCT,WHITE,UN,UNDESIGNATED,REP,REPUBLICAN,22.0,4102008.0,Age1825,AA153753
ALAMANCE,A,ACTIVE,,CATHERINEBAKER,,BLACKorAFRICANAMERICAN,UN,UNDESIGNATED,,,80.0,8291996.0,AgeOver66,AA101604
ALAMANCE,A,ACTIVE,,CATHERINESETZERBAKER,507EVERETTST206B,WHITE,,NOTHISPANICorNOTLATINO,UNA,UNAFFILIATED,89.0,2171976.0,AgeOver66,
ALAMANCE,A,ACTIVE,,CHARLESROYBAKER,2654RIDGEWOODDR,WHITE,,NOTHISPANICorNOTLATINO,UNA,UNAFFILIATED,77.0,10062000.0,AgeOver66,AA120698
ALAMANCE,A,ACTIVE,,CHARLESWARRENURLINGBAKER,3108OAKRIDGEDR,WHITE,,NOTHISPANICorNOTLATINO,,,18.0,,Age1825,AA177097
ALAMANCE,A,ACTIVE,,CHARLOTTEBROWNBAKER,,WHITE,,NOTHISPANICorNOTLATINO,REP,REPUBLICAN,65.0,12011989.0,Age4165,AA70210
ALAMANCE,A,ACTIVE,,CHRISTINECAREYBAKER,528MARYLANDAVE,WHITE,,NOTHISPANICorNOTLATINO,,,84.0,4201968.0,AgeOver66,
ALAMANCE,A,ACTIVE,,CHRISTOPHERDEBROISEBAKERJR,720NGURNEYST,WHITE,UN,UNDESIGNATED,,,71.0,9281988.0,AgeOver66,AA66486
ALAMANCE,A,ACTIVE,,CHRISTOPHERSCOTTBAKER,1814DORSETTST,WHITE,,NOTHISPANICorNOTLATINO,REP,REPUBLICAN,42.0,9202004.0,Age4165,AA137972
ALAMANCE,A,ACTIVE,,CHRISTOPHERRYANBAKER,921JILLDR,WHITE,,NOTHISPANICorNOTLATINO,REP,REPUBLICAN,26.0,12272007.0,Age2640,AA151692
ALAMANCE,A,ACTIVE,,CLARACALDWELLBAKER,,WHITE,,NOTHISPANICorNOTLATINO,UNA,UNAFFILIATED,90.0,5311996.0,AgeOver66,AA99238
ALAMANCE,D,DENIED,,CLIFTONLBAKER,,WHITE,UN,UNDESIGNATED,UNA,UNAFFILIATED,23.0,7252012.0,Age1825,AA173654
ALAMANCE,A,ACTIVE,,COURTNEYLBAKER,314WHOLTST,WHITE,,NOTHISPANICorNOTLATINO,UNA,UNAFFILIATED,30.0,,Age2640,BL259484
ALAMANCE,A,ACTIVE,,CRYSTALBOWIEBAKER,2605FARMPONDCT,WHITE,,NOTHISPANICorNOTLATINO,REP,REPUBLICAN,37.0,12022009.0,Age2640,BN239415
ALAMANCE,A,ACTIVE,,CURRYMICHAELBAKERII,2202HUNTINGTONRDB4,WHITE,,NOTHISPANICorNOTLATINO,REP,REPUBLICAN,23.0,7092008.0,Age1825,AA155132
ALAMANCE,A,ACTIVE,,CURRYMICHAELBAKER,2202HUNTINGTONRDB4,WHITE,UN,UNDESIGNATED,REP,REPUBLICAN,57.0,4041974.0,Age4165,
ALAMANCE,A,ACTIVE,,DANAGUNNBAKER,505MACLEANDR,WHITE,,NOTHISPANICorNOTLATINO,REP,REPUBLICAN,39.0,11301992.0,Age2640,AA85856
ALAMANCE,A,ACTIVE,,DANIELLEKAYBAKER,421HOMEWOODAVE,WHITE,,NOTHISPANICorNOTLATINO,UNA,UNAFFILIATED,29.0,8172006.0,Age2640,AA147203
ALAMANCE,A,ACTIVE,,DARLENERENEEBAKER,1750POWERLINERDA,WHITE,UN,UNDESIGNATED,REP,REPUBLICAN,53.0,8132012.0,Age4165,BL373722
ALAMANCE,A,ACTIVE,,DAVIDWILKEBAKER,2016FOXRUNRD,WHITE,,NOTHISPANICorNOTLATINO,REP,REPUBLICAN,62.0,4061974.0,Age4165,
ALAMANCE,A,ACTIVE,,DEBORAHMADDOXBAKER,,WHITE,,NOTHISPANICorNOTLATINO,,,60.0,9181982.0,Age4165,
ALAMANCE,A,ACTIVE,,DEBORAHELIZABETHBAKER,5017BAKERBELLFARMRD,WHITE,UN,UNDESIGNATED,,,56.0,6052003.0,Age4165,AA130415
ALAMANCE,A,ACTIVE,,DESHAWNLATABAKER,130SBROADST,BLACKorAFRICANAMERICAN,,NOTHISPANICorNOTLATINO,,,30.0,10232008.0,Age2640,AA161789
ALAMANCE,A,ACTIVE,,DONNASHERRYBAKER,2016FOXRUNRD,WHITE,,NOTHISPANICorNOTLATINO,REP,REPUBLICAN,67.0,6121984.0,AgeOver66,
ALAMANCE,A,ACTIVE,,DOROTHYPEARLBAKER,701NDALECT,WHITE,,NOTHISPANICorNOTLATINO,REP,REPUBLICAN,72.0,8162007.0,AgeOver66,AA150415
ALAMANCE,A,ACTIVE,,DUSTINTHOMASBAKER,,WHITE,,NOTHISPANICorNOTLATINO,UNA,UNAFFILIATED,27.0,5312005.0,Age2640,AA143703
ALAMANCE,I,INACTIVE,,EDWARDHUGHESBAKERSR,213ROXBOROST,WHITE,,NOTHISPANICorNOTLATINO,,,77.0,5111964.0,AgeOver66,
ALAMANCE,A,ACTIVE,,EDWARDHUGHESBAKERJR,220JOHNSONST,WHITE,UN,UNDESIGNATED,,,51.0,5082012.0,Age4165,BY450502
ALAMANCE,A,ACTIVE,,ELIZABETHCLARKBAKER,2202HUNTINGTONRDB4,WHITE,,NOTHISPANICorNOTLATINO,REP,REPUBLICAN,56.0,8311988.0,Age4165,AA65628
ALAMANCE,A,ACTIVE,,ERICTODDBAKER,203OAKMONTCT,WHITE,,NOTHISPANICorNOTLATINO,REP,REPUBLICAN,,10311995.0,Age4165,AA96767
ALAMANCE,R,REMOVED,,ERICSHAWNBAKER,,WHITE,,NOTHISPANICorNOTLATINO,REP,REPUBLICAN,31.0,2042000.0,Age2640,AA116813
ALAMANCE,A,ACTIVE,,FONZOEUGENEBAKER,7734GARRETTRD,WHITE,UN,UNDESIGNATED,,,93.0,10031986.0,AgeOver66,AA60576
ALAMANCE,R,REMOVED,,FRANCESMIZEBAKER,1987HILTONRD28A,WHITE,,NOTHISPANICorNOTLATINO,,,83.0,9171982.0,AgeOver66,
ALAMANCE,R,REMOVED,,FREDDIAMONDBAKER,2425MOUNTAINVIEWRD,WHITE,,NOTHISPANICorNOTLATINO,,,89.0,,AgeOver66,
ALAMANCE,A,ACTIVE,,GARLANDIVANBAKER,3235MAPLEAVE,WHITE,,NOTHISPANICorNOTLATINO,REP,REPUBLICAN,41.0,,Age4165,BN398894
ALAMANCE,A,ACTIVE,,GEORGEROBERTBAKER,3932SWANNIECOBLERD,WHITE,,NOTHISPANICorNOTLATINO,UNA,UNAFFILIATED,77.0,6211995.0,AgeOver66,AA94484
ALAMANCE,A,ACTIVE,,GERALDINESYKESBAKER,847PORTERFIELDRD,WHITE,,NOTHISPANICorNOTLATINO,REP,REPUBLICAN,78.0,10261968.0,AgeOver66,
ALAMANCE,A,ACTIVE,,GIRABAKER,608LEEST,WHITE,UN,UNDESIGNATED,,,32.0,9052008.0,Age2640,AA156780
ALAMANCE,A,ACTIVE,,GRACEOBAKER,,WHITE,,NOTHISPANICorNOTLATINO,UNA,UNAFFILIATED,77.0,,AgeOver66,
ALAMANCE,A,ACTIVE,,GREGORYALANBAKER,,WHITE,,NOTHISPANICorNOTLATINO,,,,,Age4165,AA96191
ALAMANCE,A,ACTIVE,,HARRELLWOODROWBAKER,2229SWEETBAYCIR,WHITE,,NOTHISPANICorNOTLATINO,REP,REPUBLICAN,90.0,10061994.0,AgeOver66,AA91483
ALAMANCE,A,ACTIVE,,HELENLOUISEBAKER,2953SWEPSONVILLEMETHODISTCHURCHRD,WHITE,,NOTHISPANICorNOTLATINO,REP,REPUBLICAN,60.0,9152000.0,Age4165,AA119796
ALAMANCE,I,INACTIVE,,HURLEYBIVENBAKERJR,2314USHWY70,WHITE,,NOTHISPANICorNOTLATINO,UNA,UNAFFILIATED,41.0,3212001.0,Age4165,AA123191
ALAMANCE,A,ACTIVE,,IDAFBAKER,100CORNWALLISDR,WHITE,UN,UNDESIGNATED,UNA,UNAFFILIATED,73.0,2152008.0,AgeOver66,AA152337
ALAMANCE,A,ACTIVE,,JACQUELINEVAUGHNBAKER,2632EVERGREENLN,WHITE,,NOTHISPANICorNOTLATINO,REP,REPUBLICAN,67.0,4201968.0,AgeOver66,
ALAMANCE,A,ACTIVE,,JAMESPAULBAKER,2241MILLBROOKDR,WHITE,,NOTHISPANICorNOTLATINO,REP,REPUBLICAN,36.0,4191994.0,Age2640,AA90388
ALAMANCE,A,ACTIVE,,JAMESWINSORBAKERIV,261STATIONCIR,WHITE,UN,UNDESIGNATED,,,22.0,,Age1825,AA178072
ALAMANCE,A,ACTIVE,,JAMIEFRAZIERBAKER,715WILBARD,WHITE,,NOTHISPANICorNOTLATINO,REP,REPUBLICAN,34.0,9091996.0,Age2640,AA101738
ALAMANCE,A,ACTIVE,,JAMIETULLYBAKER,1343NSELLARSMILLRD,WHITE,UN,UNDESIGNATED,REP,REPUBLICAN,52.0,11272001.0,Age4165,AA124895
ALAMANCE,A,ACTIVE,,JANEMARIEMURPHYBAKER,927WHITTEMORERD,WHITE,,NOTHISPANICorNOTLATINO,UNA,UNAFFILIATED,37.0,9042009.0,Age2640,BL344971
ALAMANCE,A,ACTIVE,,JASPERGRAYBAKER,313DOGGETTDR,WHITE,,NOTHISPANICorNOTLATINO,,,81.0,1261998.0,AgeOver66,AA108916
ALAMANCE,A,ACTIVE,,JEANNETTEHONEYCUTTBAKER,3057WOODSIDEAVE,WHITE,UN,UNDESIGNATED,,,51.0,10021986.0,Age4165,AA60676
ALAMANCE,A,ACTIVE,,JEFFREYWARRENBAKER,3108OAKRIDGEDR,WHITE,,NOTHISPANICorNOTLATINO,,,58.0,11011995.0,Age4165,AA96194
ALAMANCE,A,ACTIVE,,JEFFREYSCOTTBAKER,1413NJIMMINORRD,WHITE,,NOTHISPANICorNOTLATINO,UNA,UNAFFILIATED,55.0,6291995.0,Age4165,AA94485
ALAMANCE,A,ACTIVE,,JENNIFERLOCKHEARTBAKER,2202HUNTINGTONRDA4,INDIANAMERICANorALASKANATIVE,,NOTHISPANICorNOTLATINO,UNA,UNAFFILIATED,30.0,9052006.0,Age2640,AA147366
ALAMANCE,A,ACTIVE,,JENNIFEREVANSBAKER,1720OLDSTMARK'SCHURCHRD43G,WHITE,,NOTHISPANICorNOTLATINO,UNA,UNAFFILIATED,33.0,9142012.0,Age2640,DE172410
ALAMANCE,A,ACTIVE,,JERRYMICHAELBAKERJR,927WHITTEMORERD,WHITE,,NOTHISPANICorNOTLATINO,,,42.0,2082010.0,Age4165,BL238773
ALAMANCE,A,ACTIVE,,JERRYMICHAELBAKERSR,2910BRAMBLEWOODDR,WHITE,,NOTHISPANICorNOTLATINO,UNA,UNAFFILIATED,61.0,1062005.0,Age4165,AA142614
ALAMANCE,A,ACTIVE,,JESSICALYNNBAKER,3235MAPLEAVE,WHITE,,NOTHISPANICorNOTLATINO,REP,REPUBLICAN,38.0,3072012.0,Age2640,BN398892
ALAMANCE,A,ACTIVE,,JILLISAACBAKER,,WHITE,,NOTHISPANICorNOTLATINO,REP,REPUBLICAN,53.0,9101992.0,Age4165,AA83020
ALAMANCE,A,ACTIVE,,JOANNHARRISBAKER,2855HOLYFIELDRD,WHITE,,NOTHISPANICorNOTLATINO,REP,REPUBLICAN,64.0,12042007.0,Age4165,BL286180
ALAMANCE,D,DENIED,,JOHNALFREDBAKER,830SIDEVIEWST,BLACKorAFRICANAMERICAN,,NOTHISPANICorNOTLATINO,,,34.0,9222004.0,Age2640,AA138338
ALAMANCE,A,ACTIVE,,JOHNABNERBAKER,4065BURCHBRIDGERD,WHITE,,NOTHISPANICorNOTLATINO,,,84.0,9121986.0,AgeOver66,AA60370
ALAMANCE,A,ACTIVE,,JOHNNYWILSONBAKER,5272FRIENDSHIPROCKCREEKRD,WHITE,,NOTHISPANICorNOTLATINO,REP,REPUBLICAN,64.0,4011989.0,Age4165,AA69021
ALAMANCE,A,ACTIVE,,JORDANASHLEYBAKER,,WHITE,,NOTHISPANICorNOTLATINO,REP,REPUBLICAN,25.0,1062006.0,Age1825,AA145525
ALAMANCE,A,ACTIVE,,JOSEPHVINCENTBAKER,429FORESTDR,WHITE,,NOTHISPANICorNOTLATINO,REP,REPUBLICAN,,10021992.0,Age4165,AA84781
ALAMANCE,I,INACTIVE,,JOSEPHALLENBAKER,50JENNIFERDR,WHITE,,NOTHISPANICorNOTLATINO,,,52.0,,Age4165,AA103440
ALAMANCE,D,DENIED,,JOSHUAKEITHBAKER,1400ROSLYNDR,WHITE,,NOTHISPANICorNOTLATINO,REP,REPUBLICAN,34.0,11131998.0,Age2640,AA112314
ALAMANCE,A,ACTIVE,,JOSHUAKEITHBAKER,3173SAWMILLDR,WHITE,,NOTHISPANICorNOTLATINO,REP,REPUBLICAN,34.0,1292001.0,Age2640,AA122001
ALAMANCE,A,ACTIVE,,JOYCEGRAYBAKER,309ENGLEMANAVE,WHITE,,NOTHISPANICorNOTLATINO,UNA,UNAFFILIATED,73.0,2231976.0,AgeOver66,
ALAMANCE,R,REMOVED,,JUANITAJUNEBAKER,2409MCKINNEYST,WHITE,,NOTHISPANICorNOTLATINO,,,87.0,3131984.0,AgeOver66,
ALAMANCE,A,ACTIVE,,JUDITHDAVISBAKER,3420GARDENRD,WHITE,,NOTHISPANICorNOTLATINO,REP,REPUBLICAN,67.0,3311988.0,AgeOver66,AA64909
ALAMANCE,A,ACTIVE,,JUDYWILLIAMSBAKER,506DOGGETTDR,WHITE,,NOTHISPANICorNOTLATINO,UNA,UNAFFILIATED,53.0,3171992.0,Age4165,AA80132
ALAMANCE,I,INACTIVE,,JUDYMORRISONBAKER,5272FRIENDSHIPROCKCREEKRD,WHITE,,NOTHISPANICorNOTLATINO,REP,REPUBLICAN,63.0,5081989.0,Age4165,AA69392
ALAMANCE,A,ACTIVE,,KARENDARLENEBAKER,303PEBBLEBEACHDR,WHITE,,NOTHISPANICorNOTLATINO,REP,REPUBLICAN,,9232004.0,Age4165,AA138419
ALAMANCE,A,ACTIVE,,KARENROSEBAKER,3732GREENHILLRD,WHITE,,NOTHISPANICorNOTLATINO,UNA,UNAFFILIATED,,8162010.0,Age4165,AA169408
ALAMANCE,A,ACTIVE,,KATHERINEFRANCESBAKER,210ELEBANONAVE302D,WHITE,UN,UNDESIGNATED,UNA,UNAFFILIATED,19.0,10012012.0,Age1825,AA175912
ALAMANCE,A,ACTIVE,,KATHRYNDIANEBAKER,3678DOELN,WHITE,,NOTHISPANICorNOTLATINO,UNA,UNAFFILIATED,68.0,4242012.0,AgeOver66,AA122880
ALAMANCE,A,ACTIVE,,KATHRYNMETCALFBAKER,,WHITE,,NOTHISPANICorNOTLATINO,REP,REPUBLICAN,32.0,6232010.0,Age2640,AA165824
ALAMANCE,A,ACTIVE,,KATHRYNJEANBAKER,,WHITE,,NOTHISPANICorNOTLATINO,,,,7032002.0,Age4165,AA126780
ALAMANCE,A,ACTIVE,,KATHYCOMPTONBAKER,823GREENWOODDR,WHITE,,NOTHISPANICorNOTLATINO,,,58.0,9291984.0,Age4165,
ALAMANCE,A,ACTIVE,,KELLYELIZABETHBAKER,,WHITE,,NOTHISPANICorNOTLATINO,REP,REPUBLICAN,27.0,12292004.0,Age2640,AA142578
ALAMANCE,I,INACTIVE,,KENNETHNBAKERJR,506EPARKERST602,BLACKorAFRICANAMERICAN,,NOTHISPANICorNOTLATINO,REP,REPUBLICAN,44.0,2072007.0,Age4165,AA148869
ALAMANCE,D,DENIED,,KIMBERLYPAIGEBAKER,2108QUAKERCREEKDR,WHITE,,NOTHISPANICorNOTLATINO,UNA,UNAFFILIATED,18.0,1172012.0,Age1825,AA170089
ALAMANCE,A,ACTIVE,,LARRYCLARKBAKER,928SHARPERD67,BLACKorAFRICANAMERICAN,,NOTHISPANICorNOTLATINO,,,76.0,10081990.0,AgeOver66,AA74534
ALAMANCE,A,ACTIVE,,LATARISHADENISEBAKER,2008SMEBANEST732G,BLACKorAFRICANAMERICAN,,NOTHISPANICorNOTLATINO,,,35.0,10042012.0,Age2640,AA176255
ALAMANCE,A,ACTIVE,,LAWTONERNESTBAKER,1343NSELLARSMILLRD,WHITE,UN,UNDESIGNATED,UNA,UNAFFILIATED,56.0,11272001.0,Age4165,AA124896
ALAMANCE,A,ACTIVE,,LEOMADEWBAKER,2400BAKERSFIELDTRL,WHITE,,NOTHISPANICorNOTLATINO,REP,REPUBLICAN,73.0,,AgeOver66,
ALAMANCE,A,ACTIVE,,,1413NJIMMINORRD,WHITE,,NOTHISPANICorNOTLATINO,UNA,UNAFFILIATED,53.0,12311990.0,Age4165,AA76106
ALAMANCE,A,ACTIVE,,,3317PATRIOTPL,INDIANAMERICANorALASKANATIVE,,NOTHISPANICorNOTLATINO,,,,2161993.0,Age4165,AA86600
ALAMANCE,A,ACTIVE,,,1617MELODYLN,WHITE,,NOTHISPANICorNOTLATINO,REP,REPUBLICAN,61.0,11022012.0,Age4165,DS89572
ALAMANCE,A,ACTIVE,,,620ELMIRAST,BLACKorAFRICANAMERICAN,,NOTHISPANICorNOTLATINO,,,65.0,8251990.0,Age4165,AA72955
ALAMANCE,A,ACTIVE,,,3932SWANNIECOBLERD,WHITE,,NOTHISPANICorNOTLATINO,UNA,UNAFFILIATED,77.0,6211995.0,AgeOver66,AA94486
ALAMANCE,A,ACTIVE,,,403MOBILEMANORRD,WHITE,,NOTHISPANICorNOTLATINO,,,56.0,8081990.0,Age4165,AA72824
ALAMANCE,A,ACTIVE,,,,WHITE,UN,UNDESIGNATED,REP,REPUBLICAN,56.0,10061980.0,Age4165,
ALAMANCE,A,ACTIVE,,,,WHITE,,NOTHISPANICorNOTLATINO,REP,REPUBLICAN,22.0,12142007.0,Age1825,AA151523
ALAMANCE,A,ACTIVE,,,6407WHITNEYRD,WHITE,,NOTHISPANICorNOTLATINO,,,63.0,4051980.0,Age4165,
ALAMANCE,A,ACTIVE,,,,WHITE,,NOTHISPANICorNOTLATINO,REP,REPUBLICAN,20.0,6282010.0,Age1825,AA165826
ALAMANCE,A,ACTIVE,,,2241MILLBROOKDR,WHITE,,NOTHISPANICorNOTLATINO,,,36.0,10081994.0,Age2640,AA91372
ALAMANCE,A,ACTIVE,,,2324TROENDLYSTB,WHITE,,NOTHISPANICorNOTLATINO,REP,REPUBLICAN,28.0,7162002.0,Age2640,AA126938
ALAMANCE,R,REMOVED,,MONCHELLRENEBAKER,300COLLEGESTB,BLACKorAFRICANAMERICAN,,NOTHISPANICorNOTLATINO,,,26.0,5062004.0,Age2640,AA134142
ALAMANCE,A,ACTIVE,,MORGANELIZABETHBAKER,720NGURNEYST,WHITE,UN,UNDESIGNATED,,,22.0,3242008.0,Age1825,AA153302
ALAMANCE,A,ACTIVE,,NANCYKRYSTALBAKER,2319SANDYCROSSRD,WHITE,,NOTHISPANICorNOTLATINO,,,42.0,10061988.0,Age4165,AA68000
ALAMANCE,A,ACTIVE,,NANCYWHITAKERBAKER,813EHAGGARDAVE,WHITE,,NOTHISPANICorNOTLATINO,,,78.0,5121956.0,AgeOver66,
ALAMANCE,A,ACTIVE,,NANCYDODSONBAKER,2618NNCHWY119,WHITE,,NOTHISPANICorNOTLATINO,,,79.0,10081984.0,AgeOver66,AA57739
ALAMANCE,A,ACTIVE,,NORMAJEANBAKER,205ESIXTHST,WHITE,,NOTHISPANICorNOTLATINO,,,71.0,,AgeOver66,AA121132
ALAMANCE,A,ACTIVE,,PATRICEEDWARDSBAKER,921JILLDR,WHITE,UN,UNDESIGNATED,UNA,UNAFFILIATED,25.0,,,AA159550
ALAMANCE,A,ACTIVE,,PATRICIAABAKER,204SSTJOHNST204,BLACKorAFRICANAMERICAN,,NOTHISPANICorNOTLATINO,,,,8272004.0,Age4165,AA136677
ALAMANCE,R,REMOVED,,PATRICKHUGHBAKER,705EDOGWOODDR,BLACKorAFRICANAMERICAN,,NOTHISPANICorNOTLATINO,,,,2162001.0,Age4165,AA122881
ALAMANCE,A,ACTIVE,,PAULRUSSELLBAKER,701NDALECT,WHITE,,NOTHISPANICorNOTLATINO,UNA,UNAFFILIATED,84.0,3131984.0,AgeOver66,
ALAMANCE,R,REMOVED,,PAULINEJOHNSONBAKER,5017BAKERBELLFARMRD,WHITE,,NOTHISPANICorNOTLATINO,REP,REPUBLICAN,86.0,1091979.0,AgeOver66,
ALAMANCE,A,ACTIVE,,PEGGYHARNESSBAKER,2654RIDGEWOODDR,WHITE,,NOTHISPANICorNOTLATINO,REP,REPUBLICAN,75.0,10062000.0,AgeOver66,AA120699
ALAMANCE,A,ACTIVE,,PEGGYANNELILESBAKER,1412TROLLINGWOODRD101,WHITE,,NOTHISPANICorNOTLATINO,UNA,UNAFFILIATED,74.0,9152008.0,AgeOver66,AA156757
ALAMANCE,A,ACTIVE,,RALPHHAROLDBAKERJR,9001KAMINCT,WHITE,,NOTHISPANICorNOTLATINO,,,52.0,10312008.0,Age4165,AX44923
ALAMANCE,A,ACTIVE,,RALPHCURRYBAKER,,WHITE,,NOTHISPANICorNOTLATINO,,,80.0,,AgeOver66,
ALAMANCE,A,ACTIVE,,RAYMONDWILSONBAKER,2055MEADOWLN,WHITE,,NOTHISPANICorNOTLATINO,,,78.0,8051971.0,AgeOver66,
ALAMANCE,A,ACTIVE,,RETHANANDREWBAKER,3057WOODSIDEAVE,WHITE,,NOTHISPANICorNOTLATINO,,,51.0,4091984.0,Age4165,
ALAMANCE,A,ACTIVE,,REYNELLNATHANBAKERJR,5010ADDERRIDGELN,BLACKorAFRICANAMERICAN,,NOTHISPANICorNOTLATINO,UNA,UNAFFILIATED,23.0,2012007.0,,AA148777
ALAMANCE,A,ACTIVE,,RICHARDSAMUELBAKER,,WHITE,,NOTHISPANICorNOTLATINO,,,53.0,10081992.0,Age4165,AA85734
ALAMANCE,I,INACTIVE,,RITAGOFORTHBAKER,2108QUAKERCREEKDR,WHITE,,NOTHISPANICorNOTLATINO,UNA,UNAFFILIATED,42.0,7262005.0,Age4165,AA144171
ALAMANCE,R,REMOVED,,RITAMORICONIBAKER,1434GEORGEBASONRD,WHITE,,NOTHISPANICorNOTLATINO,,,74.0,9221978.0,AgeOver66,
ALAMANCE,A,ACTIVE,,ROBERTBRIANBAKER,,WHITE,,NOTHISPANICorNOTLATINO,REP,REPUBLICAN,34.0,11092005.0,Age2640,AA145271
ALAMANCE,A,ACTIVE,,ROBERTCRAIGBAKER,303PEBBLEBEACHDR,WHITE,,NOTHISPANICorNOTLATINO,REP,REPUBLICAN,52.0,9232004.0,Age4165,AA138422
ALAMANCE,A,ACTIVE,,ROBERTLEEBAKER,620ELMIRAST,BLACKorAFRICANAMERICAN,,NOTHISPANICorNOTLATINO,,,75.0,4172002.0,AgeOver66,AA126160
ALAMANCE,A,ACTIVE,,ROBERTBINNINGFRASEBAKER,6407WHITNEYRD,WHITE,,NOTHISPANICorNOTLATINO,,,66.0,4051980.0,AgeOver66,
ALAMANCE,A,ACTIVE,,ROBINMAHANBAKER,1258JAMESTOWNEDR,BLACKorAFRICANAMERICAN,UN,UNDESIGNATED,,,,11131998.0,Age4165,AA112318
ALAMANCE,A,ACTIVE,,SAMUELBAKER,1776NNCHWY62,BLACKorAFRICANAMERICAN,,NOTHISPANICorNOTLATINO,,,40.0,,Age2640,BY454085
ALAMANCE,R,REMOVED,,SARAHELIZABETHBAKER,6407WHITNEYRD,WHITE,,NOTHISPANICorNOTLATINO,,,32.0,5011998.0,Age2640,AA109986
ALAMANCE,A,ACTIVE,,SHANICASHAVONNBAKER,507TATEAVE,BLACKorAFRICANAMERICAN,,NOTHISPANICorNOTLATINO,,,32.0,9032004.0,Age2640,AA137113
ALAMANCE,A,ACTIVE,,SHARONLEEBAKER,2910BRAMBLEWOODDR,WHITE,,NOTHISPANICorNOTLATINO,,,60.0,8272002.0,Age4165,AA127509
ALAMANCE,A,ACTIVE,,SHAWNCOOKEBAKER,601ORANGEDR,WHITE,,NOTHISPANICorNOTLATINO,,,34.0,9142006.0,Age2640,BY358017
ALAMANCE,A,ACTIVE,,SHIRLEYARNOLDBAKER,3338UNIONRIDGERD,WHITE,,NOTHISPANICorNOTLATINO,,,,5241982.0,Age4165,AA3382
ALAMANCE,A,ACTIVE,,STEPHENWAYNEBAKER,3010WINSTONDR66,WHITE,,NOTHISPANICorNOTLATINO,UNA,UNAFFILIATED,31.0,6022008.0,Age2640,AA154921
ALAMANCE,A,ACTIVE,,STERLINGRAYBAKER,309ENGLEMANAVE,WHITE,UN,UNDESIGNATED,UNA,UNAFFILIATED,77.0,2021976.0,AgeOver66,
ALAMANCE,A,ACTIVE,,TERRYEDMONDSBAKER,2481LYNCHSTORERD,WHITE,,NOTHISPANICorNOTLATINO,REP,REPUBLICAN,54.0,9201996.0,Age4165,AA102079
ALAMANCE,A,ACTIVE,,THOMASWAYNEBAKER,715WILBARD,WHITE,,NOTHISPANICorNOTLATINO,REP,REPUBLICAN,36.0,3311995.0,Age2640,AA93555
ALAMANCE,A,ACTIVE,,TIMOTHYWAYNEBAKER,,WHITE,,NOTHISPANICorNOTLATINO,,,,6182004.0,Age4165,AA134814
ALAMANCE,A,ACTIVE,,TINALOVEBAKER,426HATCHST,BLACKorAFRICANAMERICAN,UN,UNDESIGNATED,,,,7161993.0,Age4165,AA87642
ALAMANCE,A,ACTIVE,,TIQUASHIAAREMIBAKER,4505SJIMMINORRD,UNDESIGNATED,UN,UNDESIGNATED,,,20.0,7252012.0,,AA173655
ALAMANCE,R,REMOVED,,TONYNATHANIELBAKER,235HALLAVE,BLACKorAFRICANAMERICAN,UN,UNDESIGNATED,UNA,UNAFFILIATED,,,Age4165,AA103042
ALAMANCE,A,ACTIVE,,TONYRAYBAKER,1538SOUTHERNHIGHSCHOOLRD9,WHITE,,NOTHISPANICorNOTLATINO,,,44.0,10011992.0,Age4165,AA84783
ALAMANCE,A,ACTIVE,,TRACYGENEBAKER,3244NNCHWY62,WHITE,,NOTHISPANICorNOTLATINO,UNA,UNAFFILIATED,42.0,8261998.0,Age4165,AA111339
ALAMANCE,D,DENIED,,TYYEESTSHEVELLEBAKER,710NCARRST,BLACKorAFRICANAMERICAN,,NOTHISPANICorNOTLATINO,,,25.0,3182009.0,,AA163585
ALAMANCE,A,ACTIVE,,TYYEESTSHEVELLEBAKER,710NCARRSTF,BLACKorAFRICANAMERICAN,UN,UNDESIGNATED,,,25.0,10262012.0,,AA178385
ALAMANCE,A,ACTIVE,,VERNONMICHAELBAKER,823GREENWOODDR,WHITE,,NOTHISPANICorNOTLATINO,,,61.0,9291984.0,Age4165,
ALAMANCE,A,ACTIVE,,VICKIELONGBAKER,1418WWEBBAVE,WHITE,UN,UNDESIGNATED,UNA,UNAFFILIATED,60.0,10072004.0,Age4165,AA139891
ALAMANCE,R,REMOVED,,VIRGINIAMURRAYBAKER,5269FRIENDSHIPROCKCREEKRD,WHITE,,NOTHISPANICorNOTLATINO,REP,REPUBLICAN,87.0,,AgeOver66,
ALAMANCE,R,REMOVED,,WARRENLEEBAKER,813EHAGGARDAVE,WHITE,NL,NOTHISPANICorNOTLATINO,,,80.0,5121956.0,AgeOver66,
ALAMANCE,I,INACTIVE,,WELBONBUSTERBAKER,,BLACKorAFRICANAMERICAN,,NOTHISPANICorNOTLATINO,,,91.0,10081990.0,AgeOver66,AA74535
ALAMANCE,A,ACTIVE,,WILLIAMHUBERTBAKER,2678THAXTONTRL,WHITE,,NOTHISPANICorNOTLATINO,UNA,UNAFFILIATED,,8241993.0,Age4165,AA87888
ALAMANCE,A,ACTIVE,,WILLIAMRONALDBAKER,810COLONIALDR,WHITE,UN,UNDESIGNATED,UNA,UNAFFILIATED,69.0,10251968.0,AgeOver66,
ALAMANCE,R,REMOVED,,WILLIAMGERALDBAKER,1434GEORGEBASONRD,WHITE,,NOTHISPANICorNOTLATINO,,,76.0,9221978.0,AgeOver66,
ALAMANCE,A,ACTIVE,,WILLIAMEUGENEBAKER,3264NNCHWY62,WHITE,,NOTHISPANICorNOTLATINO,,,75.0,9072012.0,AgeOver66,AA174545
ALAMANCE,A,ACTIVE,,WILLIAMSLEEBAKER,1418WWEBBAVE,WHITE,,NOTHISPANICorNOTLATINO,REP,REPUBLICAN,55.0,11181991.0,Age4165,AA78995
ALAMANCE,A,ACTIVE,,WILLIEBAKER,426HATCHST,BLACKorAFRICANAMERICAN,UN,UNDESIGNATED,,,,,Age4165,AA177618
ALAMANCE,I,INACTIVE,,APRILBAKERCOOMBS,801TROLLINGWOODHAWFIELDSRD75,WHITE,,NOTHISPANICorNOTLATINO,UNA,UNAFFILIATED,,9142000.0,Age4165,AA119977
ALAMANCE,A,ACTIVE,,STEPHANIEANNBAKERESPEJO,,WHITE,,NOTHISPANICorNOTLATINO,,DEMOCRATIC,32.0,9182008.0,Age2640,AA156795
ALAMANCE,A,ACTIVE,,FABIOLABALAS,2422SNCHWY119,UNDESIGNATED,HL,HISPANICorLATINO,UNA,UNAFFILIATED,24.0,8262008.0,,AA157237
ALAMANCE,I,INACTIVE,,JAREDCHARLESBALAVENDER,170MANNINGAVE104DC,WHITE,UN,UNDESIGNATED,,DEMOCRATIC,24.0,,,AA159551
ALAMANCE,A,ACTIVE,,ELIZABETHJORDONBALAZS,321WTROLLINGERAVEB3,WHITE,,NOTHISPANICorNOTLATINO,,DEMOCRATIC,22.0,8032011.0,,AA169007
ALAMANCE,A,ACTIVE,,DENALEEBALBACH,7749GARRETTRDA,WHITE,,NOTHISPANICorNOTLATINO,UNA,UNAFFILIATED,44.0,10032000.0,Age4165,AA120829
ALAMANCE,A,ACTIVE,,LEONARDJOSEPHBALBACH,7749GARRETTRD,WHITE,,NOTHISPANICorNOTLATINO,UNA,UNAFFILIATED,,11091995.0,Age4165,AA96195
ALAMANCE,A,ACTIVE,,SYLVIAMCCLAINBALCHIN,2361KNIGHTDALEDR,WHITE,,NOTHISPANICorNOTLATINO,,DEMOCRATIC,74.0,10081988.0,AgeOver66,AA68008
ALAMANCE,A,ACTIVE,,THOMASJOSEPHBALCHIN,2361KNIGHTDALEDR,WHITE,UN,UNDESIGNATED,REP,REPUBLICAN,70.0,10081988.0,AgeOver66,AA68010
ALAMANCE,A,ACTIVE,,HEATHERJBALDASSANO,315WATSONDR,WHITE,,NOTHISPANICorNOTLATINO,UNA,UNAFFILIATED,24.0,11202008.0,,AA162480
ALAMANCE,A,ACTIVE,,JAVIERRAMIREZBALDERAS,2156JAMESBOSWELLRD44,UNDESIGNATED,,NOTHISPANICorNOTLATINO,,DEMOCRATIC,24.0,3142012.0,,AA170942
ALAMANCE,I,INACTIVE,,,302BANKSST,WHITE,,NOTHISPANICorNOTLATINO,,DEMOCRATIC,34.0,2222008.0,Age2640,DE189118
ALAMANCE,A,ACTIVE,,,6208CANECREEKRD,WHITE,,NOTHISPANICorNOTLATINO,LIB,LIBERTARIAN,19.0,1182011.0,,AA167891
ALAMANCE,A,ACTIVE,,DEVONIABALDI,507FOXTONLN,BLACKorAFRICANAMERICAN,UN,UNDESIGNATED,,DEMOCRATIC,39.0,,Age2640,AA176711
ALAMANCE,A,ACTIVE,,NATASHAGBALDREE,514CIRCLEDR,WHITE,,NOTHISPANICorNOTLATINO,REP,REPUBLICAN,,6101996.0,Age4165,AA99983
ALAMANCE,A,ACTIVE,,GRACESEMIERBALDRIDGE,409MANNINGAVE,WHITE,,NOTHISPANICorNOTLATINO,,DEMOCRATIC,21.0,10042012.0,,AA176274
ALAMANCE,A,ACTIVE,,RYANLEEBALDRIDGE,944EHAGGARDAVE,WHITE,,NOTHISPANICorNOTLATINO,UNA,UNAFFILIATED,20.0,,,AA176517
ALAMANCE,I,INACTIVE,,PAULJOHNBALDUCCI,329SMITHDORM,WHITE,UN,UNDESIGNATED,REP,REPUBLICAN,26.0,,Age2640,AA140264
ALAMANCE,A,ACTIVE,,JOSEPHANTHONYBALDUSJR,6941WOODYRIDGERD,WHITE,,NOTHISPANICorNOTLATINO,REP,REPUBLICAN,51.0,5022005.0,Age4165,AA143537
ALAMANCE,A,ACTIVE,,ALEXANDERHUGHBALDWIN,2226WFRONTST,WHITE,,NOTHISPANICorNOTLATINO,UNA,UNAFFILIATED,20.0,2232010.0,,AA165443
ALAMANCE,A,ACTIVE,,ALICEFAYEBALDWIN,431SELLARSSTI,BLACKorAFRICANAMERICAN,UN,UNDESIGNATED,,DEMOCRATIC,69.0,5142012.0,AgeOver66,AA173569
ALAMANCE,A,ACTIVE,,AMBERMARIEBALDWIN,,WHITE,,NOTHISPANICorNOTLATINO,UNA,UNAFFILIATED,24.0,7152008.0,,AA148077
ALAMANCE,A,ACTIVE,,ANGELADELORESBALDWIN,,BLACKorAFRICANAMERICAN,UN,UNDESIGNATED,,DEMOCRATIC,43.0,5292012.0,Age4165,AA172606
ALAMANCE,R,REMOVED,,ANGELADOLORESBALDWIN,904OAKLEYST,BLACKorAFRICANAMERICAN,,NOTHISPANICorNOTLATINO,,DEMOCRATIC,43.0,3261991.0,Age4165,AA76954
ALAMANCE,A,ACTIVE,,ANITAMARIEBALDWIN,701TROLLINGERRD,BLACKorAFRICANAMERICAN,,NOTHISPANICorNOTLATINO,,DEMOCRATIC,55.0,2141980.0,Age4165,
ALAMANCE,A,ACTIVE,,ANNEMAISHBALDWIN,3809ASBURYCT,WHITE,,NOTHISPANICorNOTLATINO,,DEMOCRATIC,85.0,3222007.0,AgeOver66,CL13146
ALAMANCE,A,ACTIVE,,ANTHONYGEROMEBALDWIN,1514SMEBANESTH,UNDESIGNATED,UN,UNDESIGNATED,,DEMOCRATIC,22.0,9212012.0,,AA175383
ALAMANCE,A,ACTIVE,,ARLISHALENOREBALDWIN,322WILLOWBROOKCT,UNDESIGNATED,UN,UNDESIGNATED,,DEMOCRATIC,33.0,6122012.0,Age2640,AA172810
ALAMANCE,A,ACTIVE,,ARNOLDGORDONBALDWINJR,,WHITE,UN,UNDESIGNATED,REP,REPUBLICAN,51.0,,Age4165,AA176646
ALAMANCE,R,REMOVED,,ARNOLDGORDONBALDWIN,904DURHAMST,WHITE,UN,UNDESIGNATED,UNA,UNAFFILIATED,82.0,10081984.0,AgeOver66,AA57744
ALAMANCE,A,ACTIVE,,AVYDALLENBALDWIN,1801LYNWOODDR,BLACKorAFRICANAMERICAN,,NOTHISPANICorNOTLATINO,UNA,UNAFFILIATED,25.0,2252008.0,,AA152460
ALAMANCE,A,ACTIVE,,AVYDALLENBALDWIN,1801LYNWOODDR,BLACKorAFRICANAMERICAN,,NOTHISPANICorNOTLATINO,,DEMOCRATIC,51.0,,Age4165,AA121269
ALAMANCE,A,ACTIVE,,AYOKAGERSHONBALDWIN,214GRAPHITEDR,BLACKorAFRICANAMERICAN,,NOTHISPANICorNOTLATINO,,DEMOCRATIC,25.0,2282011.0,,BB80256
ALAMANCE,A,ACTIVE,,BARRYBALDWIN,422ENOCHST,BLACKorAFRICANAMERICAN,UN,UNDESIGNATED,,DEMOCRATIC,51.0,11022004.0,Age4165,AA141443
ALAMANCE,A,ACTIVE,,BELINDAGRAYBALDWIN,406RAUHUTST,BLACKorAFRICANAMERICAN,,NOTHISPANICorNOTLATINO,,DEMOCRATIC,,3151984.0,Age4165,
ALAMANCE,A,ACTIVE,,BENROSEBALDWIN,632GUNNST,BLACKorAFRICANAMERICAN,,NOTHISPANICorNOTLATINO,,DEMOCRATIC,82.0,10051990.0,AgeOver66,AA74537
ALAMANCE,A,ACTIVE,,BETSYSHUMWAYBALDWIN,1880BROOKWOODAVE312,WHITE,,NOTHISPANICorNOTLATINO,REP,REPUBLICAN,84.0,7161976.0,AgeOver66,
ALAMANCE,A,ACTIVE,,BETTYJEANBALDWIN,422ENOCHST,BLACKorAFRICANAMERICAN,,NOTHISPANICorNOTLATINO,,DEMOCRATIC,69.0,8171992.0,AgeOver66,AA82884
ALAMANCE,A,ACTIVE,,BEVERLYLAVERNEBALDWIN,,BLACKorAFRICANAMERICAN,,NOTHISPANICorNOTLATINO,,DEMOCRATIC,,9222000.0,Age4165,AA120120
ALAMANCE,A,ACTIVE,,BILLIEJOEBALDWIN,,BLACKorAFRICANAMERICAN,,NOTHISPANICorNOTLATINO,,DEMOCRATIC,65.0,9152010.0,Age4165,DN124018
ALAMANCE,A,ACTIVE,,BILLYRAYBALDWIN,,BLACKorAFRICANAMERICAN,,NOTHISPANICorNOTLATINO,REP,REPUBLICAN,56.0,11091994.0,Age4165,AA92098
ALAMANCE,A,ACTIVE,,BLANNIELEEBALDWIN,,BLACKorAFRICANAMERICAN,,NOTHISPANICorNOTLATINO,,DEMOCRATIC,78.0,3071991.0,AgeOver66,AA76870
ALAMANCE,A,ACTIVE,,BOBBYEARLBALDWIN,1620DHUFFMANMILLRD,WHITE,,NOTHISPANICorNOTLATINO,REP,REPUBLICAN,65.0,1201986.0,Age4165,AA59412
ALAMANCE,A,ACTIVE,,BRUCEROBINSONBALDWIN,20CATESCIRCLEDRC,BLACKorAFRICANAMERICAN,UN,UNDESIGNATED,,DEMOCRATIC,85.0,10012008.0,AgeOver66,AA158452
ALAMANCE,A,ACTIVE,,CAITLINMARIEBALDWIN,3005ALAMANCERD,WHITE,,NOTHISPANICorNOTLATINO,REP,REPUBLICAN,22.0,,,AA177123
ALAMANCE,A,ACTIVE,,CALEBBURKEBALDWIN,3005ALAMANCERD,WHITE,,NOTHISPANICorNOTLATINO,REP,REPUBLICAN,24.0,,,CW727658
ALAMANCE,A,ACTIVE,,CARLOSBALDWIN,8102BIRDDOGDR,BLACKorAFRICANAMERICAN,,NOTHISPANICorNOTLATINO,,DEMOCRATIC,30.0,9212004.0,Age2640,AA138045
ALAMANCE,A,ACTIVE,,CASSANDRACORBETTBALDWIN,1801LYNWOODDR,BLACKorAFRICANAMERICAN,,NOTHISPANICorNOTLATINO,,DEMOCRATIC,,3071980.0,Age4165,AA11077
ALAMANCE,A,ACTIVE,,CATHYSTALEYBALDWIN,2339VENIEST,WHITE,,NOTHISPANICorNOTLATINO,REP,REPUBLICAN,59.0,8131971.0,Age4165,
ALAMANCE,R,REMOVED,,CHARLESLEWISBALDWIN,1710ELDERWAY,,UN,UNDESIGNATED,REP,REPUBLICAN,62.0,6252004.0,Age4165,AA135016
ALAMANCE,A,ACTIVE,,CHERYLCOLLINSBALDWIN,309NMELVILLEST,BLACKorAFRICANAMERICAN,,NOTHISPANICorNOTLATINO,,DEMOCRATIC,,10011988.0,Age4165,AA66762
ALAMANCE,A,ACTIVE,,CLARABELLBALDWIN,,BLACKorAFRICANAMERICAN,,NOTHISPANICorNOTLATINO,,DEMOCRATIC,83.0,,AgeOver66,AA161529
ALAMANCE,I,INACTIVE,,CLARISTEENEVANSBALDWIN,419EHILLSTQ,BLACKorAFRICANAMERICAN,,NOTHISPANICorNOTLATINO,,DEMOCRATIC,57.0,9221992.0,Age4165,AA83250
ALAMANCE,A,ACTIVE,,CLEATUSHAYWOODBALDWINJR,607NMAINST,BLACKorAFRICANAMERICAN,UN,UNDESIGNATED,,DEMOCRATIC,62.0,9102004.0,Age4165,AA137293
ALAMANCE,R,REMOVED,,CLEATUSHAYWOODBALDWIN,3149BRAGGTRL,BLACKorAFRICANAMERICAN,UN,UNDESIGNATED,,DEMOCRATIC,85.0,10041980.0,AgeOver66,
ALAMANCE,A,ACTIVE,,CLYDEWILLIAMBALDWIN,414ENOCHST,BLACKorAFRICANAMERICAN,,NOTHISPANICorNOTLATINO,,DEMOCRATIC,82.0,10041986.0,AgeOver66,AA61190
ALAMANCE,A,ACTIVE,,CORLEYMARISSABALDWIN,,,,NOTHISPANICorNOTLATINO,UNA,UNAFFILIATED,30.0,,Age2640,AA120876
ALAMANCE,A,ACTIVE,,COURTNEYDEEBALDWIN,8342SNCHWY49,UNDESIGNATED,UN,UNDESIGNATED,,DEMOCRATIC,30.0,7252012.0,Age2640,AA173658
ALAMANCE,I,INACTIVE,,CRISTALESHAWNEBALDWIN,419EHILLSTQ,BLACKorAFRICANAMERICAN,,NOTHISPANICorNOTLATINO,,DEMOCRATIC,37.0,3231994.0,Age2640,AA89449
ALAMANCE,A,ACTIVE,,CRYSTALMONTRICEBALDWIN,,BLACKorAFRICANAMERICAN,UN,UNDESIGNATED,,DEMOCRATIC,27.0,1122004.0,Age2640,AA132641
ALAMANCE,A,ACTIVE,,CRYSTALYIBALDWIN,716SBROADST,TWOorMORERACES,,NOTHISPANICorNOTLATINO,,DEMOCRATIC,26.0,10242008.0,Age2640,AA162291
ALAMANCE,A,ACTIVE,,CURTISEUGENEBALDWIN,2454MELFIELDDR,BLACKorAFRICANAMERICAN,,NOTHISPANICorNOTLATINO,REP,REPUBLICAN,,4151998.0,Age4165,AA109987
ALAMANCE,A,ACTIVE,,DANIELLEELAINEBALDWIN,2800QUAKERCREEKDR2801,BLACKorAFRICANAMERICAN,NL,NOTHISPANICorNOTLATINO,UNA,UNAFFILIATED,37.0,5091996.0,Age2640,AA99242
ALAMANCE,A,ACTIVE,,DANNYRAYBALDWIN,1528SMEBANEST,BLACKorAFRICANAMERICAN,NL,NOTHISPANICorNOTLATINO,REP,REPUBLICAN,54.0,5311995.0,Age4165,AA94270
ALAMANCE,R,REMOVED,,DARLENENICKERSONBALDWIN,2307PENNSYLVANIAAVE,BLACKorAFRICANAMERICAN,NL,NOTHISPANICorNOTLATINO,REP,REPUBLICAN,69.0,6131996.0,AgeOver66,AA99984
ALAMANCE,A,ACTIVE,,DAVIDLEEBALDWIN,,BLACKorAFRICANAMERICAN,NL,NOTHISPANICorNOTLATINO,,DEMOCRATIC,52.0,10062006.0,Age4165,AA147974
ALAMANCE,A,ACTIVE,,DAWNMARIEBALDWIN,1357BRONZEROSECT,BLACKorAFRICANAMERICAN,NL,NOTHISPANICorNOTLATINO,UNA,UNAFFILIATED,37.0,10032000.0,Age2640,AA120554
ALAMANCE,A,ACTIVE,,DEBORAHELAINEBALDWIN,1711WHITSETTSTB7,BLACKorAFRICANAMERICAN,NL,NOTHISPANICorNOTLATINO,,DEMOCRATIC,53.0,5012008.0,Age4165,AA154694
ALAMANCE,A,ACTIVE,,DEBORAHSHERONBALDWIN,414COLLEGEST,BLACKorAFRICANAMERICAN,NL,NOTHISPANICorNOTLATINO,,DEMOCRATIC,50.0,8181992.0,Age4165,AA82467
ALAMANCE,A,ACTIVE,,DEBRAALSTONBALDWIN,2451MORANSTF,BLACKorAFRICANAMERICAN,NL,NOTHISPANICorNOTLATINO,REP,REPUBLICAN,57.0,10081990.0,Age4165,AA74683
ALAMANCE,I,INACTIVE,,DEBREHOLMANBALDWIN,,BLACKorAFRICANAMERICAN,NL,NOTHISPANICorNOTLATINO,,DEMOCRATIC,63.0,5081995.0,Age4165,AA93966
ALAMANCE,A,ACTIVE,,DELINDALONGBALDWIN,2015HOLLANDAVE,BLACKorAFRICANAMERICAN,NL,NOTHISPANICorNOTLATINO,,DEMOCRATIC,,11302006.0,Age4165,BY267615
ALAMANCE,A,ACTIVE,,DONBALDWIN,,BLACKorAFRICANAMERICAN,NL,NOTHISPANICorNOTLATINO,,DEMOCRATIC,37.0,4111994.0,Age2640,AA89636
ALAMANCE,A,ACTIVE,,DOROTHYMAEPRICEBALDWIN,,BLACKorAFRICANAMERICAN,UN,UNDESIGNATED,,DEMOCRATIC,82.0,3151994.0,AgeOver66,AA89490
ALAMANCE,A,ACTIVE,,DWAYNEANTHONYBALDWIN,409COLLEGEST,BLACKorAFRICANAMERICAN,UN,UNDESIGNATED,,DEMOCRATIC,53.0,9131996.0,Age4165,AA101915
ALAMANCE,A,ACTIVE,,DWIGHTTAYLORBALDWIN,2700CULBERSONLN2,BLACKorAFRICANAMERICAN,NL,NOTHISPANICorNOTLATINO,,DEMOCRATIC,51.0,,Age4165,AA104509
ALAMANCE,R,REMOVED,,EBBIESTEPHENSBALDWIN,2228SUNNYBROOKDR,,NL,NOTHISPANICorNOTLATINO,REP,REPUBLICAN,91.0,4201968.0,AgeOver66,
ALAMANCE,A,ACTIVE,,EDWARDLEROYBALDWIN,606BROOKFIELDDR,,NL,NOTHISPANICorNOTLATINO,REP,REPUBLICAN,54.0,2111998.0,Age4165,AA109138
ALAMANCE,A,ACTIVE,,EDWARDDOYLEBALDWIN,138MONTREELN,,NL,NOTHISPANICorNOTLATINO,REP,REPUBLICAN,70.0,2172010.0,AgeOver66,AA165416
ALAMANCE,R,REMOVED,,EDWINGUISEBALDWIN,240VILLAGECT,,NL,NOTHISPANICorNOTLATINO,REP,REPUBLICAN,89.0,7161976.0,AgeOver66,
ALAMANCE,A,ACTIVE,,EDWINASBALDWIN,1503WDAVISST,,UN,UNDESIGNATED,REP,REPUBLICAN,58.0,7131994.0,Age4165,AA90589
ALAMANCE,R,REMOVED,,EULAHENSLEYBALDWIN,905PLAIDST,,NL,NOTHISPANICorNOTLATINO,,DEMOCRATIC,84.0,4201968.0,AgeOver66,
ALAMANCE,R,REMOVED,,EULARIAROBINSONBALDWIN,3801WADECOBLEDR,BLACKorAFRICANAMERICAN,NL,NOTHISPANICorNOTLATINO,,DEMOCRATIC,95.0,2281948.0,AgeOver66,
ALAMANCE,A,ACTIVE,,EVILEABALDWIN,3615SMEBANEST,,NL,NOTHISPANICorNOTLATINO,,DEMOCRATIC,80.0,,AgeOver66,AA121065
ALAMANCE,A,ACTIVE,,FRANKREIDBALDWIN,1007CAMDENST,BLACKorAFRICANAMERICAN,NL,NOTHISPANICorNOTLATINO,,DEMOCRATIC,84.0,9251992.0,AgeOver66,AA84785
ALAMANCE,A,ACTIVE,,FRIECKACHAPPLEBALDWIN,614WWHITSETTST,BLACKorAFRICANAMERICAN,UN,UNDESIGNATED,,DEMOCRATIC,36.0,11171995.0,Age2640,AA96198
ALAMANCE,A,ACTIVE,,GABRIELLELAVINIABALDWIN,2714EVERGREENLN,OTHER,NL,NOTHISPANICorNOTLATINO,UNA,UNAFFILIATED,18.0,6012012.0,Age1825,AA172253
ALAMANCE,A,ACTIVE,,GEORGIALEIGHBALDWIN,2226WFRONTST,,NL,NOTHISPANICorNOTLATINO,,DEMOCRATIC,51.0,5281998.0,Age4165,AA110411
ALAMANCE,R,REMOVED,,GLADYSPOOLEBALDWIN,,,UN,UNDESIGNATED,,DEMOCRATIC,85.0,10041982.0,AgeOver66,
ALAMANCE,A,ACTIVE,,GLENDAFAYEBALDWIN,5434LINDLEYMILLRD,BLACKorAFRICANAMERICAN,NL,NOTHISPANICorNOTLATINO,,DEMOCRATIC,50.0,8261991.0,Age4165,AA78172
ALAMANCE,A,ACTIVE,,GORDONHUNTERBALDWINJR,2805SURICHDR,,NL,NOTHISPANICorNOTLATINO,,DEMOCRATIC,85.0,5141960.0,AgeOver66,
ALAMANCE,A,ACTIVE,,GRACEMAYNARDBALDWIN,304OAKGROVEDR,BLACKorAFRICANAMERICAN,NL,NOTHISPANICorNOTLATINO,,DEMOCRATIC,64.0,1151972.0,Age4165,
ALAMANCE,A,ACTIVE,,GRADYJUNIORBALDWINJR,801BENTLEYLN,BLACKorAFRICANAMERICAN,NL,NOTHISPANICorNOTLATINO,UNA,UNAFFILIATED,44.0,9051996.0,Age4165,AA101921
ALAMANCE,A,ACTIVE,,HAROLDTHOMASBALDWIN,2228SUNNYBROOKDR,,NL,NOTHISPANICorNOTLATINO,REP,REPUBLICAN,92.0,4201968.0,AgeOver66,
ALAMANCE,A,ACTIVE,,HEATHERHOWEBALDWIN,3178OSCARBAILEYRD,,NL,NOTHISPANICorNOTLATINO,REP,REPUBLICAN,38.0,2281992.0,Age2640,AA79992
ALAMANCE,A,ACTIVE,,IRISVANESSABALDWIN,914ROSENWALDST,BLACKorAFRICANAMERICAN,UN,UNDESIGNATED,,DEMOCRATIC,54.0,8282008.0,Age4165,AA156528
ALAMANCE,A,ACTIVE,,JACK(NMN)BALDWIN,2940CORBETTRD,BLACKorAFRICANAMERICAN,NL,NOTHISPANICorNOTLATINO,,DEMOCRATIC,64.0,10062000.0,Age4165,AA120701
ALAMANCE,A,ACTIVE,,JACQUELINE(NMN)BALDWIN,414COLLEGEST,,NL,NOTHISPANICorNOTLATINO,,DEMOCRATIC,72.0,10241964.0,AgeOver66,
ALAMANCE,A,ACTIVE,,JAMESJUNIORBALDWIN,,BLACKorAFRICANAMERICAN,NL,NOTHISPANICorNOTLATINO,,DEMOCRATIC,90.0,10041980.0,AgeOver66,
ALAMANCE,A,ACTIVE,,JAMESARTHURBALDWIN,509NORTHST,BLACKorAFRICANAMERICAN,NL,NOTHISPANICorNOTLATINO,,DEMOCRATIC,78.0,11151990.0,AgeOver66,AA75925
ALAMANCE,A,ACTIVE,,JAMESMALCOLMBALDWIN,1620HUFFMANMILLRDD,,NL,NOTHISPANICorNOTLATINO,REP,REPUBLICAN,41.0,2191990.0,Age4165,AA70551
ALAMANCE,A,ACTIVE,,JAMESERICBALDWIN,2235NNCHWY8784,,UN,UNDESIGNATED,UNA,UNAFFILIATED,,5312007.0,Age4165,AT19036
ALAMANCE,A,ACTIVE,,JAMESARTHURBALDWINJR,212COLLEGESTA,BLACKorAFRICANAMERICAN,UN,UNDESIGNATED,,DEMOCRATIC,57.0,7232012.0,Age4165,AA173659
ALAMANCE,A,ACTIVE,,JAMIEPATTISHALLBALDWIN,,,NL,NOTHISPANICorNOTLATINO,REP,REPUBLICAN,50.0,,Age4165,AA150653
ALAMANCE,A,ACTIVE,,JAMIEMONTRELBALDWIN,,UNDESIGNATED,UN,UNDESIGNATED,UNA,UNAFFILIATED,38.0,11042008.0,Age2640,AA162838
ALAMANCE,R,REMOVED,,JANEKEARNEYBALDWIN,224ESUMMERBELLAVE,,,NOTHISPANICorNOTLATINO,,DEMOCRATIC,75.0,9211990.0,AgeOver66,AA73559
ALAMANCE,A,ACTIVE,,JEFFERYLYNNBALDWIN,2226WFRONTST,,,NOTHISPANICorNOTLATINO,REP,REPUBLICAN,,5261998.0,Age4165,AA110412
ALAMANCE,A,ACTIVE,,JERRYMICHAELBALDWIN,,BLACKorAFRICANAMERICAN,,NOTHISPANICorNOTLATINO,,DEMOCRATIC,61.0,4091984.0,Age4165,
ALAMANCE,A,ACTIVE,,JESSICAMBALDWIN,1309RAINEYST,BLACKorAFRICANAMERICAN,UN,UNDESIGNATED,,DEMOCRATIC,,9301992.0,Age4165,AA83466
ALAMANCE,I,INACTIVE,,JESSICALYNNEBALDWIN,,BLACKorAFRICANAMERICAN,,NOTHISPANICorNOTLATINO,,DEMOCRATIC,24.0,,Age1825,AA150654
ALAMANCE,A,ACTIVE,,JOSHUADALEBALDWIN,2515EGREENSBOROCHAPELHILLRD,INDIANAMERICANorALASKANATIVE,,NOTHISPANICorNOTLATINO,UNA,UNAFFILIATED,23.0,10312008.0,,AA162298
ALAMANCE,A,ACTIVE,,JOSHUAANTONIOBALDWIN,310SMELVILLEST,BLACKorAFRICANAMERICAN,,NOTHISPANICorNOTLATINO,,DEMOCRATIC,28.0,2042004.0,Age2640,AA132853
ALAMANCE,R,REMOVED,,JOSIELEEBALDWIN,134WCRESCENTSQUAREDRG,BLACKorAFRICANAMERICAN,,NOTHISPANICorNOTLATINO,,DEMOCRATIC,79.0,1182005.0,AgeOver66,AA142742
ALAMANCE,A,ACTIVE,,JULIEANNBALDWIN,,BLACKorAFRICANAMERICAN,,NOTHISPANICorNOTLATINO,,DEMOCRATIC,32.0,10042008.0,Age2640,AA161658
ALAMANCE,I,INACTIVE,,JUSTINELEEBALDWIN,,BLACKorAFRICANAMERICAN,UN,UNDESIGNATED,,DEMOCRATIC,22.0,11052008.0,,AA162578
ALAMANCE,R,REMOVED,,KARENRUTHBALDWIN,,,,NOTHISPANICorNOTLATINO,,DEMOCRATIC,50.0,7101998.0,Age4165,AA110556
ALAMANCE,A,ACTIVE,,KELLYMARIEBALDWIN,2833SNCHWY8746,,,NOTHISPANICorNOTLATINO,UNA,UNAFFILIATED,38.0,3231992.0,Age2640,AA80585
ALAMANCE,A,ACTIVE,,KENNETHWILSONBALDWIN,2212QUAILDR,,UN,UNDESIGNATED,,DEMOCRATIC,68.0,,AgeOver66,AA140257
ALAMANCE,R,REMOVED,,KRISTYMICHELEBALDWIN,616TEXASAVE,BLACKorAFRICANAMERICAN,,NOTHISPANICorNOTLATINO,,DEMOCRATIC,40.0,10081996.0,Age2640,AA102826
ALAMANCE,A,ACTIVE,,LAKEISHANICOLEBALDWIN,1249APPLEST,BLACKorAFRICANAMERICAN,UN,UNDESIGNATED,,DEMOCRATIC,28.0,12132003.0,Age2640,AA132342
ALAMANCE,A,ACTIVE,,LARRYBALDWIN,503HAWFIELDRD,BLACKorAFRICANAMERICAN,UN,UNDESIGNATED,UNA,UNAFFILIATED,36.0,9052008.0,Age2640,AA156783
ALAMANCE,A,ACTIVE,,LARRYDONNELLBALDWIN,304OAKGROVEDR,BLACKorAFRICANAMERICAN,,NOTHISPANICorNOTLATINO,,DEMOCRATIC,33.0,3111997.0,Age2640,AA105722
ALAMANCE,A,ACTIVE,,LARRYLEEBALDWIN,2629CULBERSONLN,BLACKorAFRICANAMERICAN,,NOTHISPANICorNOTLATINO,,DEMOCRATIC,65.0,1241972.0,Age4165,
ALAMANCE,A,ACTIVE,,LATASHAKENZIBALDWIN,667BHHARVEYTRLH,BLACKorAFRICANAMERICAN,UN,UNDESIGNATED,,DEMOCRATIC,23.0,,,AA159575
ALAMANCE,A,ACTIVE,,LATISHAPOOLEBALDWIN,3313SNCHWY1195,BLACKorAFRICANAMERICAN,,NOTHISPANICorNOTLATINO,,DEMOCRATIC,36.0,3231994.0,Age2640,AA89690
ALAMANCE,A,ACTIVE,,LAURIEMCCASKILLBALDWIN,606BROOKFIELDDR,,,NOTHISPANICorNOTLATINO,REP,REPUBLICAN,,5141996.0,Age4165,AA99383
ALAMANCE,A,ACTIVE,,LINDAJEANETTEBALDWIN,506EPARKERST304,BLACKorAFRICANAMERICAN,,NOTHISPANICorNOTLATINO,,DEMOCRATIC,59.0,2071997.0,Age4165,AA105418
ALAMANCE,A,ACTIVE,,LINDAMARIEBALDWIN,419NFIFTHST,BLACKorAFRICANAMERICAN,,NOTHISPANICorNOTLATINO,,DEMOCRATIC,42.0,1062004.0,Age4165,AA132877
ALAMANCE,A,ACTIVE,,LINDALOUBALDWIN,138MONTREELN,,UN,UNDESIGNATED,REP,REPUBLICAN,66.0,3082012.0,AgeOver66,AA170582
ALAMANCE,A,ACTIVE,,,6567BEALERD,,NL,NOTHISPANICorNOTLATINO,,DEMOCRATIC,30.0,10302008.0,Age2640,AA162121
ALAMANCE,A,ACTIVE,,,2629CULBERSONLN,BLACKorAFRICANAMERICAN,,NOTHISPANICorNOTLATINO,,DEMOCRATIC,51.0,9181983.0,Age4165,
ALAMANCE,A,ACTIVE,,,2248MELFIELDDR,BLACKorAFRICANAMERICAN,UN,UNDESIGNATED,,DEMOCRATIC,56.0,,Age4165,AA176952
ALAMANCE,A,ACTIVE,,,203SMITHST,UNDESIGNATED,UN,UNDESIGNATED,UNA,UNAFFILIATED,33.0,11121998.0,Age2640,AA112323
ALAMANCE,A,ACTIVE,,,,BLACKorAFRICANAMERICAN,UN,UNDESIGNATED,,DEMOCRATIC,22.0,4072008.0,,AA153754
ALAMANCE,A,ACTIVE,,,716SBROADST,OTHER,,NOTHISPANICorNOTLATINO,,DEMOCRATIC,25.0,11162007.0,,AA151241
ALAMANCE,A,ACTIVE,,,323BALDWINRD,BLACKorAFRICANAMERICAN,,NOTHISPANICorNOTLATINO,,DEMOCRATIC,63.0,10011990.0,Age4165,AA73897
ALAMANCE,A,ACTIVE,,,414ENOCHST,BLACKorAFRICANAMERICAN,,NOTHISPANICorNOTLATINO,,DEMOCRATIC,69.0,10041976.0,AgeOver66,
ALAMANCE,A,ACTIVE,,,1007CAMDENST,BLACKorAFRICANAMERICAN,,NOTHISPANICorNOTLATINO,,DEMOCRATIC,79.0,10041976.0,AgeOver66,
ALAMANCE,A,ACTIVE,,,209COLUMBIAAVE,BLACKorAFRICANAMERICAN,UN,UNDESIGNATED,,DEMOCRATIC,72.0,10012004.0,AgeOver66,AA139322
ALAMANCE,I,INACTIVE,,,,UNDESIGNATED,UN,UNDESIGNATED,UNA,UNAFFILIATED,55.0,10062008.0,Age4165,AA159291
ALAMANCE,A,ACTIVE,,,3001HERITAGELN,,UN,UNDESIGNATED,UNA,UNAFFILIATED,50.0,1152008.0,Age4165,BY9777
ALAMANCE,A,ACTIVE,,MONICANEWMANBALDWIN,3001HERITAGELN,,,NOTHISPANICorNOTLATINO,UNA,UNAFFILIATED,,1152008.0,Age4165,BY248097
ALAMANCE,A,ACTIVE,,MORDECAICLARENCEBALDWIN,5908THOMPSONMILLRD,,,NOTHISPANICorNOTLATINO,REP,REPUBLICAN,58.0,,Age4165,AA78754
ALAMANCE,A,ACTIVE,,MORDECIACLARENCEBALDWINJR,5908THOMPSONMILLRD,,,NOTHISPANICorNOTLATINO,REP,REPUBLICAN,30.0,8252006.0,Age2640,AA147281
ALAMANCE,A,ACTIVE,,NANCYMOSSBALDWIN,2212QUAILDR,,UN,UNDESIGNATED,,DEMOCRATIC,64.0,10082004.0,Age4165,AA140260
ALAMANCE,A,ACTIVE,,NATALIENELLBALDWIN,2225DELANEYDRSTE311,,,NOTHISPANICorNOTLATINO,UNA,UNAFFILIATED,24.0,8172010.0,,AA154042
ALAMANCE,A,ACTIVE,,NATHANIELAARONBALDWIN,2235NNCHWY87,,,NOTHISPANICorNOTLATINO,REP,REPUBLICAN,20.0,3102011.0,,AA169809
ALAMANCE,A,ACTIVE,,PATESAELAINABALDWIN,706HUFFMANMILLRDD10,BLACKorAFRICANAMERICAN,UN,UNDESIGNATED,,DEMOCRATIC,24.0,,,AA159756
ALAMANCE,A,ACTIVE,,PATRICESHARPEBALDWIN,1620DHUFFMANMILLRD,,NL,NOTHISPANICorNOTLATINO,REP,REPUBLICAN,60.0,1111979.0,Age4165,
ALAMANCE,A,ACTIVE,,PATRICIADOBSONBALDWIN,509NORTHST,BLACKorAFRICANAMERICAN,NL,NOTHISPANICorNOTLATINO,,DEMOCRATIC,67.0,10061996.0,AgeOver66,AA102836
ALAMANCE,A,ACTIVE,,PATRICIAANNBALDWIN,420GREENST,,NL,NOTHISPANICorNOTLATINO,,DEMOCRATIC,40.0,12112009.0,Age2640,AA165122
ALAMANCE,A,ACTIVE,,PATTYSTOUTBALDWIN,2805SURICHDR,,NL,NOTHISPANICorNOTLATINO,,DEMOCRATIC,78.0,5141960.0,AgeOver66,
ALAMANCE,A,ACTIVE,,PAULHENRYBALDWIN,2572CULBERSONLN,BLACKorAFRICANAMERICAN,NL,NOTHISPANICorNOTLATINO,,DEMOCRATIC,66.0,3182005.0,AgeOver66,AA143223
ALAMANCE,A,ACTIVE,,PAULWOFFORDBALDWIN,1302WESTMORELANDDR,UNDESIGNATED,UN,UNDESIGNATED,,DEMOCRATIC,53.0,6192012.0,Age4165,AA173412
ALAMANCE,A,ACTIVE,,RAMZIEDONNELLBALDWIN,517KERNODLEDR517,BLACKorAFRICANAMERICAN,NL,NOTHISPANICorNOTLATINO,,DEMOCRATIC,,10272012.0,Age4165,AA178409
ALAMANCE,D,DENIED,,RAMZIEDONNELLBALDWIN,904OAKLEYST,BLACKorAFRICANAMERICAN,NL,NOTHISPANICorNOTLATINO,,DEMOCRATIC,,,Age4165,AA163084
ALAMANCE,A,ACTIVE,,ROBERTFBALDWIN,419NFIFTHST,BLACKorAFRICANAMERICAN,NL,NOTHISPANICorNOTLATINO,,DEMOCRATIC,,10052004.0,Age4165,AA139642
ALAMANCE,A,ACTIVE,,ROBERTDEANBALDWIN,2315WFRONTST,BLACKorAFRICANAMERICAN,UN,UNDESIGNATED,,DEMOCRATIC,,4091984.0,Age4165,
ALAMANCE,A,ACTIVE,,ROBERTEDWARDBALDWIN,3313SNCHWY1195,BLACKorAFRICANAMERICAN,UN,UNDESIGNATED,,DEMOCRATIC,36.0,4132012.0,Age2640,AA171423
ALAMANCE,A,ACTIVE,,RODNEYLEEBALDWIN,,,NL,NOTHISPANICorNOTLATINO,,DEMOCRATIC,60.0,,Age4165,AA167199
ALAMANCE,A,ACTIVE,,ROGERDEANBALDWIN,246GRAVESRD,,NL,NOTHISPANICorNOTLATINO,REP,REPUBLICAN,51.0,10071988.0,Age4165,AA68015
ALAMANCE,A,ACTIVE,,ROSEMARYBALDWIN,,BLACKorAFRICANAMERICAN,NL,NOTHISPANICorNOTLATINO,,DEMOCRATIC,53.0,,Age4165,AA95799
ALAMANCE,A,ACTIVE,,RUBYSHARONBALDWIN,2235NNCHWY8784,,NL,NOTHISPANICorNOTLATINO,REP,REPUBLICAN,,9252007.0,Age4165,AT21537
ALAMANCE,A,ACTIVE,,SANDRAKAYBALDWIN,5908THOMPSONMILLRD,,NL,NOTHISPANICorNOTLATINO,REP,REPUBLICAN,56.0,11172000.0,Age4165,AA122003
ALAMANCE,A,ACTIVE,,SHARONANNBALDWIN,430NMAINST,UNDESIGNATED,UN,UNDESIGNATED,,DEMOCRATIC,42.0,10052004.0,Age4165,AA139892
ALAMANCE,A,ACTIVE,,SHERRYMAEBALDWIN,5908ATHOMPSONMILLRD,,NL,NOTHISPANICorNOTLATINO,UNA,UNAFFILIATED,37.0,9141999.0,Age2640,AA115394
ALAMANCE,A,ACTIVE,,STEPHANIEANDERSONBALDWIN,1362HUGHESMILLRD11,BLACKorAFRICANAMERICAN,NL,NOTHISPANICorNOTLATINO,,DEMOCRATIC,55.0,10081984.0,Age4165,AA57723
ALAMANCE,A,ACTIVE,,STEVENSCOTTBALDWIN,,,NL,NOTHISPANICorNOTLATINO,REP,REPUBLICAN,,3052008.0,Age4165,AA152643
ALAMANCE,A,ACTIVE,,SUSANBURNETTEBALDWIN,1716WOODAVEA,BLACKorAFRICANAMERICAN,NL,NOTHISPANICorNOTLATINO,,,,10031998.0,Age4165,AA112019
ALAMANCE,A,ACTIVE,,TALAYADEMETRISBALDWIN,725SBEAUMONTAVE,BLACKorAFRICANAMERICAN,NL,NOTHISPANICorNOTLATINO,,,23.0,9302008.0,,AA158198
ALAMANCE,I,INACTIVE,,TAMMYWAYBALDWIN,424PINEGROVEDR,,NL,NOTHISPANICorNOTLATINO,REP,REPUBLICAN,43.0,12062004.0,Age4165,AA142063
ALAMANCE,A,ACTIVE,,TAMMYMOZELLEBALDWIN,203NWYRICKST,BLACKorAFRICANAMERICAN,NL,NOTHISPANICorNOTLATINO,,,43.0,9161993.0,Age4165,AA88132
ALAMANCE,R,REMOVED,,TARARENEEBALDWIN,,BLACKorAFRICANAMERICAN,NL,NOTHISPANICorNOTLATINO,UNA,UNAFFILIATED,33.0,,Age2640,AA128409
ALAMANCE,A,ACTIVE,,TERESAORLENEBALDWIN,4237SNCHWY87,,NL,NOTHISPANICorNOTLATINO,REP,REPUBLICAN,51.0,5112001.0,Age4165,AA123383
ALAMANCE,A,ACTIVE,,THOMASDWAYNEBALDWINJR,383HARDENST,BLACKorAFRICANAMERICAN,NL,NOTHISPANICorNOTLATINO,,,27.0,5142004.0,Age2640,AA134294
ALAMANCE,A,ACTIVE,,THOMASEARLBALDWIN,309NMELVILLEST,BLACKorAFRICANAMERICAN,UN,UNDESIGNATED,,,56.0,10021992.0,Age4165,AA85052
ALAMANCE,A,ACTIVE,,THOMASDWAYNEBALDWIN,1309RAINEYST,BLACKorAFRICANAMERICAN,UN,UNDESIGNATED,,,51.0,10081984.0,Age4165,AA57747
ALAMANCE,A,ACTIVE,,THOMASALANBALDWIN,3178OSCARBAILEYRD,,UN,UNDESIGNATED,,,57.0,5201976.0,Age4165,
ALAMANCE,A,ACTIVE,,TIMOTHYDUPRELLBALDWIN,1407PLATINUMCT,BLACKorAFRICANAMERICAN,NL,NOTHISPANICorNOTLATINO,,,35.0,2072011.0,Age2640,DE158218
ALAMANCE,R,REMOVED,,TONIAALLENBALDWIN,3015MARLBOROUGHRD,,NL,NOTHISPANICorNOTLATINO,UNA,UNAFFILIATED,41.0,9042001.0,Age4165,AA124332
ALAMANCE,A,ACTIVE,,TORIANOALGERNONBALDWIN,1357BRONZEROSECT,BLACKorAFRICANAMERICAN,NL,NOTHISPANICorNOTLATINO,,,38.0,,Age2640,AA120993
ALAMANCE,A,ACTIVE,,TRAVISCHUVESKIBALDWIN,3313SNCHWY1195,BLACKorAFRICANAMERICAN,NL,NOTHISPANICorNOTLATINO,,,39.0,9231996.0,Age2640,AA102317
ALAMANCE,A,ACTIVE,,TYLERSHANEBALDWIN,2631CATHERINEDR,,NL,NOTHISPANICorNOTLATINO,UNA,UNAFFILIATED,25.0,10272012.0,,BY471656
ALAMANCE,I,INACTIVE,,VERONICACOLTRANEBALDWIN,,BLACKorAFRICANAMERICAN,NL,NOTHISPANICorNOTLATINO,,,52.0,6091994.0,Age4165,AA90292
ALAMANCE,A,ACTIVE,,VERONICAGODFREYBALDWIN,603WALKERAVE,BLACKorAFRICANAMERICAN,UN,UNDESIGNATED,,,61.0,2122008.0,Age4165,BL4453
ALAMANCE,A,ACTIVE,,VIRGINIADAREBALDWIN,1008WASHINGTONST,BLACKorAFRICANAMERICAN,NL,NOTHISPANICorNOTLATINO,,,76.0,6171996.0,AgeOver66,AA99985
ALAMANCE,A,ACTIVE,,VIRLINBALDWIN,,BLACKorAFRICANAMERICAN,NL,NOTHISPANICorNOTLATINO,,,60.0,3261988.0,Age4165,AA64619
ALAMANCE,A,ACTIVE,,WALLACERBALDWIN,304ALBANYST,BLACKorAFRICANAMERICAN,UN,UNDESIGNATED,,,70.0,5062008.0,AgeOver66,AA154768
ALAMANCE,A,ACTIVE,,WALLACEBALDWINJR,415EELMST,BLACKorAFRICANAMERICAN,NL,NOTHISPANICorNOTLATINO,,,44.0,7252012.0,Age4165,AA173661
ALAMANCE,A,ACTIVE,,WANDASTOREYBALDWIN,246GRAVESRD,,NL,NOTHISPANICorNOTLATINO,REP,REPUBLICAN,53.0,9271988.0,Age4165,AA66263
ALAMANCE,R,REMOVED,,WESLEYLUCASBALDWIN,618HOLLOWST,,NL,NOTHISPANICorNOTLATINO,UNA,UNAFFILIATED,31.0,8282002.0,Age2640,AA127510
ALAMANCE,A,ACTIVE,,WILHELEMENA(NMN)BALDWIN,632GUNNST,BLACKorAFRICANAMERICAN,NL,NOTHISPANICorNOTLATINO,,,84.0,10081990.0,AgeOver66,AA74540
ALAMANCE,A,ACTIVE,,WILLIAMEUGENEBALDWIN,3809ASBURYCT,,NL,NOTHISPANICorNOTLATINO,REP,REPUBLICAN,89.0,3222007.0,AgeOver66,CL13145
ALAMANCE,R,REMOVED,,WILLIAMBALDWIN,3801WADECOBLEDR,BLACKorAFRICANAMERICAN,NL,NOTHISPANICorNOTLATINO,,,93.0,2281948.0,AgeOver66,
ALAMANCE,A,ACTIVE,,YOLANDAGRAVESBALDWIN,2315WFRONTST,BLACKorAFRICANAMERICAN,UN,UNDESIGNATED,,,42.0,2241988.0,Age4165,AA64378
ALAMANCE,A,ACTIVE,,CORBINBALES,1761PINERIDGETRL,,NL,NOTHISPANICorNOTLATINO,,,76.0,,AgeOver66,AA176505
ALAMANCE,A,ACTIVE,,ELDRIDGETHEODOREBALES,404WESTFIELDLN,,NL,NOTHISPANICorNOTLATINO,REP,REPUBLICAN,73.0,3272012.0,AgeOver66,AA171104
ALAMANCE,I,INACTIVE,,JESSICABALES,304APPLEST,TWOorMORERACES,NL,NOTHISPANICorNOTLATINO,,,26.0,10012004.0,Age2640,AA138757
ALAMANCE,A,ACTIVE,,,404WESTFIELDLN,,NL,NOTHISPANICorNOTLATINO,REP,REPUBLICAN,73.0,3272012.0,AgeOver66,AA171105
ALAMANCE,A,ACTIVE,,PATRICIAANNBALES,1761PINERIDGETRL,UNDESIGNATED,UN,UNDESIGNATED,,,70.0,,AgeOver66,AA177622
ALAMANCE,R,REMOVED,,ABIGAILMARIEBALIK,526EHAGGARDAVE,,NL,NOTHISPANICorNOTLATINO,,,26.0,10312008.0,Age2640,AA162261
ALAMANCE,I,INACTIVE,,CYNTHIAIRENEBALIN,2547SJIMMINORRD,,NL,NOTHISPANICorNOTLATINO,REP,REPUBLICAN,,9062006.0,Age4165,DE209985
ALAMANCE,A,ACTIVE,,RICHARDCLAYTONBALIN,2605CRESCENTHILLDR,,NL,NOTHISPANICorNOTLATINO,UNA,UNAFFILIATED,42.0,12052003.0,Age4165,AA132284
ALAMANCE,I,INACTIVE,,,706HUFFMANMILLRDH3,,,NOTHISPANICorNOTLATINO,,,72.0,2062007.0,AgeOver66,AA148778
ALAMANCE,A,ACTIVE,,ANGELABOSWELLBALL,2195GGERRINGERMILLRD,,,NOTHISPANICorNOTLATINO,,,56.0,2231996.0,Age4165,AA97770
ALAMANCE,A,ACTIVE,,ASHLEYLEANNABALL,2512MCKINNEYST,,,NOTHISPANICorNOTLATINO,,,29.0,5082012.0,Age2640,AA171737
ALAMANCE,R,REMOVED,,AUDREYHAMPTONBALL,213WSUMMERBELLAVE,,,NOTHISPANICorNOTLATINO,,,29.0,10012004.0,Age2640,AA139144
ALAMANCE,A,ACTIVE,,BETTYISLEYBALL,430GILMERST,,,NOTHISPANICorNOTLATINO,,,70.0,11071996.0,AgeOver66,AA104512
ALAMANCE,I,INACTIVE,,BOBBYLEEBALL,3427ALTAMAHAWCHURCHST,,,NOTHISPANICorNOTLATINO,,,76.0,1161997.0,AgeOver66,AA104515
ALAMANCE,A,ACTIVE,,BRYCEALLENBALL,507SFOURTHST,,,NOTHISPANICorNOTLATINO,UNA,UNAFFILIATED,29.0,5032008.0,Age2640,DK27232
ALAMANCE,A,ACTIVE,,CHEYANNELYNNBALL,414DOGGETTDR,,UN,UNDESIGNATED,UNA,UNAFFILIATED,62.0,9111984.0,Age4165,
ALAMANCE,A,ACTIVE,,CRYSTALRENEEBALL,4878PATILLOCHURCHRD,,,NOTHISPANICorNOTLATINO,UNA,UNAFFILIATED,33.0,9182008.0,Age2640,DS87275
ALAMANCE,A,ACTIVE,,CYNTHIAMCLAUCHLINBALL,524TARLETONAVE,,,NOTHISPANICorNOTLATINO,,,63.0,10061975.0,Age4165,
ALAMANCE,A,ACTIVE,,DAVIDJASONBALL,6249MTHERMONROCKCREEKRD,,,NOTHISPANICorNOTLATINO,UNA,UNAFFILIATED,40.0,7161992.0,Age2640,AA82264
ALAMANCE,A,ACTIVE,,EVELYNCARNELIABALL,1505BENTWOODDR,,,NOTHISPANICorNOTLATINO,,,79.0,10261968.0,AgeOver66,
ALAMANCE,A,ACTIVE,,EVELYNANGELIGQUEBALL,2700CULBERSONLNTRLR,,,NOTHISPANICorNOTLATINO,UNA,UNAFFILIATED,42.0,7222010.0,Age4165,AA166380
ALAMANCE,A,ACTIVE,,GARYLEEBALL,1803WOODLANDAVE,,,NOTHISPANICorNOTLATINO,REP,REPUBLICAN,,12291992.0,Age4165,AA85987
ALAMANCE,A,ACTIVE,,HELENBANKSBALL,1720OLDSTMARK'SCHURCHRD11E,BLACKorAFRICANAMERICAN,UN,UNDESIGNATED,,,58.0,7182012.0,Age4165,DE157281
ALAMANCE,A,ACTIVE,,HOUSTONJEFFERYBALL,1007NPARKAVE,,,NOTHISPANICorNOTLATINO,REP,REPUBLICAN,24.0,9232008.0,,AA157832
ALAMANCE,I,INACTIVE,,HOWARDJEFFERYBALL,1351ISLEYSCHOOLRD6,,,NOTHISPANICorNOTLATINO,REP,REPUBLICAN,51.0,7121994.0,Age4165,AA90389
ALAMANCE,A,ACTIVE,,JAMESHENRYBALL,414WMARKETST,,,NOTHISPANICorNOTLATINO,,,57.0,4241998.0,Age4165,AA109989
ALAMANCE,A,ACTIVE,,JAMESLARRYBALL,735PHELPSANDWORKMANRD,,,NOTHISPANICorNOTLATINO,REP,REPUBLICAN,71.0,10011976.0,AgeOver66,
ALAMANCE,I,INACTIVE,,JAMESROGERALLENBALL,1300WILLOWBROOKCT1323,,,NOTHISPANICorNOTLATINO,UNA,UNAFFILIATED,39.0,7232007.0,Age2640,AA150211
ALAMANCE,A,ACTIVE,,JAMESRONNIEBALL,6101THOMPSONMILLRD,,,NOTHISPANICorNOTLATINO,,,71.0,7272004.0,AgeOver66,AA135225
ALAMANCE,A,ACTIVE,,JOECARROLLBALL,524TARLETONAVE,,,NOTHISPANICorNOTLATINO,REP,REPUBLICAN,63.0,8281970.0,Age4165,
ALAMANCE,A,ACTIVE,,JOHNMARKBALL,2616PINEVALLEYRD,,,NOTHISPANICorNOTLATINO,UNA,UNAFFILIATED,,2182008.0,Age4165,AA152308
ALAMANCE,A,ACTIVE,,JONATHANBROOKSBALL,703CENTRALDR,,,NOTHISPANICorNOTLATINO,REP,REPUBLICAN,29.0,7292005.0,Age2640,AA144037
ALAMANCE,A,ACTIVE,,JULIADARLENEBALL,4219SWANNIECOBLERD,,,NOTHISPANICorNOTLATINO,UNA,UNAFFILIATED,59.0,10071988.0,Age4165,AA68017
ALAMANCE,A,ACTIVE,,KENNETHALPHONSOBALL,1720OLDSTMARK'SCHURCHRD11E,,UN,UNDESIGNATED,,,57.0,7102012.0,Age4165,DE160715
ALAMANCE,I,INACTIVE,,KIMBERLYDAWNBALL,1351ISLEYSCHOOLRD6,,,NOTHISPANICorNOTLATINO,,,,4061984.0,Age4165,
ALAMANCE,A,ACTIVE,,KYILSOWENBALL,1509EDITHSTG,,UN,UNDESIGNATED,,,32.0,9092004.0,Age2640,AA137294
ALAMANCE,A,ACTIVE,,LARRYGENEBALL,4219SWANNIECOBLERD,,,NOTHISPANICorNOTLATINO,REP,REPUBLICAN,61.0,10081988.0,Age4165,AA68019
ALAMANCE,A,ACTIVE,,LILLIANOBALL,6101THOMPSONMILLRD,,,NOTHISPANICorNOTLATINO,,,67.0,7272004.0,AgeOver66,AA135226
ALAMANCE,A,ACTIVE,,,404BENJAMINCT,BLACKorAFRICANAMERICAN,,NOTHISPANICorNOTLATINO,,,23.0,8182008.0,,AA156265
ALAMANCE,A,ACTIVE,,,1928WOODAVE,,,NOTHISPANICorNOTLATINO,,,43.0,5291995.0,Age4165,AA94101
ALAMANCE,A,,,,735PHELPSANDWORKMANRD,,UN,UNDESIGNATED,UNA,UNAFFILIATED,71.0,7162008.0,AgeOver66,AA155578
ALAMANCE,A,ACTIVE,,,507SFOURTHST,,,NOTHISPANICorNOTLATINO,UNA,UNAFFILIATED,28.0,5032008.0,Age2640,EH604208
ALAMANCE,A,,,NANCYSUSANBALL,318TRAVORASTL,,UN,UNDESIGNATED,UNA,UNAFFILIATED,62.0,9302008.0,Age4165,AA158127
ALAMANCE,R,REMOVED,,NELSONLEEBALL,,,NL,NOTHISPANICorNOTLATINO,REP,REPUBLICAN,77.0,1011900.0,AgeOver66,
ALAMANCE,A,ACTIVE,,NICHOLASDONALDBALL,3336GOLDENOAKSDR,,NL,NOTHISPANICorNOTLATINO,UNA,UNAFFILIATED,34.0,9262007.0,Age2640,AA150656
ALAMANCE,,ACTIVE,,PAMELARHEWBALL,1803WOODLANDAVE,,NL,NOTHISPANICorNOTLATINO,UNA,UNAFFILIATED,56.0,2281997.0,Age4165,AA105422
ALAMANCE,I,INACTIVE,,PATRICIALYNNBALL,2616PINEVALLEYRD,,NL,NOTHISPANICorNOTLATINO,REP,REPUBLICAN,54.0,1142003.0,Age4165,AA129233
ALAMANCE,R,REMOVED,,RALPHTBALLJR,1505BENTWOODDR,,,NOTHISPANICorNOTLATINO,,,79.0,,AgeOver66,
ALAMANCE,,ACTIVE,,ROBERTDAVIDBALL,430GILMERST,,,NOTHISPANICorNOTLATINO,UNA,UNAFFILIATED,38.0,4031992.0,Age2640,AA80587
ALAMANCE,,ACTIVE,,ROBINDEANBALL,7820SNCHWY87,,,NOTHISPANICorNOTLATINO,,,,4291982.0,Age4165,AA12791
ALAMANCE,,ACTIVE,,SUSANSHARPEBALL,6249MTHERMONROCKCREEKRD,,NL,NOTHISPANICorNOTLATINO,UNA,UNAFFILIATED,38.0,4061992.0,Age2640,AA80782
ALAMANCE,,ACTIVE,,VONTANABALL,414DOGGETTDR,,NL,NOTHISPANICorNOTLATINO,UNA,UNAFFILIATED,67.0,,AgeOver66,AA121277
ALAMANCE,,ACTIVE,,ELISABETTATERESABALLABEN,204LONGBROOKDR,,NL,NOTHISPANICorNOTLATINO,UNA,UNAFFILIATED,19.0,4192012.0,,AA171972
ALAMANCE,,ACTIVE,,GIOVANNIBALLABEN,204LONGBROOKDR,,NL,NOTHISPANICorNOTLATINO,UNA,UNAFFILIATED,55.0,,Age4165,AA159455
ALAMANCE,,ACTIVE,,NANCYBERGSTRESSERBALLABEN,204LONGBROOKDR,,NL,NOTHISPANICorNOTLATINO,,,52.0,10281997.0,Age4165,AA108030
ALAMANCE,,ACTIVE,,JOHNOWENBALLANCE,1532ROGERSRD,,NL,NOTHISPANICorNOTLATINO,,,38.0,4142005.0,Age2640,AA143365
ALAMANCE,,ACTIVE,,AARONGRANTBALLARD,327STNICHOLASTRL,,NL,NOTHISPANICorNOTLATINO,REP,REPUBLICAN,19.0,4262011.0,,AA168441
ALAMANCE,,ACTIVE,,ANNSMITHBALLARD,2141PHIBBSRD,,NL,NOTHISPANICorNOTLATINO,,DEMOCRATIC,62.0,2011978.0,Age4165,
ALAMANCE,,ACTIVE,,BARCLAYWRIGHTBALLARD,1612JEFFRIESCROSSRD,,,NOTHISPANICorNOTLATINO,UNA,UNAFFILIATED,33.0,7161999.0,Age2640,AA114884
ALAMANCE,,ACTIVE,,BRIABALLARD,201STALEYHALL,TWOorMORERACES,,NOTHISPANICorNOTLATINO,,DEMOCRATIC,23.0,4032008.0,,AA153303
ALAMANCE,,ACTIVE,,CARLRANKINBALLARD,2933BERMUDATRL,,,NOTHISPANICorNOTLATINO,,DEMOCRATIC,,10302008.0,Age4165,AA162118
ALAMANCE,,ACTIVE,,CHARLESAUGUSTUSBALLARDIII,25LONDONLN,,,NOTHISPANICorNOTLATINO,,DEMOCRATIC,64.0,9291987.0,Age4165,AA62400
ALAMANCE,,ACTIVE,,CHARLESAUGUSTUSBALLARDIV,602ASHLANDDR,,,NOTHISPANICorNOTLATINO,REP,REPUBLICAN,36.0,2211995.0,Age2640,AA92605
ALAMANCE,,ACTIVE,,CHRISTOPHERAARONBALLARD,7505WALKINGSTICKLN,,,NOTHISPANICorNOTLATINO,REP,REPUBLICAN,41.0,10272011.0,Age4165,BY490720
ALAMANCE,,ACTIVE,,CLARENCEFRANKBALLARDJR,2920BLANCHEDR,,,NOTHISPANICorNOTLATINO,REP,REPUBLICAN,76.0,10051990.0,AgeOver66,AA74541
ALAMANCE,,ACTIVE,,DANAVANCEBALLARD,2933BERMUDATRL,,,NOTHISPANICorNOTLATINO,,DEMOCRATIC,43.0,3022007.0,Age4165,AA149071
ALAMANCE,,ACTIVE,,DAVIDEARLBALLARD,2141PHIBBSRD,,,NOTHISPANICorNOTLATINO,,DEMOCRATIC,65.0,1091991.0,Age4165,AA75845
ALAMANCE,,ACTIVE,,DEBORAHWRIGHTBALLARD,25LONDONLN,,,NOTHISPANICorNOTLATINO,,DEMOCRATIC,62.0,9291987.0,Age4165,AA62401
ALAMANCE,R,REMOVED,,HELENHOPKINSBALLARD,2418HILLFORDDR,,,NOTHISPANICorNOTLATINO,,DEMOCRATIC,69.0,1011900.0,AgeOver66,
ALAMANCE,,ACTIVE,,JASONLEEBALLARD,177DAKOTADR,,,NOTHISPANICorNOTLATINO,,DEMOCRATIC,37.0,1132005.0,Age2640,AA142635
ALAMANCE,,ACTIVE,,JEANETTEARLENEBALLARD,144WCRESCENTSQUAREDRA,,,NOTHISPANICorNOTLATINO,UNA,UNAFFILIATED,39.0,5272009.0,Age2640,AA164132
ALAMANCE,,ACTIVE,,JERRIEBEALBALLARD,177DAKOTADR,,,NOTHISPANICorNOTLATINO,,DEMOCRATIC,40.0,11121997.0,Age2640,AA108037
ALAMANCE,,ACTIVE,,JILLVANCEBALLARD,128EDINBOROUGHDR,,,NOTHISPANICorNOTLATINO,,DEMOCRATIC,,7091990.0,Age4165,AA72251
ALAMANCE,R,REMOVED,,JOYYATESBALLARD,2844ALTAMAHAWUNIONRIDGERD,,,NOTHISPANICorNOTLATINO,REP,REPUBLICAN,65.0,4032006.0,Age4165,AA146295
ALAMANCE,,ACTIVE,,JOYCETHOMASBALLARD,2920BLANCHEDR,,,NOTHISPANICorNOTLATINO,REP,REPUBLICAN,71.0,10061990.0,AgeOver66,AA74542
ALAMANCE,,ACTIVE,,KARAKEISTERBALLARD,3919KINCADEDR,,NL,NOTHISPANICorNOTLATINO,REP,REPUBLICAN,42.0,1262006.0,Age4165,AA145640
ALAMANCE,,ACTIVE,,KIMBERLYDAWNBALLARD,323WOODLAWNDRA,,NL,NOTHISPANICorNOTLATINO,,DEMOCRATIC,,12202011.0,Age4165,AA120027
ALAMANCE,,ACTIVE,,,4092HANSELTRCE,,UN,UNDESIGNATED,UNA,UNAFFILIATED,63.0,1232009.0,Age4165,AA163314
ALAMANCE,,ACTIVE,,,1612JEFFRIESCROSSRD,,UN,UNDESIGNATED,REP,REPUBLICAN,35.0,11022012.0,Age2640,AA178811
ALAMANCE,,ACTIVE,,NANCYOSHIELDSBALLARD,2001RENDALLST,,NL,NOTHISPANICorNOTLATINO,,DEMOCRATIC,54.0,9131978.0,Age4165,AA33850
ALAMANCE,R,REMOVED,,OTISRAYBALLARD,513COLUMBIAAVE,,NL,NOTHISPANICorNOTLATINO,REP,REPUBLICAN,89.0,8231985.0,AgeOver66,AA59064
ALAMANCE,,ACTIVE,,RONNIEDEANBALLARD,2001RENDALLST,,NL,NOTHISPANICorNOTLATINO,,DEMOCRATIC,69.0,,AgeOver66,
ALAMANCE,,ACTIVE,,RONNIEDEANBALLARDJR,3919KINCADEDR,,NL,NOTHISPANICorNOTLATINO,UNA,UNAFFILIATED,,9121988.0,Age4165,AA65899
ALAMANCE,R,REMOVED,,RUTHVIRGINIABALLARD,1708EGREENSBOROCHAPELHILLRD,,NL,NOTHISPANICorNOTLATINO,,DEMOCRATIC,81.0,4251995.0,AgeOver66,AA93549
ALAMANCE,,ACTIVE,,SAMUELWESLEYBALLARD,128EDINBOROUGHDR,,NL,NOTHISPANICorNOTLATINO,UNA,UNAFFILIATED,,9241992.0,Age4165,AA84028
ALAMANCE,,ACTIVE,,SCOTTEDWARDBALLARD,649TROLLINGWOODHAWFIELDSRD18,,UN,UNDESIGNATED,UNA,UNAFFILIATED,29.0,10292012.0,Age2640,AA178453
ALAMANCE,A,ACTIVE,,TANYASECHRISTBALLARD,,,UN,UNDESIGNATED,UNA,UNAFFILIATED,38.0,6152004.0,Age2640,AA135128
ALAMANCE,A,ACTIVE,,WILLIAMARLINBALLARD,4092HANSELTRCE,,NL,NOTHISPANICorNOTLATINO,UNA,UNAFFILIATED,65.0,7092008.0,Age4165,AA155133
ALAMANCE,R,REMOVED,,BILLLEEBALLINGER,8HOLMESWAY,,NL,NOTHISPANICorNOTLATINO,,DEMOCRATIC,83.0,4021984.0,AgeOver66,
ALAMANCE,I,INACTIVE,,DANARENEEBALLINGER,316ATWOODDRC,BLACKorAFRICANAMERICAN,NL,NOTHISPANICorNOTLATINO,,DEMOCRATIC,29.0,1052009.0,Age2640,AA163042
ALAMANCE,A,ACTIVE,,SHIRLEYDANIELSBALLINGER,8HOLMESWAY,,NL,NOTHISPANICorNOTLATINO,,DEMOCRATIC,83.0,4021984.0,AgeOver66,
ALAMANCE,A,ACTIVE,,DARRENMICHAELBALMER,2021GURNEYCT,,UN,UNDESIGNATED,REP,REPUBLICAN,44.0,7131999.0,Age4165,AA114764
ALAMANCE,A,ACTIVE,,JILLSUZANNEBALMER,821KIMBERLYRD,,UN,UNDESIGNATED,REP,REPUBLICAN,41.0,,Age4165,AA121279
ALAMANCE,I,INACTIVE,,RICHARDSCOTTBALNAVES,2449FARRELLRD,,NL,NOTHISPANICorNOTLATINO,REP,REPUBLICAN,57.0,3042004.0,Age4165,AA133216
ALAMANCE,A,ACTIVE,,ALANGLENNBALOG,,,NL,NOTHISPANICorNOTLATINO,,DEMOCRATIC,29.0,,Age2640,AA124781
ALAMANCE,A,ACTIVE,,DORISMCADAMSBALOG,417TRYONST,,NL,NOTHISPANICorNOTLATINO,UNA,UNAFFILIATED,79.0,,AgeOver66,
ALAMANCE,A,ACTIVE,,,,,NL,NOTHISPANICorNOTLATINO,,DEMOCRATIC,28.0,9152011.0,Age2640,BY498574
ALAMANCE,A,ACTIVE,,STEVEANTHONYBALOG,4112GILCHRISTDR,,NL,NOTHISPANICorNOTLATINO,,DEMOCRATIC,62.0,9081973.0,Age4165,
ALAMANCE,A,ACTIVE,,SUSANBLACKWELLBALOG,4112GILCHRISTDR,,NL,NOTHISPANICorNOTLATINO,,DEMOCRATIC,61.0,9081973.0,Age4165,
ALAMANCE,A,ACTIVE,,IFEALFREDOBALOGUN,201PHOENIXDRJ201,BLACKorAFRICANAMERICAN,NL,NOTHISPANICorNOTLATINO,UNA,UNAFFILIATED,25.0,10232008.0,,AA161631
ALAMANCE,A,ACTIVE,,CHADERICBALON,3860MTWILLENRD,,NL,NOTHISPANICorNOTLATINO,UNA,UNAFFILIATED,36.0,4181997.0,Age2640,AA106047
ALAMANCE,A,ACTIVE,,DONNAANNBALSINGER,1700WFRONTST36A,,NL,NOTHISPANICorNOTLATINO,,DEMOCRATIC,59.0,6151994.0,Age4165,AA90424
ALAMANCE,A,ACTIVE,,AMYLEEBALSON,1619BROADWAYDR,,NL,NOTHISPANICorNOTLATINO,UNA,UNAFFILIATED,18.0,4052012.0,,AA171232
ALAMANCE,A,ACTIVE,,,1619BROADWAYDR,UNDESIGNATED,UN,UNDESIGNATED,,DEMOCRATIC,24.0,,,AA159152
ALAMANCE,A,ACTIVE,,,,UNDESIGNATED,UN,UNDESIGNATED,UNA,UNAFFILIATED,24.0,9142012.0,,AA174820
ALAMANCE,A,ACTIVE,,IANTHOMASBALTUTIS,2516SMAURYARCH,,NL,NOTHISPANICorNOTLATINO,,DEMOCRATIC,27.0,11202009.0,Age2640,AA165022
ALAMANCE,A,ACTIVE,,EARLEENLONGESTBALTZEGAR,218NMELVILLEST,,NL,NOTHISPANICorNOTLATINO,REP,REPUBLICAN,85.0,,AgeOver66,
ALAMANCE,,ACTIVE,,JUL(NMN)BALYOZ,,,NL,NOTHISPANICorNOTLATINO,,DEMOCRATIC,67.0,5181988.0,AgeOver66,AA64963
ALAMANCE,,ACTIVE,,GEORGELATTYBAMBERRYJR,,BLACKorAFRICANAMERICAN,UN,UNDESIGNATED,,,40.0,10012008.0,Age2640,AA158453
ALAMANCE,A,ACTIVE,,TINALASHAWNBAMBERRY,,BLACKorAFRICANAMERICAN,NL,NOTHISPANICorNOTLATINO,,DEMOCRATIC,36.0,8092004.0,Age2640,AA135196
ALAMANCE,A,ACTIVE,,JEFFREYJAMESBAMBRICK,4210STONECRESTDR205,,NL,NOTHISPANICorNOTLATINO,,,27.0,9252009.0,Age2640,AA164691
ALAMANCE,A,ACTIVE,,TERESAANNBAMBURY,5448PAGETOWNRD,,NL,NOTHISPANICorNOTLATINO,REP,REPUBLICAN,,4301982.0,Age4165,
ALAMANCE,A,ACTIVE,,HAROLDMONROEBAME,215SMAPLESTN,,NL,NOTHISPANICorNOTLATINO,REP,REPUBLICAN,68.0,,AgeOver66,BY10115
ALAMANCE,A,ACTIVE,,LILLIANWADEBANCROFT,,,NL,NOTHISPANICorNOTLATINO,,,22.0,10072008.0,,AA163085
ALAMANCE,A,ACTIVE,,NAIDALOUISEBANCROFT,311NPARKAVE,,UN,UNDESIGNATED,,,52.0,6272008.0,Age4165,AA154922
ALAMANCE,D,DENIED,,VICTORANTONIOBANDA,1012TOWNBRANCHRD,UNDESIGNATED,HL,HISPANICorLATINO,,,26.0,8022012.0,Age2640,AA173732
ALAMANCE,A,ACTIVE,,BARRYDWAYNEBANDY,2828FORESTDALEDR,,NL,NOTHISPANICorNOTLATINO,UNA,UNAFFILIATED,,,Age4165,AA88442
ALAMANCE,A,ACTIVE,,KATHERINEMARIEBANDY,503ADILCT,,NL,NOTHISPANICorNOTLATINO,,,37.0,9082011.0,Age2640,DE227943
ALAMANCE,A,ACTIVE,,CHERYLMOOREBANE,4000MEBANEOAKSCT,,NL,NOTHISPANICorNOTLATINO,REP,REPUBLICAN,57.0,3242006.0,Age4165,AA146191
ALAMANCE,A,ACTIVE,,ROBBIEDARRELLBANE,6925SNCHWY49,,NL,NOTHISPANICorNOTLATINO,UNA,UNAFFILIATED,42.0,12091998.0,Age4165,AA112326
ALAMANCE,R,REMOVED,,RUBYJORDANBANE,430CHAPELHILLRD,,NL,NOTHISPANICorNOTLATINO,,DEMOCRATIC,100.0,4031978.0,AgeOver66,
ALAMANCE,A,ACTIVE,,TERESAMICHELLEEPPBANE,6925SNCHWY49,,NL,NOTHISPANICorNOTLATINO,UNA,UNAFFILIATED,37.0,10041997.0,Age2640,AA107867
ALAMANCE,R,REMOVED,,WILLIAMNATHANIELBANEJR,430CHAPELHILLRD,,NL,NOTHISPANICorNOTLATINO,REP,REPUBLICAN,72.0,,AgeOver66,
ALAMANCE,A,ACTIVE,,CLAUDIAYANINABANEGAS,1711ROSLYNDR,OTHER,HL,HISPANICorLATINO,,DEMOCRATIC,43.0,7102000.0,Age4165,AA118941
ALAMANCE,,ACTIVE,,,1273ELWOODCT,,HL,HISPANICorLATINO,REP,REPUBLICAN,25.0,7162012.0,,AA173275
ALAMANCE,,ACTIVE,,,1643AQUINASCT,,NL,NOTHISPANICorNOTLATINO,UNA,UNAFFILIATED,64.0,6262006.0,Age4165,AA147729
ALAMANCE,,ACTIVE,,BENJAMINASSOUMOUBANI,722IVEYRDP,BLACKorAFRICANAMERICAN,UN,UNDESIGNATED,UNA,UNAFFILIATED,38.0,9192012.0,Age2640,AA175150
ALAMANCE,,ACTIVE,,JESSEROBINBANKMAN,302TRAVISLN,,NL,NOTHISPANICorNOTLATINO,UNA,UNAFFILIATED,36.0,6202007.0,Age2640,AA150016
ALAMANCE,,ACTIVE,,,145HOLLYRIDGELN,,NL,NOTHISPANICorNOTLATINO,REP,REPUBLICAN,43.0,3171998.0,Age4165,AA109583
ALAMANCE,,ACTIVE,,SARAHVANHOOSEBANKO,145HOLLYRIDGELN,,NL,NOTHISPANICorNOTLATINO,,DEMOCRATIC,40.0,5191998.0,Age2640,AA109991
ALAMANCE,,ACTIVE,,ALLISONCLAIREBANKS,4210STONECRESTDR207,BLACKorAFRICANAMERICAN,NL,NOTHISPANICorNOTLATINO,UNA,UNAFFILIATED,31.0,9202004.0,Age2640,AA138170
ALAMANCE,I,INACTIVE,,ANNIEPARISBANKS,818SBROADST,BLACKorAFRICANAMERICAN,NL,NOTHISPANICorNOTLATINO,,DEMOCRATIC,94.0,9131958.0,AgeOver66,
ALAMANCE,R,REMOVED,,BILLYBANKS,425KERNODLEDRC,BLACKorAFRICANAMERICAN,NL,NOTHISPANICorNOTLATINO,,DEMOCRATIC,71.0,4182008.0,AgeOver66,AA154587
ALAMANCE,,ACTIVE,,CAMERONALEXANDERBANKS,725EHAGGARDAVE,,NL,NOTHISPANICorNOTLATINO,REP,REPUBLICAN,19.0,,,AA177624
ALAMANCE,,ACTIVE,,CHEREEDIANEBANKS,317CASWELLST13,BLACKorAFRICANAMERICAN,NL,NOTHISPANICorNOTLATINO,,DEMOCRATIC,50.0,3141995.0,Age4165,AA92608
ALAMANCE,,ACTIVE,,CLEMENTINEEBANKS,1920HOLLANDAVE,BLACKorAFRICANAMERICAN,NL,NOTHISPANICorNOTLATINO,,DEMOCRATIC,82.0,7281994.0,AgeOver66,AA90682
ALAMANCE,,ACTIVE,,CONNIELEEBANKS,3320WOODSCHAPELRD,BLACKorAFRICANAMERICAN,UN,UNDESIGNATED,REP,REPUBLICAN,64.0,11012008.0,Age4165,AA162359
ALAMANCE,D,DENIED,,DALECHRISTOPHERBANKS,206NFISHERST,BLACKorAFRICANAMERICAN,NL,NOTHISPANICorNOTLATINO,UNA,UNAFFILIATED,42.0,5111999.0,Age4165,AA114173
ALAMANCE,,ACTIVE,,DANIELLEHOLTBANKS,,BLACKorAFRICANAMERICAN,NL,NOTHISPANICorNOTLATINO,,DEMOCRATIC,34.0,10052004.0,Age2640,AA140113
ALAMANCE,,ACTIVE,,DIAMONDJEWELBANKS,317CASWELLST13,BLACKorAFRICANAMERICAN,NL,NOTHISPANICorNOTLATINO,,DEMOCRATIC,19.0,9062011.0,,AA169273
ALAMANCE,,ACTIVE,,DOROTHYLAVERNEBANKS,2725FRESHWATERRD,BLACKorAFRICANAMERICAN,NL,NOTHISPANICorNOTLATINO,UNA,UNAFFILIATED,69.0,9251976.0,AgeOver66,AA19541
ALAMANCE,,ACTIVE,,ELIZABETHANNEBANKS,1907QUAKERCREEKDR,,NL,NOTHISPANICorNOTLATINO,UNA,UNAFFILIATED,28.0,3152012.0,Age2640,DE199126
ALAMANCE,,ACTIVE,,EMILYELIZABETHROSEBANKS,700EHAGGARDAVE102B,,UN,UNDESIGNATED,,,22.0,11042008.0,,AA162808
ALAMANCE,,ACTIVE,,ERICABENITABANKS,80BROOKFIELDCT,BLACKorAFRICANAMERICAN,UN,UNDESIGNATED,,,40.0,9182012.0,Age2640,AA174717
ALAMANCE,R,REMOVED,,ETTASUEBANKS,407KEYST,BLACKorAFRICANAMERICAN,NL,NOTHISPANICorNOTLATINO,,,76.0,1181988.0,AgeOver66,AA63215
ALAMANCE,,ACTIVE,,GARLANDCRAIGBANKS,506EPARKERST603,BLACKorAFRICANAMERICAN,UN,UNDESIGNATED,DEM,,36.0,10262012.0,Age2640,AA178376
ALAMANCE,,ACTIVE,,HEATHERMARIEBANKS,506EPARKERST603,BLACKorAFRICANAMERICAN,UN,UNDESIGNATED,UNA,UNAFFILIATED,35.0,11042002.0,Age2640,AA128497
ALAMANCE,,ACTIVE,,JEREMYLEEBANKS,1907QUAKERCREEKDR,,NL,NOTHISPANICorNOTLATINO,UNA,UNAFFILIATED,30.0,3042010.0,Age2640,AA165498
ALAMANCE,,ACTIVE,,JONATHANAUTHORBANKS,2408PINECRESTCT17,BLACKorAFRICANAMERICAN,UN,UNDESIGNATED,DEM,,36.0,4102008.0,Age2640,AA154621
ALAMANCE,I,INACTIVE,,JULIANERHEABANKS,4162STONECRESTDR201,,NL,NOTHISPANICorNOTLATINO,REP,REPUBLICAN,22.0,10062010.0,,AA167015
ALAMANCE,,ACTIVE,,KENNETHLAMARKBANKS,2008SMEBANEST2015C,BLACKorAFRICANAMERICAN,UN,UNDESIGNATED,DEM,,,10072008.0,Age4165,AA159371
ALAMANCE,I,INACTIVE,,KYLEBANKS,215SOAKST,,UN,UNDESIGNATED,UNA,UNAFFILIATED,25.0,9152008.0,,AA158042
ALAMANCE,I,INACTIVE,,,2490FRESHWATERRD,BLACKorAFRICANAMERICAN,NL,NOTHISPANICorNOTLATINO,REP,REPUBLICAN,51.0,6141994.0,Age4165,AA90427
ALAMANCE,I,INACTIVE,,NARKITADENISEBANKS,3551FORESTDALEDRME,BLACKorAFRICANAMERICAN,NL,NOTHISPANICorNOTLATINO,DEM,,37.0,3032006.0,Age2640,AA145995
ALAMANCE,,ACTIVE,,RENAJESSIEBANKS,2480FRESHWATERRD,BLACKorAFRICANAMERICAN,NL,NOTHISPANICorNOTLATINO,DEM,,92.0,10081984.0,AgeOver66,AA57751
ALAMANCE,,ACTIVE,,SANDRAKAYBANKS,2942NCHWY54,BLACKorAFRICANAMERICAN,UN,UNDESIGNATED,DEM,,52.0,9202004.0,Age4165,AA137973
ALAMANCE,R,REMOVED,,VIRGINIADAREBANKS,225SEVENTHST,BLACKorAFRICANAMERICAN,NL,NOTHISPANICorNOTLATINO,DEM,,88.0,5021964.0,AgeOver66,
ALAMANCE,I,INACTIVE,,WINNIEBRADLEYBANKS,2490FRESHWATERRD,BLACKorAFRICANAMERICAN,NL,NOTHISPANICorNOTLATINO,DEM,,50.0,7271996.0,Age4165,AA100743
ALAMANCE,,ACTIVE,,EMILYBROOKEBANNER,414PEELEST,,UN,UNDESIGNATED,REP,REPUBLICAN,23.0,9232008.0,,AA157842
ALAMANCE,,ACTIVE,,RACHELCONANTBANNER,328STALEYHALL,,UN,UNDESIGNATED,DEM,,22.0,9052008.0,,AA157474
ALAMANCE,,ACTIVE,,,734GROVERLN,BLACKorAFRICANAMERICAN,NL,NOTHISPANICorNOTLATINO,DEM,,95.0,8171983.0,AgeOver66,
ALAMANCE,,ACTIVE,,JENNIFERWOODSBANNISTER,5130NEIGHBORSRD,BLACKorAFRICANAMERICAN,UN,UNDESIGNATED,DEM,,39.0,5062008.0,Age2640,EH560105
ALAMANCE,R,REMOVED,,FLORENTINOBANREY,100WSEBASTIANCT,BLACKorAFRICANAMERICAN,NL,NOTHISPANICorNOTLATINO,REP,REPUBLICAN,54.0,4062004.0,Age4165,AA133821
ALAMANCE,,ACTIVE,,JULIABANREY,703SUMMITRIDGERDG,UNDESIGNATED,UN,UNDESIGNATED,UNA,UNAFFILIATED,64.0,5062008.0,Age4165,AA154769
ALAMANCE,,ACTIVE,,SHANEEKASHARELLEBANREY,1313ELDORADOST,BLACKorAFRICANAMERICAN,NL,NOTHISPANICorNOTLATINO,DEM,,34.0,,Age2640,AA150672
ALAMANCE,R,REMOVED,,VICENTEBANREY,100WSEBASTIANCT,OTHER,HL,HISPANICorLATINO,DEM,,86.0,4082008.0,AgeOver66,AA153304
ALAMANCE,,ACTIVE,,EILEENBANREYPACHECO,815DEERFIELDTRCE,OTHER,NL,NOTHISPANICorNOTLATINO,DEM,,50.0,2062008.0,Age4165,AA152082
ALAMANCE,S,TEMPORARY,,RAJINDERBANSAL,4928EGREENSBOROCHAPELHILLRD,UNDESIGNATED,UN,UNDESIGNATED,UNA,UNAFFILIATED,28.0,9072012.0,Age2640,AA156529
ALAMANCE,S,TEMPORARY,,RESHABBANSAL,4928EGREENSBOROCHAPELHILLRD,ASIAN,UN,UNDESIGNATED,UNA,UNAFFILIATED,29.0,9072012.0,Age2640,AA174544
ALAMANCE,I,INACTIVE,,ROBERTWILLIAMBANTAIII,203GREEKDORM,,NL,NOTHISPANICorNOTLATINO,REP,REPUBLICAN,29.0,10072002.0,Age2640,AA128023
ALAMANCE,,ACTIVE,,CAROLYNRIDDLEBANTHER,1944SHIRLEYDR,,NL,NOTHISPANICorNOTLATINO,REP,REPUBLICAN,44.0,11022010.0,Age4165,AA114174
ALAMANCE,,ACTIVE,,KENSLEYNICOLEBANTHER,1944SHIRLEYDR,,NL,NOTHISPANICorNOTLATINO,REP,REPUBLICAN,18.0,3092012.0,,AA170668
ALAMANCE,,ACTIVE,,RANDYSTEVEBANTHER,1944SHIRLEYDR,,UN,UNDESIGNATED,REP,REPUBLICAN,52.0,,Age4165,AA114175
ALAMANCE,R,REMOVED,,WANDADIXONBANTHER,927BELLEVUEST,,NL,NOTHISPANICorNOTLATINO,REP,REPUBLICAN,82.0,10271956.0,AgeOver66,
ALAMANCE,,ACTIVE,,EDUARDOBANUELOSGUERRA,4026SCHURCHST,OTHER,HL,HISPANICorLATINO,UNA,UNAFFILIATED,25.0,11302010.0,,AA167625
ALAMANCE,,ACTIVE,,DIANNAHOPEBAPTISTE,4479AMEBANEROGERSRD,,NL,NOTHISPANICorNOTLATINO,DEM,,,12161983.0,Age4165,AA30798
ALAMANCE,,ACTIVE,,,4479AMEBANEROGERSRD,,NL,NOTHISPANICorNOTLATINO,DEM,,42.0,,Age4165,AA96200
ALAMANCE,,ACTIVE,,DANIELMARTINBAQUET,320NANTIOCHAVE108,UNDESIGNATED,UN,UNDESIGNATED,DEM,,22.0,8312008.0,,AA157575
ALAMANCE,,ACTIVE,,ARTIEMEJIABARAHONA,2009MORNINGSIDEDRB,,NL,NOTHISPANICorNOTLATINO,UNA,UNAFFILIATED,67.0,8271992.0,AgeOver66,AA82664
ALAMANCE,,ACTIVE,,,8124BIRDDOGDR,UNDESIGNATED,HL,HISPANICorLATINO,UNA,UNAFFILIATED,,,Age4165,BY547206
ALAMANCE,R,REMOVED,,EDITHRIGGSBARAKAT,132RANDOMLN,,NL,NOTHISPANICorNOTLATINO,DEM,,82.0,3121986.0,AgeOver66,AA59497
ALAMANCE,R,REMOVED,,FAROUKZAKIBARAKAT,132RANDOMLN,,NL,NOTHISPANICorNOTLATINO,DEM,,81.0,8141987.0,AgeOver66,AA62040
ALAMANCE,,ACTIVE,,,1357APPLESTEXT,,NL,NOTHISPANICorNOTLATINO,DEM,,90.0,5121956.0,AgeOver66,AA25451
ALAMANCE,I,INACTIVE,,BRUCEMIKEBARANOSKI,265EMOREHEADST2B,,NL,NOTHISPANICorNOTLATINO,UNA,UNAFFILIATED,55.0,9112003.0,Age4165,AA131312
ALAMANCE,,ACTIVE,,GARYPAULBARANOSKI,915DUNLEIGHDR,,NL,NOTHISPANICorNOTLATINO,DEM,,59.0,6232010.0,Age4165,DE200588
ALAMANCE,,ACTIVE,,JOYCESIMSBARBA,2422SNCHWY11924,,UN,UNDESIGNATED,UNA,UNAFFILIATED,64.0,4251994.0,Age4165,AA89857
ALAMANCE,,ACTIVE,,PATRICIAANNEBARBACK,516EHARDENSTC,,NL,NOTHISPANICorNOTLATINO,UNA,UNAFFILIATED,,9212012.0,Age4165,AA175152
ALAMANCE,,ACTIVE,,DYLANJACOBBARBASH,309COLONNADEDRB,,UN,UNDESIGNATED,DEM,,23.0,9302008.0,,AA158383
ALAMANCE,,ACTIVE,,ALICEANNBARBEE,401MCKINLEYCT,,NL,NOTHISPANICorNOTLATINO,DEM,,62.0,3092009.0,Age4165,DE254133
ALAMANCE,,ACTIVE,,BARBARAMOOREBARBEE,2728DEEST,,NL,NOTHISPANICorNOTLATINO,DEM,,65.0,10071974.0,Age4165,
ALAMANCE,,ACTIVE,,BEVERLYMCCAULEYBARBEE,548WOODLANDDR,,NL,NOTHISPANICorNOTLATINO,DEM,,71.0,4201968.0,AgeOver66,AA15745
ALAMANCE,,ACTIVE,,BRADLEYAARONBARBEE,2317PITTRD,,NL,NOTHISPANICorNOTLATINO,REP,REPUBLICAN,19.0,7272011.0,,AA168949
ALAMANCE,,ACTIVE,,CARLENEENOCHBARBEE,,BLACKorAFRICANAMERICAN,NL,NOTHISPANICorNOTLATINO,DEM,,76.0,4301966.0,AgeOver66,
ALAMANCE,R,REMOVED,,CAROLECOLLINSBARBEE,308EFIFTHST,,NL,NOTHISPANICorNOTLATINO,DEM,,67.0,10261968.0,AgeOver66,
ALAMANCE,,ACTIVE,,CHRISTINETEWBARBEE,2566EROGERSRD,,UN,UNDESIGNATED,DEM,,92.0,3271997.0,AgeOver66,AA105918
ALAMANCE,I,INACTIVE,,CHRISTOPHERCRAIGBARBEE,303TROLLINGWOODRD,,NL,NOTHISPANICorNOTLATINO,UNA,UNAFFILIATED,36.0,2121996.0,Age2640,AA97580
ALAMANCE,,ACTIVE,,DANAMARKBARBEE,1255FLORAAVE,,NL,NOTHISPANICorNOTLATINO,UNA,UNAFFILIATED,50.0,4032008.0,Age4165,AA153231
ALAMANCE,,ACTIVE,,DELBERTCRAIGBARBEE,303TROLLINGWOODRD,,NL,NOTHISPANICorNOTLATINO,UNA,UNAFFILIATED,61.0,6041996.0,Age4165,AA99246
ALAMANCE,,ACTIVE,,DERRICKAUNDRABARBEE,1253NNCHWY49,BLACKorAFRICANAMERICAN,NL,NOTHISPANICorNOTLATINO,DEM,,43.0,11172000.0,Age4165,AA122006
ALAMANCE,,ACTIVE,,DEXTERRAYMONDBARBEEJR,4071PONDRD,,NL,NOTHISPANICorNOTLATINO,REP,REPUBLICAN,52.0,9191996.0,Age4165,AA102080
ALAMANCE,,ACTIVE,,DEXTERRAYMONDBARBEESR,127MEADOWOODDR,,NL,NOTHISPANICorNOTLATINO,REP,REPUBLICAN,72.0,,AgeOver66,
ALAMANCE,I,INACTIVE,,DONNADAVISBARBEE,210SFIFTHST,,NL,NOTHISPANICorNOTLATINO,REP,REPUBLICAN,,2211992.0,Age4165,AA79864
ALAMANCE,,ACTIVE,,DONZALEIGHOPHELIABARBEE,1253NNCHWY49,BLACKorAFRICANAMERICAN,NL,NOTHISPANICorNOTLATINO,DEM,,42.0,1281988.0,Age4165,AA63391
ALAMANCE,,ACTIVE,,DUSTINKORDBARBEE,900EGILBREATHSTH,UNDESIGNATED,UN,UNDESIGNATED,DEM,,24.0,,,AA177526
ALAMANCE,,ACTIVE,,GRACEROBINSONBARBEE,1940BARBEEST,,NL,NOTHISPANICorNOTLATINO,REP,REPUBLICAN,72.0,9251987.0,AgeOver66,AA62814
ALAMANCE,,ACTIVE,,HENRYCEPHUSBARBEE,2109HOLLANDAVE,BLACKorAFRICANAMERICAN,NL,NOTHISPANICorNOTLATINO,DEM,,73.0,3151996.0,AgeOver66,AA98175
ALAMANCE,,ACTIVE,,IGNACIODEMARBARBEE,1253NNCHWY49,BLACKorAFRICANAMERICAN,UN,UNDESIGNATED,DEM,,22.0,11032012.0,,AA159967
ALAMANCE,,ACTIVE,,IRENEDIXBARBEE,4071PONDRD,,NL,NOTHISPANICorNOTLATINO,REP,REPUBLICAN,,10261987.0,Age4165,AA62912
ALAMANCE,,ACTIVE,,IVORYDAVISBARBEE,1253NNCHWY49,BLACKorAFRICANAMERICAN,UN,UNDESIGNATED,DEM,,68.0,,AgeOver66,AA177071
ALAMANCE,,ACTIVE,,JAMIEKENTBARBEE,2317PITTRD,,NL,NOTHISPANICorNOTLATINO,UNA,UNAFFILIATED,,8111992.0,Age4165,AA82265
ALAMANCE,,ACTIVE,,JANICEBAYNESBARBEE,1253NNCHWY49,BLACKorAFRICANAMERICAN,NL,NOTHISPANICorNOTLATINO,DEM,,67.0,10261968.0,AgeOver66,
ALAMANCE,,ACTIVE,,JEANMASSAROBARBEE,2109HOLLANDAVE,,NL,NOTHISPANICorNOTLATINO,DEM,,51.0,3151996.0,Age4165,AA98176
ALAMANCE,,ACTIVE,,JEFFRIEKEITHBARBEE,,,NL,NOTHISPANICorNOTLATINO,REP,REPUBLICAN,53.0,4152004.0,Age4165,AA133822
ALAMANCE,,ACTIVE,,JERRYMARVINBARBEE,3352GARDENRD,,NL,NOTHISPANICorNOTLATINO,DEM,,76.0,5161964.0,AgeOver66,
ALAMANCE,R,REMOVED,,JERRYVANCEBARBEE,3058CALLOWAYDR,,NL,NOTHISPANICorNOTLATINO,DEM,,70.0,9121997.0,AgeOver66,AA107366
ALAMANCE,,ACTIVE,,JESSICANICOLEBARBEE,2317PITTRD,,NL,NOTHISPANICorNOTLATINO,UNA,UNAFFILIATED,21.0,12032009.0,,AA165076
ALAMANCE,,ACTIVE,,JOANWHITESELLBARBEE,3352GARDENRD,,NL,NOTHISPANICorNOTLATINO,DEM,,73.0,5161964.0,AgeOver66,
ALAMANCE,A,ACTIVE,,JOANCAROLYNBARBEE,127MEADOWOODDR,,NL,NOTHISPANICorNOTLATINO,REP,REPUBLICAN,69.0,10071988.0,AgeOver66,AA67498
ALAMANCE,I,INACTIVE,,JONATHANBRENTBARBEE,1545GARDENCIR,,NL,NOTHISPANICorNOTLATINO,REP,REPUBLICAN,29.0,9202004.0,Age2640,AA138615
ALAMANCE,A,ACTIVE,,JONATHANTHOMASBARBEE,1516BRAMBLETONCT,,NL,NOTHISPANICorNOTLATINO,UNA,UNAFFILIATED,30.0,,Age2640,EH611884
ALAMANCE,A,ACTIVE,,JOSEPHWAYNEBARBEE,2244FARRELLRD,,NL,NOTHISPANICorNOTLATINO,DEM,,,10292012.0,Age4165,AA178450
ALAMANCE,A,ACTIVE,,JUDITHKELLEYBARBEE,1305FLORAAVE,,NL,NOTHISPANICorNOTLATINO,UNA,UNAFFILIATED,69.0,9231984.0,AgeOver66,
ALAMANCE,A,ACTIVE,,JULIEHUGHESBARBEE,203BEAUREGARDLN,,NL,NOTHISPANICorNOTLATINO,DEM,,38.0,11261997.0,Age2640,AA108499
ALAMANCE,A,ACTIVE,,,2312MORANST,,NL,NOTHISPANICorNOTLATINO,REP,REPUBLICAN,31.0,,Age2640,AA122007
ALAMANCE,A,ACTIVE,,MYRTIEWADEBARBEE,413EPARKERST,,NL,NOTHISPANICorNOTLATINO,,,82.0,10072004.0,AgeOver66,AA140138
ALAMANCE,A,ACTIVE,,NELLIEWILLIAMSBARBEE,448GLENRAVENRD,,NL,NOTHISPANICorNOTLATINO,REP,REPUBLICAN,74.0,,AgeOver66,
ALAMANCE,A,ACTIVE,,NELLO(NMN)BARBEEJR,548WOODLANDDR,,NL,NOTHISPANICorNOTLATINO,REP,REPUBLICAN,65.0,,Age4165,AA91633
ALAMANCE,A,ACTIVE,,PAIGEENGLISHBARBEE,,,UN,UNDESIGNATED,,,39.0,10262012.0,Age2640,BH127384
ALAMANCE,A,ACTIVE,,PAMELASHARPEBARBEE,1353SOUTHERNHIGHSCHOOLRD,,NL,NOTHISPANICorNOTLATINO,REP,REPUBLICAN,58.0,9291980.0,Age4165,
ALAMANCE,R,REMOVED,,PATRICIAWOODSBARBEE,603CENTRALAVE,,NL,NOTHISPANICorNOTLATINO,,,59.0,11131989.0,Age4165,AA70083
ALAMANCE,A,ACTIVE,,PAULDAVIDBARBEE,,,NL,NOTHISPANICorNOTLATINO,,,50.0,6091999.0,Age4165,AA114356
ALAMANCE,A,ACTIVE,,PEGGYFRANKLINBARBEE,1827BUXTONWAY,,NL,NOTHISPANICorNOTLATINO,,,54.0,,Age4165,EH135062
ALAMANCE,A,ACTIVE,,RENEESHUPEBARBEE,1516BRAMBLETONCT,,NL,NOTHISPANICorNOTLATINO,UNA,UNAFFILIATED,28.0,9062012.0,Age2640,EH559428
ALAMANCE,A,ACTIVE,,RODNEYBRYANBARBEE,,,UN,UNDESIGNATED,REP,REPUBLICAN,55.0,2212012.0,Age4165,BY10375
ALAMANCE,A,ACTIVE,,ROGERDALEBARBEE,1508DURHAMST,,NL,NOTHISPANICorNOTLATINO,REP,REPUBLICAN,60.0,10081973.0,Age4165,
ALAMANCE,A,ACTIVE,,RONALDWAYNEBARBEE,448GLENRAVENRD,,NL,NOTHISPANICorNOTLATINO,REP,REPUBLICAN,73.0,,AgeOver66,
ALAMANCE,A,ACTIVE,,ROSSSTEVENBARBEE,203BEAUREGARDLN,,NL,NOTHISPANICorNOTLATINO,,,41.0,10081990.0,Age2640,AA74546
ALAMANCE,I,INACTIVE,,SHARONDENISEBARBEE,,,NL,NOTHISPANICorNOTLATINO,REP,REPUBLICAN,,4091984.0,Age4165,
ALAMANCE,R,REMOVED,,SHIRLEYKELLEYBARBEE,454GLENRAVENRD,,NL,NOTHISPANICorNOTLATINO,,,75.0,9181980.0,AgeOver66,
ALAMANCE,A,ACTIVE,,STEVENTHOMASBARBEE,1827BUXTONWAY,,NL,NOTHISPANICorNOTLATINO,,,59.0,8082011.0,Age4165,EH109937
ALAMANCE,A,ACTIVE,,TAMMYINGLEBARBEE,605MEADOWST,,NL,NOTHISPANICorNOTLATINO,REP,REPUBLICAN,,11121993.0,Age4165,AA88563
ALAMANCE,A,ACTIVE,,TIMOTHYGBARBEE,1353SOUTHERNHIGHSCHOOLRD,,NL,NOTHISPANICorNOTLATINO,REP,REPUBLICAN,59.0,10041976.0,Age4165,
ALAMANCE,A,ACTIVE,,TIMOTHYSCOTTBARBEE,1353SOUTHERNHIGHSCHOOLRD,,NL,NOTHISPANICorNOTLATINO,UNA,UNAFFILIATED,27.0,3152007.0,Age2640,AA149269
ALAMANCE,A,ACTIVE,,TINAWOODBARBEE,3058CALLOWAYDR,,NL,NOTHISPANICorNOTLATINO,,,51.0,4081980.0,Age4165,
ALAMANCE,A,ACTIVE,,VIOLETGRUBBBARBEE,303TROLLINGWOODRD,,NL,NOTHISPANICorNOTLATINO,UNA,UNAFFILIATED,59.0,2271998.0,Age4165,AA109345
ALAMANCE,A,ACTIVE,,WILLIAMZANDERBARBEE,,BLACKorAFRICANAMERICAN,NL,NOTHISPANICorNOTLATINO,,,75.0,4301966.0,AgeOver66,
ALAMANCE,A,ACTIVE,,WILLIAMLEEBARBEE,413EPARKERST,,NL,NOTHISPANICorNOTLATINO,,,81.0,10072004.0,AgeOver66,AA140139
ALAMANCE,A,ACTIVE,,NAVREDIONNEBARBEEBOGUES,1867BUXTONWAY,BLACKorAFRICANAMERICAN,NL,NOTHISPANICorNOTLATINO,,,40.0,3122007.0,Age2640,BY239646
ALAMANCE,D,DENIED,,ALMALOUISEBARBER,3475SNCHWY119,,NL,NOTHISPANICorNOTLATINO,,,69.0,9162006.0,AgeOver66,AA147689
ALAMANCE,A,ACTIVE,,ALTONTHEODOREBARBER,515CUMMINGSST,,NL,NOTHISPANICorNOTLATINO,UNA,UNAFFILIATED,68.0,6062012.0,AgeOver66,BY294600
ALAMANCE,A,ACTIVE,,AMBERHOLQUISTBARBER,3035BEAVERCREEKRD,,NL,NOTHISPANICorNOTLATINO,UNA,UNAFFILIATED,34.0,2162004.0,Age2640,AA133043
ALAMANCE,A,ACTIVE,,BRADLEYSCOTTBARBER,323WLAKETRL,,NL,NOTHISPANICorNOTLATINO,REP,REPUBLICAN,55.0,2081988.0,Age4165,AA63746
ALAMANCE,A,ACTIVE,,BRITTAKATARINABARBER,3338SAYBROOKDR,,NL,NOTHISPANICorNOTLATINO,,,69.0,4072008.0,AgeOver66,AA153788
ALAMANCE,A,ACTIVE,,CATHYTERRYBARBER,635NNCHWY87,,NL,NOTHISPANICorNOTLATINO,REP,REPUBLICAN,51.0,11151996.0,Age4165,AA104538
ALAMANCE,I,INACTIVE,,CHARLESALLENBARBER,7800WOLFELN,,NL,NOTHISPANICorNOTLATINO,,,59.0,4061972.0,Age4165,
ALAMANCE,R,REMOVED,,CHARLESFREDBARBER,2554OSSIPEEFRONTST,,NL,NOTHISPANICorNOTLATINO,REP,REPUBLICAN,83.0,10281950.0,AgeOver66,
ALAMANCE,A,ACTIVE,,CHRISTOPHERMALCOMBARBER,1677CHERRYLN,,NL,NOTHISPANICorNOTLATINO,UNA,UNAFFILIATED,21.0,12012009.0,,AA165104
ALAMANCE,A,ACTIVE,,CHRISTOPHERLBARBER,334ALBRIGHTAVE,UNDESIGNATED,UN,UNDESIGNATED,UNA,UNAFFILIATED,22.0,10012008.0,,AA158454
ALAMANCE,R,REMOVED,,DANNYJOEBARBER,501SHORTST,,UN,UNDESIGNATED,,,51.0,,Age4165,AA159552
ALAMANCE,A,ACTIVE,,DAVIDWAYNEBARBER,635NNCHWY87,,NL,NOTHISPANICorNOTLATINO,REP,REPUBLICAN,54.0,8131998.0,Age4165,AA111098
ALAMANCE,A,ACTIVE,,DAVIDJOHNPRICEBARBER,1486NNCHWY87,,NL,NOTHISPANICorNOTLATINO,REP,REPUBLICAN,62.0,1081992.0,Age4165,AA79392
ALAMANCE,A,ACTIVE,,DONNAMINTZBARBER,1511STANDREWSDR,,NL,NOTHISPANICorNOTLATINO,,,62.0,12292004.0,Age4165,AA142607
ALAMANCE,A,ACTIVE,,EDWARDPBARBER,3572DSHEPHERDRD,,UN,UNDESIGNATED,UNA,UNAFFILIATED,93.0,8132002.0,AgeOver66,AA127257
ALAMANCE,A,ACTIVE,,ELIZABETHRIPPYBARBER,3027MAPLEAVEL2,,NL,NOTHISPANICorNOTLATINO,,,76.0,4201968.0,AgeOver66,
ALAMANCE,A,ACTIVE,,ERINANNBARBER,222CYPRESSPT,,NL,NOTHISPANICorNOTLATINO,UNA,UNAFFILIATED,25.0,,,AA161348
ALAMANCE,A,ACTIVE,,FAYECOLEMANBARBER,383GREENWOODDR,,NL,NOTHISPANICorNOTLATINO,,,72.0,5051962.0,AgeOver66,
ALAMANCE,A,ACTIVE,,JAMESWILLISBARBER,3338SAYBROOKDR,,NL,NOTHISPANICorNOTLATINO,,,67.0,4072008.0,AgeOver66,AA153789
ALAMANCE,A,ACTIVE,,JASONTODDBARBER,383GREENWOODDR,,NL,NOTHISPANICorNOTLATINO,,,42.0,1211988.0,Age4165,AA63748
ALAMANCE,A,ACTIVE,,JEREMIAHTAYLORBARBER,3100LOWERD,,NL,NOTHISPANICorNOTLATINO,REP,REPUBLICAN,22.0,,,AA159228
ALAMANCE,I,INACTIVE,,JESSICALYNNBARBER,660MANNINGAVE52,,NL,NOTHISPANICorNOTLATINO,,,29.0,3292011.0,Age2640,AA168290
ALAMANCE,R,REMOVED,,JILLDAWNBARBER,1611MAJESTYDR,,UN,UNDESIGNATED,REP,REPUBLICAN,42.0,7181997.0,Age4165,AA106853
ALAMANCE,A,ACTIVE,,JOSHUADAVIDBARBER,635NNCHWY87,,NL,NOTHISPANICorNOTLATINO,REP,REPUBLICAN,25.0,9172007.0,,AA150657
ALAMANCE,R,REMOVED,,JUANITAJANEBARBER,664BOONESTATIONDR2,,NL,NOTHISPANICorNOTLATINO,REP,REPUBLICAN,69.0,4082003.0,AgeOver66,AA130007
ALAMANCE,R,REMOVED,,KIMBERLYDIANEBARBER,1013HANNAHCT,,NL,NOTHISPANICorNOTLATINO,UNA,UNAFFILIATED,38.0,10232002.0,Age2640,AA128498
ALAMANCE,A,ACTIVE,,KRISTAMBARBER,520AVONAVE,UNDESIGNATED,UN,UNDESIGNATED,,,30.0,11042008.0,Age2640,AA162481
ALAMANCE,A,ACTIVE,,LANABARBER,1486NNCHWY87,,UN,UNDESIGNATED,REP,REPUBLICAN,40.0,3032006.0,Age2640,AA145960
ALAMANCE,A,ACTIVE,,LEELOUISBARBER,2568BRIDGEVIEWRD,,NL,NOTHISPANICorNOTLATINO,UNA,UNAFFILIATED,55.0,6021978.0,Age4165,
ALAMANCE,A,ACTIVE,,,,,NL,NOTHISPANICorNOTLATINO,REP,REPUBLICAN,24.0,10272008.0,,AA161822
ALAMANCE,A,ACTIVE,,,3436DOCTORPICKETTRD7,,NL,NOTHISPANICorNOTLATINO,REP,REPUBLICAN,86.0,2252010.0,AgeOver66,AA165460
ALAMANCE,A,ACTIVE,,,2342BARBERRD,,NL,NOTHISPANICorNOTLATINO,,,82.0,10251952.0,AgeOver66,
ALAMANCE,A,ACTIVE,,,5140NNCHWY87,,NL,NOTHISPANICorNOTLATINO,,,82.0,10231964.0,AgeOver66,
ALAMANCE,R,REMOVED,,,3027MAPLEAVEL2,,NL,NOTHISPANICorNOTLATINO,,,76.0,6072002.0,AgeOver66,AA126649
ALAMANCE,A,ACTIVE,,,3035BEAVERCREEKRD,,NL,NOTHISPANICorNOTLATINO,,,40.0,5091997.0,Age2640,AA106049
ALAMANCE,I,INACTIVE,,,3572ASHEPHERDRD,WHITE,NL,NOTHISPANICorNOTLATINO,REP,REPUBLICAN,42.0,2081988.0,Age4165,AA63749
ALAMANCE,I,INACTIVE,,NATASHADAWNBARBER,5124LOWDERRD,WHITE,NL,NOTHISPANICorNOTLATINO,REP,REPUBLICAN,28.0,5102006.0,Age2640,AA146383
ALAMANCE,A,ACTIVE,,PATRICIAWAYBARBER,1012ARTHURDR,WHITE,NL,NOTHISPANICorNOTLATINO,,,69.0,4201968.0,AgeOver66,
ALAMANCE,I,INACTIVE,,PATRICKSTACEYBARBER,1013HANNAHCT,WHITE,NL,NOTHISPANICorNOTLATINO,REP,REPUBLICAN,41.0,8212003.0,Age4165,AA131106
ALAMANCE,A,ACTIVE,,PATSYHORNEBARBER,1729ELDERWAY,WHITE,NL,NOTHISPANICorNOTLATINO,,,82.0,1011900.0,AgeOver66,
ALAMANCE,I,INACTIVE,,PAULANDREWBARBER,3574SNCHWY1195,WHITE,UN,UNDESIGNATED,REP,REPUBLICAN,31.0,11092001.0,Age2640,AA125147
ALAMANCE,A,ACTIVE,,PHILLIPWAYNEBARBER,1511STANDREWSDR,WHITE,NL,NOTHISPANICorNOTLATINO,,,63.0,1112005.0,Age4165,AA142720
ALAMANCE,I,INACTIVE,,RAYMONDPAULBARBERJR,3574SNCHWY119,WHITE,NL,NOTHISPANICorNOTLATINO,UNA,UNAFFILIATED,,11061992.0,Age4165,AA85733
ALAMANCE,A,ACTIVE,,REBECCALOWEBARBER,2554OSSIPEEFRONTST,WHITE,NL,NOTHISPANICorNOTLATINO,,,74.0,1101979.0,AgeOver66,
ALAMANCE,A,ACTIVE,,RODNEYWAYNEBARBER,3100LOWERD,WHITE,NL,NOTHISPANICorNOTLATINO,REP,REPUBLICAN,,10051992.0,Age4165,AA83467
ALAMANCE,A,ACTIVE,,RONALDCHRISTOPHERBARBER,5170NNCHWY87,WHITE,NL,NOTHISPANICorNOTLATINO,,,61.0,2281972.0,Age4165,
ALAMANCE,R,REMOVED,,RUBYFARRISBARBER,3572DSHEPHERDRD,WHITE,NL,NOTHISPANICorNOTLATINO,UNA,UNAFFILIATED,87.0,4061979.0,AgeOver66,
ALAMANCE,R,REMOVED,,SAMUELSCOTTBARBER,1611MAJESTYDR,WHITE,NL,NOTHISPANICorNOTLATINO,REP,REPUBLICAN,,2082002.0,Age4165,AA125550
ALAMANCE,A,ACTIVE,,SARAHCATHERINEBARBER,1241SFIFTHSTD3,WHITE,NL,NOTHISPANICorNOTLATINO,UNA,UNAFFILIATED,26.0,10292007.0,Age2640,AA151008
ALAMANCE,A,ACTIVE,,SUSANDBARBER,1240ELWOODCT,WHITE,NL,NOTHISPANICorNOTLATINO,,,56.0,,Age4165,AA85962
ALAMANCE,A,ACTIVE,,SUSANROSALINDBARBER,323WLAKETRL,WHITE,NL,NOTHISPANICorNOTLATINO,UNA,UNAFFILIATED,62.0,1071999.0,Age4165,AA113138
ALAMANCE,A,ACTIVE,,SUSANBRAMMERBARBER,1314CEDARCRESTDR,WHITE,NL,NOTHISPANICorNOTLATINO,REP,REPUBLICAN,51.0,4192011.0,Age4165,CW453079
ALAMANCE,A,ACTIVE,,TANYASHONEBARBER,,WHITE,NL,NOTHISPANICorNOTLATINO,,,41.0,10312012.0,Age4165,AA178611
ALAMANCE,R,REMOVED,,THOMASGLENNBARBER,3863JIMMYBOWLESRD,WHITE,NL,NOTHISPANICorNOTLATINO,,,71.0,4051974.0,AgeOver66,
ALAMANCE,A,ACTIVE,,TIMOTHYRAYBARBER,5174NNCHWY87,WHITE,NL,NOTHISPANICorNOTLATINO,REP,REPUBLICAN,55.0,10312008.0,Age4165,AA162262
ALAMANCE,A,ACTIVE,,TRACIECARTERBARBER,3100LOWERD,WHITE,NL,NOTHISPANICorNOTLATINO,REP,REPUBLICAN,,10041984.0,Age4165,
ALAMANCE,R,REMOVED,,WALLACEDALEBARBER,1729ELDERWAY,WHITE,NL,NOTHISPANICorNOTLATINO,,,80.0,1011900.0,AgeOver66,
ALAMANCE,A,ACTIVE,,YVONNETERRELLBARBER,123BURTONST,WHITE,NL,NOTHISPANICorNOTLATINO,,,74.0,10061972.0,AgeOver66,
ALAMANCE,A,ACTIVE,,TERRYLYNNBARBERMANNING,2151CHEYENNEDR,WHITE,NL,NOTHISPANICorNOTLATINO,UNA,UNAFFILIATED,25.0,6092006.0,,AA146753
ALAMANCE,A,ACTIVE,,NICOLEELAMBARBERHICKS,1700WFRONTST36D,WHITE,NL,NOTHISPANICorNOTLATINO,UNA,UNAFFILIATED,43.0,2152011.0,Age4165,EH751571
ALAMANCE,I,INACTIVE,,CARLOSWINSTONBARBERAN,1464KNOLLWOODDR,OTHER,NL,NOTHISPANICorNOTLATINO,UNA,UNAFFILIATED,44.0,11082004.0,Age4165,AA142064
ALAMANCE,A,ACTIVE,,ANNAMEADORBARBIERI,,WHITE,NL,NOTHISPANICorNOTLATINO,UNA,UNAFFILIATED,41.0,12191994.0,Age4165,AA91969
ALAMANCE,A,ACTIVE,,KARENANNEBARBIERI,2389COUNCILRD,WHITE,NL,NOTHISPANICorNOTLATINO,UNA,UNAFFILIATED,37.0,,Age2640,AA105183
ALAMANCE,A,ACTIVE,,,2389COUNCILRD,WHITE,NL,NOTHISPANICorNOTLATINO,,,39.0,8251995.0,Age2640,AA154923
ALAMANCE,A,ACTIVE,,,,WHITE,NL,NOTHISPANICorNOTLATINO,UNA,UNAFFILIATED,42.0,11181994.0,Age4165,AA92136
ALAMANCE,I,INACTIVE,,ALEXANDRABARBOSA,733EHAGGARDAVE23,UNDESIGNATED,UN,UNDESIGNATED,,,25.0,,,AA161659
ALAMANCE,A,ACTIVE,,ARMANDOANGELBARBOSAJR,807TRAILONE,OTHER,NL,NOTHISPANICorNOTLATINO,REP,REPUBLICAN,24.0,6062012.0,,AA172261
ALAMANCE,A,ACTIVE,,AMBERNANBARBOUR,408CHAPELHILLRD,WHITE,NL,NOTHISPANICorNOTLATINO,UNA,UNAFFILIATED,24.0,5222008.0,,AA154924
ALAMANCE,A,ACTIVE,,ARTHURFULTONBARBOUR,142HILLSIDEDR,WHITE,NL,NOTHISPANICorNOTLATINO,,,94.0,10261946.0,AgeOver66,
ALAMANCE,A,ACTIVE,,AZALEEHOLLANDBARBOUR,2019TRYONST,WHITE,NL,NOTHISPANICorNOTLATINO,,,86.0,,AgeOver66,
ALAMANCE,A,ACTIVE,,CARIEWHITNEYBARBOUR,,WHITE,NL,NOTHISPANICorNOTLATINO,,,40.0,4201990.0,Age2640,AA71771
ALAMANCE,A,ACTIVE,,CHARLESWILLIAMBARBOUR,130WCRESCENTSQUAREDRC,WHITE,NL,NOTHISPANICorNOTLATINO,REP,REPUBLICAN,81.0,9041984.0,AgeOver66,
ALAMANCE,A,ACTIVE,,DONALDRAYBARBOUR,3435STALEYSTORERD,WHITE,NL,NOTHISPANICorNOTLATINO,UNA,UNAFFILIATED,,11051999.0,Age4165,AA115912
ALAMANCE,A,ACTIVE,,ERICEDWARDBARBOUR,706HUFFMANMILLRDL7,WHITE,NL,NOTHISPANICorNOTLATINO,UNA,UNAFFILIATED,53.0,7022008.0,Age4165,BY332935
ALAMANCE,R,REMOVED,,ERISGODWINBARBOUR,1733MALONERDA,WHITE,UN,UNDESIGNATED,DEM,,89.0,5142004.0,AgeOver66,AA134295
ALAMANCE,A,ACTIVE,,FRANKPARKERBARBOUR,3109COMMERCEPLF,UNDESIGNATED,UN,UNDESIGNATED,REP,REPUBLICAN,71.0,8312008.0,AgeOver66,BN182930
ALAMANCE,A,ACTIVE,,HAZELBURGESSBARBOUR,142HILLSIDEDR,WHITE,NL,NOTHISPANICorNOTLATINO,DEM,,89.0,,AgeOver66,
ALAMANCE,A,ACTIVE,,JAMESLEWISBARBOUR,3324OSCEOLARD,WHITE,NL,NOTHISPANICorNOTLATINO,DEM,,61.0,9101990.0,Age4165,AA73136
ALAMANCE,I,INACTIVE,,JAMESROBERTBARBOUR,216SHADOWBROOKDR,WHITE,NL,NOTHISPANICorNOTLATINO,DEM,,41.0,12052007.0,Age4165,AA151420
ALAMANCE,A,ACTIVE,,JEFFREYSCOTTBARBOUR,514HALECT,WHITE,NL,NOTHISPANICorNOTLATINO,REP,REPUBLICAN,51.0,6181990.0,Age4165,AA72050
ALAMANCE,A,ACTIVE,,JESSECALEBBARBOUR,3324OSCEOLARD,WHITE,NL,NOTHISPANICorNOTLATINO,UNA,UNAFFILIATED,34.0,4021996.0,Age2640,AA98695
ALAMANCE,A,ACTIVE,,JOANNSTAMPEBARBOUR,3324OSCEOLARD,WHITE,NL,NOTHISPANICorNOTLATINO,DEM,,63.0,9101990.0,Age4165,AA73137
ALAMANCE,D,DENIED,,JORDANSTERLINGBARBOUR,,WHITE,NL,NOTHISPANICorNOTLATINO,UNA,UNAFFILIATED,22.0,6202012.0,,AA172493
ALAMANCE,A,ACTIVE,,JORDANSTERLINGBARBOUR,,WHITE,UN,UNDESIGNATED,UNA,UNAFFILIATED,22.0,,,AA177217
ALAMANCE,R,REMOVED,,JOSEPHPARKERBARBOURJR,,WHITE,NL,NOTHISPANICorNOTLATINO,REP,REPUBLICAN,77.0,,AgeOver66,
ALAMANCE,A,ACTIVE,,JOSEPHPARKERBARBOURIV,1809MALONERD,WHITE,NL,NOTHISPANICorNOTLATINO,UNA,UNAFFILIATED,18.0,2022012.0,,AA170244
ALAMANCE,A,ACTIVE,,JOSEPHPARKERBARBOURIII,1809MALONERD,WHITE,UN,UNDESIGNATED,UNA,UNAFFILIATED,53.0,11151995.0,Age4165,AA96203
ALAMANCE,A,ACTIVE,,JOSIAHBENJAMINBARBOUR,3324OSCEOLARD,WHITE,NL,NOTHISPANICorNOTLATINO,DEM,,30.0,4192000.0,Age2640,AA118010
ALAMANCE,A,ACTIVE,,JUDITHDOUGHERTYBARBOUR,2818LOWERD,WHITE,NL,NOTHISPANICorNOTLATINO,UNA,UNAFFILIATED,68.0,,AgeOver66,
ALAMANCE,A,ACTIVE,,JULIEPARTINBARBOUR,609ROLLINGRD,WHITE,NL,NOTHISPANICorNOTLATINO,REP,REPUBLICAN,76.0,5161964.0,AgeOver66,
ALAMANCE,R,REMOVED,,KERMITTHERONBARBOUR,2523LOVETTELN,WHITE,NL,NOTHISPANICorNOTLATINO,UNA,UNAFFILIATED,93.0,,AgeOver66,
ALAMANCE,A,ACTIVE,,LARRYNEALBARBOUR,,TWOorMORERACES,UN,UNDESIGNATED,DEM,,60.0,9152004.0,Age4165,AA137742
ALAMANCE,A,ACTIVE,,LINDADALEBARBOUR,1501CHARLEIGHCT,WHITE,NL,NOTHISPANICorNOTLATINO,REP,REPUBLICAN,51.0,12151994.0,Age4165,AA91970
ALAMANCE,A,ACTIVE,,,1922EDGEWOODAVE,WHITE,NL,NOTHISPANICorNOTLATINO,UNA,UNAFFILIATED,,7012008.0,Age4165,EH484156
ALAMANCE,A,ACTIVE,,,2523LOVETTELN,WHITE,NL,NOTHISPANICorNOTLATINO,UNA,UNAFFILIATED,76.0,,AgeOver66,
ALAMANCE,A,ACTIVE,,,5319SNCHWY87,WHITE,NL,NOTHISPANICorNOTLATINO,UNA,UNAFFILIATED,38.0,4272007.0,Age2640,AA149537
ALAMANCE,A,ACTIVE,,NANFORRESTBARBOUR,,WHITE,NL,NOTHISPANICorNOTLATINO,DEM,,73.0,,AgeOver66,
ALAMANCE,A,ACTIVE,,PEGGYJEANBARBOUR,1012BELLEVUEST,BLACKorAFRICANAMERICAN,NL,NOTHISPANICorNOTLATINO,DEM,,63.0,9152004.0,Age4165,AA138617
ALAMANCE,A,ACTIVE,,RICHARDBARRYBARBOURJR,,WHITE,NL,NOTHISPANICorNOTLATINO,UNA,UNAFFILIATED,38.0,10022008.0,Age2640,DE226019
ALAMANCE,A,ACTIVE,,RICHARDALANBARBOUR,1501CHARLEIGHCT,WHITE,NL,NOTHISPANICorNOTLATINO,REP,REPUBLICAN,55.0,7281994.0,Age4165,AA90683
ALAMANCE,A,ACTIVE,,ROBERTBRENTBARBOUR,1922EDGEWOODAVE,WHITE,NL,NOTHISPANICorNOTLATINO,REP,REPUBLICAN,,8112009.0,Age4165,AA164523
ALAMANCE,A,ACTIVE,,SAMANTHALYNNETTEBARBOUR,310NSELLARSMILLRD,WHITE,NL,NOTHISPANICorNOTLATINO,DEM,,32.0,9072001.0,Age2640,AA124333
ALAMANCE,A,ACTIVE,,SHIRLEYCLARKBARBOUR,1868ROBINHOODDR,WHITE,NL,NOTHISPANICorNOTLATINO,UNA,UNAFFILIATED,75.0,11152004.0,AgeOver66,AA142065
ALAMANCE,A,ACTIVE,,TAMMIELORRAINEBARBOUR,3435STALEYSTORERD,WHITE,NL,NOTHISPANICorNOTLATINO,REP,REPUBLICAN,,10041999.0,Age4165,AA115871
ALAMANCE,A,ACTIVE,,THOMASDAVIDBARBOUR,2551MCKINNEYST,WHITE,NL,NOTHISPANICorNOTLATINO,REP,REPUBLICAN,33.0,3032004.0,Age2640,AA133217
ALAMANCE,A,ACTIVE,,TONYEDWARDBARBOUR,5200CRUMPLERLN14,WHITE,NL,NOTHISPANICorNOTLATINO,UNA,UNAFFILIATED,57.0,3122008.0,Age4165,DE129945
ALAMANCE,A,ACTIVE,,VASSALEXANDERBARBOURJR,609ROLLINGRD,WHITE,NL,NOTHISPANICorNOTLATINO,REP,REPUBLICAN,82.0,5161964.0,AgeOver66,
ALAMANCE,I,INACTIVE,,RONDARENABARBOZA,3135CALLOWAYDR,WHITE,NL,NOTHISPANICorNOTLATINO,DEM,,39.0,9292004.0,Age2640,AA138912
ALAMANCE,A,ACTIVE,,ANTHONY(NMN)BARBUTOJR,3727REDBUDRD,WHITE,NL,NOTHISPANICorNOTLATINO,UNA,UNAFFILIATED,56.0,10031992.0,Age4165,AA84019
ALAMANCE,A,ACTIVE,,LINDAHOOVERBARBUTO,3727REDBUDRD,WHITE,NL,NOTHISPANICorNOTLATINO,UNA,UNAFFILIATED,50.0,10031992.0,Age4165,AA84023
ALAMANCE,A,ACTIVE,,STACYLEEBARCA,902STHIRDST,WHITE,NL,NOTHISPANICorNOTLATINO,REP,REPUBLICAN,,10262000.0,Age4165,AA122008
ALAMANCE,A,ACTIVE,,VINCEBARCA,902STHIRDST,WHITE,NL,NOTHISPANICorNOTLATINO,DEM,,51.0,3181999.0,Age4165,AA113809
ALAMANCE,I,INACTIVE,,JUANCARLOSMELCHOBARCENAS,751KERNODLELN58,OTHER,NL,NOTHISPANICorNOTLATINO,REP,REPUBLICAN,36.0,8311999.0,Age2640,AA115395
ALAMANCE,A,ACTIVE,,JANEANNBARCKHOLTZ,,WHITE,UN,UNDESIGNATED,REP,REPUBLICAN,63.0,6282012.0,Age4165,DJ9969
ALAMANCE,A,ACTIVE,,WILLIAMAUSTINBARCLAY,610NMEBANEST,WHITE,NL,NOTHISPANICorNOTLATINO,DEM,,21.0,11042009.0,,AA165004
ALAMANCE,A,ACTIVE,,JORDANELYSEBARCUS,4505FOREYSCT,WHITE,UN,UNDESIGNATED,UNA,UNAFFILIATED,20.0,8192010.0,,AA166589
ALAMANCE,A,ACTIVE,,PAULTANNERBARCUS,4505FOREYSCT,WHITE,NL,NOTHISPANICorNOTLATINO,REP,REPUBLICAN,18.0,2242012.0,,AA170442
ALAMANCE,A,ACTIVE,,PETERWALDENBARCUS,4505FOREYSCT,WHITE,NL,NOTHISPANICorNOTLATINO,DEM,,57.0,6022004.0,Age4165,AA134520
ALAMANCE,A,ACTIVE,,BETHANYRAEBARDEN,2016GLENNDALELN,WHITE,NL,NOTHISPANICorNOTLATINO,REP,REPUBLICAN,33.0,9042012.0,Age2640,BY364742
ALAMANCE,A,ACTIVE,,CHANCELANDONBARDEN,2016GLENNDALELN,WHITE,NL,NOTHISPANICorNOTLATINO,REP,REPUBLICAN,35.0,9042012.0,Age2640,AA174596
ALAMANCE,A,ACTIVE,,ROBINDONALDBARDEN,2055GLENNDALELN,WHITE,UN,UNDESIGNATED,REP,REPUBLICAN,63.0,1192012.0,Age4165,BY384990
ALAMANCE,A,ACTIVE,,SANDRALEEBARDEN,2016GLENNDALELN,WHITE,UN,UNDESIGNATED,UNA,UNAFFILIATED,65.0,9042012.0,Age4165,CY27535
ALAMANCE,A,ACTIVE,,BETSYFOOSBARDES,4108DUNLEVYCT,WHITE,NL,NOTHISPANICorNOTLATINO,REP,REPUBLICAN,,,Age4165,AA142066
ALAMANCE,A,ACTIVE,,DAVIDANDREWBARDES,2912ETHANPOINTEDR10112,WHITE,NL,NOTHISPANICorNOTLATINO,REP,REPUBLICAN,,9262008.0,Age4165,CW786831
ALAMANCE,D,DENIED,,DAVIDAUSTINBARDES,2016GLENNDALELN,WHITE,NL,NOTHISPANICorNOTLATINO,REP,REPUBLICAN,18.0,2012012.0,,AA170227
ALAMANCE,A,ACTIVE,,DELORESANNBARDIN,5560FANCYLOOPRD,WHITE,NL,NOTHISPANICorNOTLATINO,UNA,UNAFFILIATED,58.0,9302009.0,Age4165,AR8154
ALAMANCE,A,ACTIVE,,PATRICIAANNESCHMIDTBARDIN,3117AMHERSTAVE,WHITE,NL,NOTHISPANICorNOTLATINO,UNA,UNAFFILIATED,56.0,9301992.0,Age4165,AA83469
ALAMANCE,A,ACTIVE,,WILLIAMEARLBARDINJR,3117AMHERSTAVE,WHITE,NL,NOTHISPANICorNOTLATINO,REP,REPUBLICAN,58.0,9281992.0,Age4165,AA83470
ALAMANCE,A,ACTIVE,,AARONCALEBBARDO,602EHAGGARDAVE54,WHITE,NL,NOTHISPANICorNOTLATINO,UNA,UNAFFILIATED,26.0,9242008.0,Age2640,AA161352
ALAMANCE,A,ACTIVE,,,100VICTORIALN,WHITE,UN,UNDESIGNATED,REP,REPUBLICAN,,,Age4165,BY464324
ALAMANCE,A,ACTIVE,,SCOTTGREGORYBARDSLEY,100VICTORIALN,WHITE,NL,NOTHISPANICorNOTLATINO,REP,REPUBLICAN,50.0,1302008.0,Age4165,BY465735
ALAMANCE,R,REMOVED,,FRANCISGLENBARDWELL,333DODSONRD,WHITE,NL,NOTHISPANICorNOTLATINO,DEM,,93.0,10291960.0,AgeOver66,
ALAMANCE,A,ACTIVE,,,343BALDWINRDC32,WHITE,NL,NOTHISPANICorNOTLATINO,DEM,,84.0,,AgeOver66,
ALAMANCE,A,ACTIVE,,AMANDAWHITFIELDBARE,2360FRESHWATERRD9,WHITE,NL,NOTHISPANICorNOTLATINO,REP,REPUBLICAN,24.0,4182006.0,,AA146634
ALAMANCE,A,ACTIVE,,APRILDAWNBARE,2570FAUCETTELN,WHITE,NL,NOTHISPANICorNOTLATINO,DEM,,24.0,4282006.0,,AA146384
ALAMANCE,A,ACTIVE,,ASHLEYMICHELLEBARE,2570FAUCETTELN,WHITE,UN,UNDESIGNATED,DEM,,26.0,4152004.0,Age2640,AA133823
ALAMANCE,A,ACTIVE,,ASHLEYTALBERTBARE,3347PONDRD,WHITE,NL,NOTHISPANICorNOTLATINO,DEM,,29.0,,Age2640,AA177182
ALAMANCE,A,ACTIVE,,BRIANWAYNEBARE,4787SNCHWY87A,WHITE,NL,NOTHISPANICorNOTLATINO,REP,REPUBLICAN,32.0,8252000.0,Age2640,AA119437
ALAMANCE,A,ACTIVE,,CATHERINEMARTINBARE,407DOGGETTDR,WHITE,NL,NOTHISPANICorNOTLATINO,UNA,UNAFFILIATED,78.0,10291960.0,AgeOver66,
ALAMANCE,I,INACTIVE,,CLINTONHEATHBARE,423HAWTHORNELN,WHITE,NL,NOTHISPANICorNOTLATINO,UNA,UNAFFILIATED,32.0,9172004.0,Age2640,AA138171
ALAMANCE,A,ACTIVE,,DEBRAJANEBARE,5979SNCHWY87,WHITE,NL,NOTHISPANICorNOTLATINO,DEM,,38.0,9231992.0,Age2640,AA83255
ALAMANCE,A,ACTIVE,,DEBRADANLEYBARE,8765CRUTCHFIELDRD,WHITE,NL,NOTHISPANICorNOTLATINO,REP,REPUBLICAN,51.0,11122010.0,Age4165,CZ17116
ALAMANCE,A,ACTIVE,,DIANNESMITHEYBARE,2505OSSIPEEFRONTST,WHITE,NL,NOTHISPANICorNOTLATINO,UNA,UNAFFILIATED,69.0,9221998.0,AgeOver66,AA111531
ALAMANCE,A,ACTIVE,,EARLDAMERONBARE,2833SNCHWY873,WHITE,NL,NOTHISPANICorNOTLATINO,DEM,,55.0,10051984.0,Age4165,
ALAMANCE,,ACTIVE,,EDWARDMATTHEWBARE,2513OSSIPEEFRONTST,WHITE,NL,NOTHISPANICorNOTLATINO,UNA,UNAFFILIATED,22.0,9022011.0,,AA169264
ALAMANCE,A,ACTIVE,,ERNESTLEEBAREIII,2513OSSIPEEFRONTST,WHITE,NL,NOTHISPANICorNOTLATINO,UNA,UNAFFILIATED,44.0,9301986.0,Age4165,AA60577
ALAMANCE,,ACTIVE,,GLENDAFAUCETTEBARE,6508NNCHWY62,WHITE,UN,UNDESIGNATED,DEM,,72.0,2122004.0,AgeOver66,AA132890
ALAMANCE,,ACTIVE,,JACOBDANIELBARE,2474ALSONWHITERD,WHITE,NL,NOTHISPANICorNOTLATINO,REP,REPUBLICAN,29.0,8072001.0,Age2640,AA124166
ALAMANCE,,ACTIVE,,JENNYRENEEBARE,2416MAJORHILLRD,WHITE,NL,NOTHISPANICorNOTLATINO,DEM,,35.0,11032006.0,Age2640,AA148055
ALAMANCE,,ACTIVE,,JOSHUABRANDONBARE,2833SNCHWY873,WHITE,NL,NOTHISPANICorNOTLATINO,REP,REPUBLICAN,25.0,8272007.0,,AA150484
ALAMANCE,R,REMOVED,,JUNIORCLAYTONBARE,6508NNCHWY62,WHITE,UN,UNDESIGNATED,DEM,,78.0,2122004.0,AgeOver66,AA132891
ALAMANCE,,ACTIVE,,KRISTINALYNNBARE,402ROXBOROST,WHITE,NL,NOTHISPANICorNOTLATINO,UNA,UNAFFILIATED,30.0,3072003.0,Age2640,AA129728
ALAMANCE,,ACTIVE,,,1249HANFORDRD,WHITE,NL,NOTHISPANICorNOTLATINO,DEM,,,3291984.0,Age4165,
ALAMANCE,,ACTIVE,,,407DOGGETTDR,WHITE,NL,NOTHISPANICorNOTLATINO,UNA,UNAFFILIATED,73.0,10291960.0,AgeOver66,
ALAMANCE,,ACTIVE,,,719ROCKWOODDR,WHITE,NL,NOTHISPANICorNOTLATINO,UNA,UNAFFILIATED,51.0,4031979.0,Age4165,
ALAMANCE,,ACTIVE,,NANCYSTANFORDBARE,5979SNCHWY87,WHITE,NL,NOTHISPANICorNOTLATINO,DEM,,72.0,5091964.0,AgeOver66,
ALAMANCE,,ACTIVE,,NANCYLYNNBARE,6031SNCHWY87,WHITE,NL,NOTHISPANICorNOTLATINO,DEM,,,5082012.0,Age4165,AA171688
ALAMANCE,,ACTIVE,,PEGGYWILSONBARE,1331BELLEMONTLN,WHITE,UN,UNDESIGNATED,DEM,,73.0,12192008.0,AgeOver66,AA162482
ALAMANCE,D,DENIED,,REBECCAMACEBARE,423HAWTHORNELN,WHITE,NL,NOTHISPANICorNOTLATINO,REP,REPUBLICAN,26.0,12202010.0,Age2640,AA167825
ALAMANCE,,ACTIVE,,RICHARDNORRISBAREJR,2334MELROSEDR,WHITE,NL,NOTHISPANICorNOTLATINO,REP,REPUBLICAN,30.0,6042007.0,Age2640,AA149748
ALAMANCE,,ACTIVE,,RICHARDNORRISBARE,6116NNCHWY119,WHITE,NL,NOTHISPANICorNOTLATINO,REP,REPUBLICAN,,2262003.0,Age4165,AA129644
ALAMANCE,,ACTIVE,,ROLANDFRANKBARE,1423EMAINSTH,WHITE,NL,NOTHISPANICorNOTLATINO,REP,REPUBLICAN,51.0,,Age4165,AA177433
ALAMANCE,,ACTIVE,,SAMANTHAOVERLYBARE,2513OSSIPEEFRONTST,WHITE,NL,NOTHISPANICorNOTLATINO,UNA,UNAFFILIATED,41.0,1102001.0,Age4165,AA122009
ALAMANCE,,ACTIVE,,SONNYBARE,1331BELLEMONTLN,WHITE,UN,UNDESIGNATED,DEM,,74.0,1132003.0,AgeOver66,AA129239
ALAMANCE,,ACTIVE,,TAMARAJANEBARE,,WHITE,NL,NOTHISPANICorNOTLATINO,REP,REPUBLICAN,61.0,9271984.0,Age4165,
ALAMANCE,I,INACTIVE,,TERESAREVISBARE,1313ROLLINGMEADOWSCT,WHITE,NL,NOTHISPANICorNOTLATINO,DEM,,31.0,1122001.0,Age2640,AA122618
ALAMANCE,,ACTIVE,,THOMASEDWARDBARE,912EDAVISST,WHITE,NL,NOTHISPANICorNOTLATINO,UNA,UNAFFILIATED,52.0,4132012.0,Age4165,AA171450
ALAMANCE,,ACTIVE,,TIMOTHYRAYBARE,8765CRUTCHFIELDRD,WHITE,NL,NOTHISPANICorNOTLATINO,REP,REPUBLICAN,57.0,2281984.0,Age4165,
ALAMANCE,,ACTIVE,,WILLIAMDARRELLBARE,5979SNCHWY87,WHITE,NL,NOTHISPANICorNOTLATINO,DEM,,70.0,5091964.0,AgeOver66,
ALAMANCE,,ACTIVE,,ANITAWATKINSBAREFOOT,,WHITE,NL,NOTHISPANICorNOTLATINO,REP,REPUBLICAN,54.0,10011976.0,Age4165,
ALAMANCE,,ACTIVE,,BETTYFOSTERBAREFOOT,2807NFAIRWAYDR,WHITE,NL,NOTHISPANICorNOTLATINO,DEM,,67.0,10061975.0,AgeOver66,
ALAMANCE,,ACTIVE,,CHRISTADANIELLEBAREFOOT,2807NFAIRWAYDR,WHITE,NL,NOTHISPANICorNOTLATINO,REP,REPUBLICAN,38.0,9281994.0,Age2640,AA91427
ALAMANCE,,ACTIVE,,CHRISTYRENEEBAREFOOT,403KERNODLEDR,WHITE,NL,NOTHISPANICorNOTLATINO,REP,REPUBLICAN,36.0,5102001.0,Age2640,AA123400
ALAMANCE,,ACTIVE,,DANHARDYBAREFOOT,2807NFAIRWAYDR,WHITE,NL,NOTHISPANICorNOTLATINO,DEM,,68.0,10061975.0,AgeOver66,
ALAMANCE,,ACTIVE,,JOSHUALEEBAREFOOT,1497ALTAMAHAWUNIONRIDGERD,WHITE,NL,NOTHISPANICorNOTLATINO,REP,REPUBLICAN,18.0,5012012.0,,AA172326
ALAMANCE,,ACTIVE,,LINDAGARRISONBAREFOOT,1497ALTAMAHAWUNIONRIDGERD,WHITE,NL,NOTHISPANICorNOTLATINO,REP,REPUBLICAN,53.0,1211998.0,Age4165,AA108917
ALAMANCE,,ACTIVE,,,8342PLEASANTHILLCHURCHRD,,NL,NOTHISPANICorNOTLATINO,DEM,,42.0,7252009.0,Age4165,DE246067
ALAMANCE,,ACTIVE,,ROGERDALEBAREFOOT,,WHITE,NL,NOTHISPANICorNOTLATINO,REP,REPUBLICAN,52.0,2032006.0,Age4165,AA145738
ALAMANCE,,ACTIVE,,WALTERMCRAEBAREFOOTJR,1497ALTAMAHAWUNIONRIDGERD,,NL,NOTHISPANICorNOTLATINO,REP,REPUBLICAN,60.0,5141992.0,Age4165,AA81398
ALAMANCE,,ACTIVE,,BARBARAHUNTBARFIELD,,,NL,NOTHISPANICorNOTLATINO,REP,REPUBLICAN,58.0,,Age4165,AA67205
ALAMANCE,,ACTIVE,,BRYANSCOTTBARFIELD,762GIBSONRD,,UN,UNDESIGNATED,REP,REPUBLICAN,,8082008.0,Age4165,AA156132
ALAMANCE,,ACTIVE,,CHRISTOPHERSHAWNBARFIELD,6130MTZIONRD,,NL,NOTHISPANICorNOTLATINO,REP,REPUBLICAN,34.0,10012012.0,Age2640,AA175519
ALAMANCE,,ACTIVE,,CRAIGSTEPHENSONBARFIELD,709LYNWOODDR,,NL,NOTHISPANICorNOTLATINO,REP,REPUBLICAN,51.0,,Age4165,AA68024
ALAMANCE,,ACTIVE,,EMILEIGHCHRISTINABARFIELD,709LYNWOODDR,,UN,UNDESIGNATED,REP,REPUBLICAN,21.0,8022012.0,,AA174121
ALAMANCE,,ACTIVE,,KENNETHFRANKLINBARFIELD,3105VICTORIAFALLSDR,,NL,NOTHISPANICorNOTLATINO,REP,REPUBLICAN,57.0,9242012.0,Age4165,AA174917
ALAMANCE,,ACTIVE,,,709LYNWOODDR,,NL,NOTHISPANICorNOTLATINO,REP,REPUBLICAN,,,Age4165,AA68025
ALAMANCE,,ACTIVE,,,762GIBSONRD,,NL,NOTHISPANICorNOTLATINO,UNA,UNAFFILIATED,44.0,,Age4165,AA91854
ALAMANCE,,ACTIVE,,RICHARDSTEPHENSONBARFIELD,5345SPRINGVIEWCT,,NL,NOTHISPANICorNOTLATINO,REP,REPUBLICAN,72.0,8122003.0,AgeOver66,AA131012
ALAMANCE,,ACTIVE,,ROZELIAABARFIELD,5345SPRINGVIEWCT,,UN,UNDESIGNATED,REP,REPUBLICAN,72.0,9172004.0,AgeOver66,AA137868
ALAMANCE,,ACTIVE,,SHAWNCHRISTOPHERBARFIELD,870NMARYEDR,,NL,NOTHISPANICorNOTLATINO,REP,REPUBLICAN,43.0,,Age4165,AA167257
ALAMANCE,,ACTIVE,,STEFANIEBROWNBARFIELD,870NMARYEDR,,UN,UNDESIGNATED,DEM,,38.0,3311998.0,Age2640,AA109799
ALAMANCE,R,REMOVED,,WARRENCLARKBARFIELD,6566BETHELSOUTHFORKRD,,NL,NOTHISPANICorNOTLATINO,DEM,,63.0,7102002.0,Age4165,AA126871
ALAMANCE,,ACTIVE,,WILLIAMLARRYBARFIELD,,,NL,NOTHISPANICorNOTLATINO,REP,REPUBLICAN,60.0,,Age4165,AA67206
ALAMANCE,,ACTIVE,,CECILRALPHBARGERSR,1309GREENWOODTER,,NL,NOTHISPANICorNOTLATINO,DEM,,81.0,4081996.0,AgeOver66,AA98692
ALAMANCE,,ACTIVE,,KIMBERLYFUQUABARGER,2173CRYSTALSPRINGCT,,NL,NOTHISPANICorNOTLATINO,REP,REPUBLICAN,39.0,5201991.0,Age2640,AA77436
ALAMANCE,,ACTIVE,,,1309GREENWOODTER,,NL,NOTHISPANICorNOTLATINO,DEM,,82.0,7151976.0,AgeOver66,AA24719
ALAMANCE,,ACTIVE,,,1720OLDSTMARK'SCHURCHRD72B,,UN,UNDESIGNATED,REP,REPUBLICAN,,10072008.0,Age4165,AA161353
ALAMANCE,,ACTIVE,,NANCYRONEYBARGER,505EMAINST,,NL,NOTHISPANICorNOTLATINO,DEM,,99.0,5031958.0,AgeOver66,
ALAMANCE,,ACTIVE,,SAMUELEDWARDBARGER,1504HIDDENRIVERTRL,,NL,NOTHISPANICorNOTLATINO,UNA,UNAFFILIATED,62.0,,Age4165,AA121294
ALAMANCE,,ACTIVE,,SHANEJEFFREYBARGER,2173CRYSTALSPRINGCT,,NL,NOTHISPANICorNOTLATINO,UNA,UNAFFILIATED,39.0,6241996.0,Age2640,AA99990
ALAMANCE,,ACTIVE,,SHERADAWKINSBARGER,1504HIDDENRIVERTRL,,NL,NOTHISPANICorNOTLATINO,REP,REPUBLICAN,56.0,6181991.0,Age4165,AA77545
ALAMANCE,R,REMOVED,,TRACIMCINTYREBARGER,2008QUAKERCREEKDR,,UN,UNDESIGNATED,DEM,,43.0,10022008.0,Age4165,AL158895
ALAMANCE,,ACTIVE,,AUNDRAWOLFEBARHAM,324DAREST,,UN,UNDESIGNATED,REP,REPUBLICAN,77.0,9281976.0,AgeOver66,
ALAMANCE,,ACTIVE,,BETTYJEANCARTERBARHAM,141DOGWOODDR,,NL,NOTHISPANICorNOTLATINO,REP,REPUBLICAN,74.0,,AgeOver66,
ALAMANCE,R,REMOVED,,GILDAMULLINSBARHAM,1727ERWINAVE,,NL,NOTHISPANICorNOTLATINO,DEM,,78.0,10241964.0,AgeOver66,
ALAMANCE,R,REMOVED,,JULIANJACKSONBARHAM,3208SMEBANEST,,NL,NOTHISPANICorNOTLATINO,UNA,UNAFFILIATED,84.0,1221976.0,AgeOver66,
ALAMANCE,,ACTIVE,,KATHERNHALLBARHAM,1535CHERRYLN,,NL,NOTHISPANICorNOTLATINO,REP,REPUBLICAN,,9091984.0,Age4165,
ALAMANCE,,ACTIVE,,KAYLEIGHRENAEBARHAM,1535CHERRYLN,,NL,NOTHISPANICorNOTLATINO,REP,REPUBLICAN,22.0,1222008.0,,AA151937
ALAMANCE,,ACTIVE,,KELSEYBARHAM,1535CHERRYLN,UNDESIGNATED,UN,UNDESIGNATED,LIB,LIBERTARIAN,20.0,10022012.0,,AA176371
ALAMANCE,R,REMOVED,,LEONARDJARRETTBARHAM,4824MTVERNONCHURCHRD,,NL,NOTHISPANICorNOTLATINO,REP,REPUBLICAN,85.0,2191990.0,AgeOver66,AA70552
ALAMANCE,R,REMOVED,,,4824MTVERNONCHURCHRD,,NL,NOTHISPANICorNOTLATINO,REP,REPUBLICAN,84.0,2191990.0,AgeOver66,AA70591
ALAMANCE,,ACTIVE,,MONIKAMARGARETEBARHAM,1821SONJACT,,NL,NOTHISPANICorNOTLATINO,UNA,UNAFFILIATED,70.0,8131992.0,AgeOver66,AA82719
ALAMANCE,,ACTIVE,,PAIGEGODWINBARHAM,2826KECKDR,,NL,NOTHISPANICorNOTLATINO,DEM,,,7252002.0,Age4165,AA127025
ALAMANCE,,ACTIVE,,ROBERTDBARHAM,2544HYDEST,,UN,UNDESIGNATED,UNA,UNAFFILIATED,,11141994.0,Age4165,AA91918
ALAMANCE,,ACTIVE,,RODNEYALANBARHAM,2301SUNBERRYDR,,NL,NOTHISPANICorNOTLATINO,REP,REPUBLICAN,44.0,3281986.0,Age4165,AA59640
ALAMANCE,,ACTIVE,,SAMANTHAELAINEBARHAM,2826KECKDR,,NL,NOTHISPANICorNOTLATINO,DEM,,25.0,12112007.0,,AA151484
ALAMANCE,,ACTIVE,,STEPHENDWIGHTBARHAM,2826KECKDR,,UN,UNDESIGNATED,REP,REPUBLICAN,44.0,10012002.0,Age4165,AA127879
ALAMANCE,,ACTIVE,,STEPHENDANIELBARHAM,2826KECKDR,,NL,NOTHISPANICorNOTLATINO,DEM,,18.0,5042012.0,,AA171637
ALAMANCE,R,REMOVED,,SUEPICKARDBARHAM,1307CARLTONAVE,,NL,NOTHISPANICorNOTLATINO,DEM,,88.0,4201968.0,AgeOver66,
ALAMANCE,R,REMOVED,,THERESAELAINEBARHAM,735SHAWNEEDRA,BLACKorAFRICANAMERICAN,UN,UNDESIGNATED,DEM,,55.0,,Age4165,AA115913
ALAMANCE,,ACTIVE,,TONYAGUTHRIEBARHAM,2301SUNBERRYDR,,UN,UNDESIGNATED,REP,REPUBLICAN,41.0,11042008.0,Age4165,AA162483
ALAMANCE,,ACTIVE,,WENDYELAINEBARHAM,2544HYDEST,,NL,NOTHISPANICorNOTLATINO,REP,REPUBLICAN,,4051984.0,Age4165,
ALAMANCE,R,REMOVED,,WILLIAMPAULBARHAM,1821SONJACT,,NL,NOTHISPANICorNOTLATINO,DEM,,76.0,10061986.0,AgeOver66,AA60738
ALAMANCE,R,REMOVED,,WILLIAMBURCHBARHAM,141DOGWOODDR,,NL,NOTHISPANICorNOTLATINO,REP,REPUBLICAN,80.0,10011976.0,AgeOver66,
ALAMANCE,I,INACTIVE,,KIMBERLYBARI,215WOODALEDRB,,NL,NOTHISPANICorNOTLATINO,DEM,,28.0,9282004.0,Age2640,AA138607
ALAMANCE,,ACTIVE,,ANTOINETTECARDASSIBARIC,2600NORTHSTREAMCT,,NL,NOTHISPANICorNOTLATINO,DEM,,52.0,9291987.0,Age4165,AA62402
ALAMANCE,,ACTIVE,,,2600NORTHSTREAMCT,,NL,NOTHISPANICorNOTLATINO,DEM,,24.0,7032006.0,,AA146941
ALAMANCE,,ACTIVE,,RALPHSTEVENBARIC,2600NORTHSTREAMCT,,NL,NOTHISPANICorNOTLATINO,DEM,,58.0,9291987.0,Age4165,AA62403
ALAMANCE,,ACTIVE,,NATHANALEXANDERBARILLA,2733SNCHWY87,,NL,NOTHISPANICorNOTLATINO,REP,REPUBLICAN,28.0,7122011.0,Age2640,AA168882
ALAMANCE,,ACTIVE,,ALICIACORONADOBARILLAS,315MOSERST,OTHER,HL,HISPANICorLATINO,DEM,,,9252012.0,Age4165,AA175153
ALAMANCE,,ACTIVE,,KARENELIZABETHBARILLAS,315MOSERST,TWOorMORERACES,HL,HISPANICorLATINO,DEM,,23.0,7202007.0,,AA150191
ALAMANCE,,ACTIVE,,,2122BELMONTST,OTHER,HL,HISPANICorLATINO,UNA,UNAFFILIATED,32.0,8012012.0,Age2640,AA173734
ALAMANCE,,ACTIVE,,OMARALEXANDERBARILLAS,315MOSERST,UNDESIGNATED,UN,UNDESIGNATED,DEM,,20.0,10012012.0,,AA175759
ALAMANCE,,ACTIVE,,RONALDMISAELBARILLAS,920BELLEVUEST,UNDESIGNATED,HL,HISPANICorLATINO,UNA,UNAFFILIATED,30.0,8012012.0,Age2640,AA173735
ALAMANCE,,ACTIVE,,ALEXANDRALEEBARKASY,412NLOGANSTB,,NL,NOTHISPANICorNOTLATINO,UNA,UNAFFILIATED,29.0,,Age2640,AA177627
ALAMANCE,,ACTIVE,,ADAMLEEBARKER,3552WESTMEADOWLN,,NL,NOTHISPANICorNOTLATINO,REP,REPUBLICAN,28.0,6222004.0,Age2640,AA135059
ALAMANCE,,ACTIVE,,ALANDOUGLASBARKER,6811PAGETOWNRD,,NL,NOTHISPANICorNOTLATINO,REP,REPUBLICAN,18.0,4092012.0,,AA171226
ALAMANCE,,ACTIVE,,ANGELAWHITEBARKER,347NNCHWY87,,NL,NOTHISPANICorNOTLATINO,UNA,UNAFFILIATED,66.0,,AgeOver66,AA61191
ALAMANCE,,ACTIVE,,ANNEDGERTONBARKER,1770TURNERRD,,NL,NOTHISPANICorNOTLATINO,REP,REPUBLICAN,44.0,12121997.0,Age4165,AA108460
ALAMANCE,,ACTIVE,,ANNELIZABETHBARKER,402EOAKWOODST,UNDESIGNATED,UN,UNDESIGNATED,UNA,UNAFFILIATED,67.0,,AgeOver66,AA128276
ALAMANCE,R,REMOVED,,ANNAHENSLEYBARKER,2607CLARENDONRD,,NL,NOTHISPANICorNOTLATINO,DEM,,86.0,10061980.0,AgeOver66,
ALAMANCE,,ACTIVE,,ASHLEYPASCHALBARKER,3552WESTMEADOWLN,,NL,NOTHISPANICorNOTLATINO,REP,REPUBLICAN,25.0,9292008.0,,AA158119
ALAMANCE,R,REMOVED,,BILLYHAROLDBARKER,6721PAGETOWNRD,,NL,NOTHISPANICorNOTLATINO,REP,REPUBLICAN,88.0,,AgeOver66,
ALAMANCE,,ACTIVE,,CALEBNATHANAELBARKER,1770TURNERRD,,NL,NOTHISPANICorNOTLATINO,UNA,UNAFFILIATED,20.0,10062010.0,,AA167029
ALAMANCE,,ACTIVE,,CATHERINELOUISEBARKER,2014MALONERD,,NL,NOTHISPANICorNOTLATINO,UNA,UNAFFILIATED,37.0,7292010.0,Age2640,AT24348
ALAMANCE,,ACTIVE,,CHARLESERVINBARKER,2043MEADOWLN,,NL,NOTHISPANICorNOTLATINO,REP,REPUBLICAN,70.0,7012008.0,AgeOver66,AA154926
ALAMANCE,,ACTIVE,,CRYSTALMICHELEBARKER,7009OLDPLANTATIONDR,,NL,NOTHISPANICorNOTLATINO,REP,REPUBLICAN,33.0,11022004.0,Age2640,AA141485
ALAMANCE,,ACTIVE,,CURTISWAYNEBARKER,1324EMAINST,,NL,NOTHISPANICorNOTLATINO,DEM,,68.0,9291975.0,AgeOver66,
ALAMANCE,,ACTIVE,,DANIELCURTISBARKER,4973SWEPSONVILLESAXAPAHAWRD,,NL,NOTHISPANICorNOTLATINO,DEM,,23.0,6272012.0,,AA172658
ALAMANCE,,ACTIVE,,DONALDLYNNBARKER,2960STONEYCREEKCHURCHRD,,NL,NOTHISPANICorNOTLATINO,REP,REPUBLICAN,55.0,10061980.0,Age4165,
ALAMANCE,,ACTIVE,,DOROTHYMBARKER,6721PAGETOWNRD,,NL,NOTHISPANICorNOTLATINO,REP,REPUBLICAN,85.0,8251956.0,AgeOver66,
ALAMANCE,,ACTIVE,,ELAINEJOYCEBARKER,1605SYKESST,,NL,NOTHISPANICorNOTLATINO,REP,REPUBLICAN,30.0,3032000.0,Age2640,AA117164
ALAMANCE,,ACTIVE,,EMERSONWAYNEBARKER,,,UN,UNDESIGNATED,UNA,UNAFFILIATED,20.0,12272010.0,,AA167826
ALAMANCE,,ACTIVE,,ERICEDWINBARKER,1647SAXAPAHAWBETHLEHEMCHURCHRDM201,,UN,UNDESIGNATED,DEM,,38.0,5082012.0,Age2640,AA171700
ALAMANCE,,ACTIVE,,FRANCESTURNERBARKER,6515PAGETOWNRD,,UN,UNDESIGNATED,REP,REPUBLICAN,79.0,8181956.0,AgeOver66,
ALAMANCE,,ACTIVE,,GARYDOUGLASBARKER,6811PAGETOWNRD,,NL,NOTHISPANICorNOTLATINO,REP,REPUBLICAN,60.0,10071972.0,Age4165,
ALAMANCE,,ACTIVE,,GREGORYWAYNEBARKER,,,NL,NOTHISPANICorNOTLATINO,REP,REPUBLICAN,51.0,9271991.0,Age4165,AA78442
ALAMANCE,R,REMOVED,,HARMONLEEBARKER,4973SWEPSONVILLESAXAPAHAWRD,,UN,UNDESIGNATED,REP,REPUBLICAN,56.0,11052002.0,Age4165,AA128472
ALAMANCE,,ACTIVE,,HAZELSWANSONBARKER,1413LONGST,,NL,NOTHISPANICorNOTLATINO,DEM,,81.0,,AgeOver66,
ALAMANCE,,ACTIVE,,JACQUELINEBROWNBARKER,440NNCHWY87,,NL,NOTHISPANICorNOTLATINO,REP,REPUBLICAN,73.0,10241964.0,AgeOver66,
ALAMANCE,,ACTIVE,,JAMIELEIGHKEENBARKER,6371ANDERSCT,,NL,NOTHISPANICorNOTLATINO,REP,REPUBLICAN,31.0,2172012.0,Age2640,AA134652
ALAMANCE,,ACTIVE,,JANETATKINSBARKER,2960STONEYCREEKCHURCHRD,,NL,NOTHISPANICorNOTLATINO,REP,REPUBLICAN,52.0,12091994.0,Age4165,AA91920
ALAMANCE,,ACTIVE,,JANIEMABEBARKER,1319EJOYNERST7209,,NL,NOTHISPANICorNOTLATINO,DEM,,70.0,11031975.0,AgeOver66,
ALAMANCE,,ACTIVE,,JOANJONESBARKER,1324EMAINST,WHITE,NL,NOTHISPANICorNOTLATINO,,,69.0,10081973.0,AgeOver66,
ALAMANCE,,ACTIVE,,KATHLEENCATESBARKER,181WILKINSRD173,WHITE,NL,NOTHISPANICorNOTLATINO,UNA,UNAFFILIATED,57.0,4202012.0,Age4165,AA171534
ALAMANCE,,ACTIVE,,KEITHEDWARDBARKER,2635EVERGREENLN,WHITE,NL,NOTHISPANICorNOTLATINO,REP,REPUBLICAN,56.0,6281990.0,Age4165,AA72236
ALAMANCE,,ACTIVE,,KENNETHELMERBARKER,347NNCHWY87,WHITE,NL,NOTHISPANICorNOTLATINO,,,64.0,10061986.0,Age4165,AA60739
ALAMANCE,R,REMOVED,,KENNETHANDREWBARKER,2119SANDYCROSSRD,WHITE,UN,UNDESIGNATED,UNA,UNAFFILIATED,41.0,11052002.0,Age4165,AA128473
ALAMANCE,R,REMOVED,,LAURAJEANLANIERBARKER,2425MORANSTA,WHITE,NL,NOTHISPANICorNOTLATINO,UNA,UNAFFILIATED,37.0,2251999.0,Age2640,AA113630
ALAMANCE,,ACTIVE,,LINDAKEENERBARKER,6811PAGETOWNRD,WHITE,NL,NOTHISPANICorNOTLATINO,REP,REPUBLICAN,55.0,10021983.0,Age4165,
ALAMANCE,,ACTIVE,,,2121COMBSST,WHITE,UN,UNDESIGNATED,REP,REPUBLICAN,82.0,10012004.0,AgeOver66,AA139617
ALAMANCE,,ACTIVE,,,,WHITE,NL,NOTHISPANICorNOTLATINO,REP,REPUBLICAN,51.0,9271991.0,Age4165,AA78443
ALAMANCE,,ACTIVE,,,2635EVERGREENLN,OTHER,NL,NOTHISPANICorNOTLATINO,REP,REPUBLICAN,64.0,6281990.0,Age4165,AA72237
ALAMANCE,,ACTIVE,,,1770TURNERRD,WHITE,NL,NOTHISPANICorNOTLATINO,UNA,UNAFFILIATED,51.0,11261997.0,Age4165,AA108461
ALAMANCE,,ACTIVE,,,616CARRAWAYDR,WHITE,NL,NOTHISPANICorNOTLATINO,UNA,UNAFFILIATED,67.0,4251994.0,AgeOver66,AA90142
ALAMANCE,,ACTIVE,,PAULSTEVENBARKER,2439OSSIPEEFRONTST,WHITE,NL,NOTHISPANICorNOTLATINO,UNA,UNAFFILIATED,,12111995.0,Age4165,AA96770
ALAMANCE,,ACTIVE,,PAULRICHARDBARKER,2124HOLLANDAVE,WHITE,NL,NOTHISPANICorNOTLATINO,,,,,Age4165,AA177942
ALAMANCE,,ACTIVE,,PHILIPBENAIAHBARKER,1770TURNERRD,WHITE,NL,NOTHISPANICorNOTLATINO,UNA,UNAFFILIATED,18.0,10012012.0,,AA175574
ALAMANCE,,ACTIVE,,RONALDSTEPHENBARKER,1319EJOYNERST7209,WHITE,NL,NOTHISPANICorNOTLATINO,,,69.0,11031975.0,AgeOver66,
ALAMANCE,,ACTIVE,,STEVENLYNNBARKER,6515PAGETOWNRD,WHITE,UN,UNDESIGNATED,REP,REPUBLICAN,56.0,2041976.0,Age4165,
ALAMANCE,,ACTIVE,,TERRYCLARKBARKER,616CARRAWAYDR,WHITE,UN,UNDESIGNATED,UNA,UNAFFILIATED,,5191994.0,Age4165,AA90143
ALAMANCE,,ACTIVE,,THOMASWAYNEBARKER,440NNCHWY87,WHITE,NL,NOTHISPANICorNOTLATINO,REP,REPUBLICAN,74.0,10241964.0,AgeOver66,
ALAMANCE,,ACTIVE,,THOMASEDWARDBARKER,6811PAGETOWNRD,WHITE,NL,NOTHISPANICorNOTLATINO,REP,REPUBLICAN,26.0,7192004.0,Age2640,AA135736
ALAMANCE,A,,,VERASETTLEMYERBARKER,3118WILLIAMPENNCT,WHITE,NL,NOTHISPANICorNOTLATINO,UNA,UNAFFILIATED,68.0,6222007.0,AgeOver66,AA149950
,,ACTIVE,,VIRGINIAELAINEBARKER,2422SNCHWY119,,UN,UNDESIGNATED,UNA,UNAFFILIATED,58.0,9212004.0,Age4165,AA138046
ALAMANCE,,ACTIVE,,WANDASAULSBARKER,6219DAVIDMOORERD,,NL,NOTHISPANICorNOTLATINO,,,80.0,5091956.0,AgeOver66,
ALAMANCE,,ACTIVE,,WAYNEFRANKLINBARKER,720GREENWOODDR,,NL,NOTHISPANICorNOTLATINO,,,73.0,,AgeOver66,
ALAMANCE,,ACTIVE,,WILLIAMFRANKLINBARKERJR,7009OLDPLANTATIONDR,,NL,NOTHISPANICorNOTLATINO,UNA,UNAFFILIATED,38.0,8181992.0,Age2640,AA82720
ALAMANCE,,ACTIVE,,WILLIAMFRANKBARKERSR,2422SNCHWY11933,,NL,NOTHISPANICorNOTLATINO,UNA,UNAFFILIATED,58.0,8181992.0,Age4165,AA82721
ALAMANCE,R,REMOVED,,WILLIAMFRANCISBARKER,3118WILLIAMPENNCT,,NL,NOTHISPANICorNOTLATINO,UNA,UNAFFILIATED,68.0,6222007.0,AgeOver66,AA149951
ALAMANCE,,ACTIVE,,BERYLVBARKMAN,2045SHIRLEYDR,,NL,NOTHISPANICorNOTLATINO,REP,REPUBLICAN,95.0,9082003.0,AgeOver66,AA131315
ALAMANCE,,ACTIVE,,BETHANYNOELLEBARKMAN,1670NJIMMINORRD,,NL,NOTHISPANICorNOTLATINO,REP,REPUBLICAN,31.0,3202000.0,Age2640,AA117354
ALAMANCE,,ACTIVE,,CHERITHLORRAINEBARKMAN,1670NJIMMINORRD,,NL,NOTHISPANICorNOTLATINO,REP,REPUBLICAN,34.0,3191996.0,Age2640,AA98367
ALAMANCE,,ACTIVE,,GREGORYNORRISBARKMAN,1670NJIMMINORRD,,NL,NOTHISPANICorNOTLATINO,REP,REPUBLICAN,64.0,9271973.0,Age4165,
ALAMANCE,,ACTIVE,,,1670NJIMMINORRD,,NL,NOTHISPANICorNOTLATINO,,,63.0,10081973.0,Age4165,
ALAMANCE,,ACTIVE,BARKMANMARYFRANCES,,2045SHIRLEYDR,,NL,NOTHISPANICorNOTLATINO,REP,REPUBLICAN,90.0,9082003.0,AgeOver66,AA131319
ALAMANCE,,ACTIVE,BARKSDALECARL(NMN),CARL(NMN)BARKSDALE,2247JEFFRIESCROSSRD,BLACKorAFRICANAMERICAN,NL,NOTHISPANICorNOTLATINO,,,72.0,9031986.0,AgeOver66,AA60319
ALAMANCE,,ACTIVE,BARKSDALEJENNIFER,JENNIFERBARKSDALE,2247JEFFRIESCROSSRD,BLACKorAFRICANAMERICAN,NL,NOTHISPANICorNOTLATINO,,,37.0,5031996.0,Age2640,AA99249
ALAMANCE,,ACTIVE,BARKSDALEKEITHERANKESHAN,KEITHERANKESHANBARKSDALE,3184SUNDANCEDR,BLACKorAFRICANAMERICAN,NL,NOTHISPANICorNOTLATINO,,,40.0,10011990.0,Age2640,AA75059
ALAMANCE,,ACTIVE,BARKSDALEMARYELIZABETH,,407EGILBREATHST,BLACKorAFRICANAMERICAN,UN,UNDESIGNATED,UNA,UNAFFILIATED,37.0,5192008.0,Age2640,AA155134
ALAMANCE,,ACTIVE,BARKSDALESHAVONNETOWANA,SHAVONNETOWANABARKSDALE,2322LAVISTADR16,BLACKorAFRICANAMERICAN,UN,UNDESIGNATED,,,35.0,1112007.0,Age2640,DE150426
ALAMANCE,,ACTIVE,BARKSDALEYEVONKACOLEMAN,YEVONKACOLEMANBARKSDALE,6376COTTONRD,BLACKorAFRICANAMERICAN,UN,UNDESIGNATED,,,44.0,10011988.0,Age4165,AA67093
ALAMANCE,,ACTIVE,BARLEKAMPJONATHANANDREW,JONATHANANDREWBARLEKAMP,1503WFRONTST,,NL,NOTHISPANICorNOTLATINO,LIB,LIBERTARIAN,31.0,,Age2640,AA120831
ALAMANCE,,ACTIVE,BARLEKAMPLAWRENCEAUSTIN,LAWRENCEAUSTINBARLEKAMP,220WESTVIEWDR,,NL,NOTHISPANICorNOTLATINO,REP,REPUBLICAN,70.0,6251991.0,AgeOver66,AA77645
ALAMANCE,,ACTIVE,BARLEKAMPSARAHNOOE,SARAHNOOEBARLEKAMP,1503WFRONTST,,NL,NOTHISPANICorNOTLATINO,UNA,UNAFFILIATED,35.0,7282004.0,Age2640,AA136122
ALAMANCE,,ACTIVE,BARLEKAMPSHIRLEYANN,SHIRLEYANNBARLEKAMP,220WESTVIEWDR,,NL,NOTHISPANICorNOTLATINO,UNA,UNAFFILIATED,71.0,10021991.0,AgeOver66,AA78444
ALAMANCE,I,INACTIVE,BARLEYJERMAINE,JERMAINEBARLEY,1301NNCHWY87,TWOorMORERACES,NL,NOTHISPANICorNOTLATINO,,,27.0,10022004.0,Age2640,AA139127
ALAMANCE,,ACTIVE,BARLEYWILLIAMJOSEPH,WILLIAMJOSEPHBARLEY,2390WOODYLN,,NL,NOTHISPANICorNOTLATINO,REP,REPUBLICAN,,12042002.0,Age4165,AA128500
ALAMANCE,,ACTIVE,BARLOWBARRYNEALJR,BARRYNEALBARLOWJR,2221DELANEYDR,,NL,NOTHISPANICorNOTLATINO,,,27.0,9122005.0,Age2640,AA145389
ALAMANCE,R,REMOVED,BARLOWCHARLESLANDONSR,CHARLESLANDONBARLOWSR,71DENISEDR,,NL,NOTHISPANICorNOTLATINO,,,90.0,9172002.0,AgeOver66,AA127793
ALAMANCE,,ACTIVE,BARLOWDANIELLAWRENCE,DANIELLAWRENCEBARLOW,1421WILLOWBROOKCT1421,,NL,NOTHISPANICorNOTLATINO,UNA,UNAFFILIATED,19.0,,,AA178120
ALAMANCE,,ACTIVE,BARLOWGILBERTT,GILBERTTBARLOW,1610WEDGEWOODDR,,UN,UNDESIGNATED,REP,REPUBLICAN,,2072008.0,Age4165,AA152174
ALAMANCE,,ACTIVE,BARLOWGWENDOLYNDAWN,GWENDOLYNDAWNBARLOW,3109RACCOONRUNDR,,NL,NOTHISPANICorNOTLATINO,REP,REPUBLICAN,,4202005.0,Age4165,AA143421
ALAMANCE,R,REMOVED,BARLOWJAMESEDWARD,JAMESEDWARDBARLOW,718WILLIAMSDALERD,,NL,NOTHISPANICorNOTLATINO,REP,REPUBLICAN,102.0,,AgeOver66,
ALAMANCE,,ACTIVE,BARLOWKURTPATRICK,KURTPATRICKBARLOW,3109RACCOONRUNDR,,NL,NOTHISPANICorNOTLATINO,UNA,UNAFFILIATED,53.0,3052001.0,Age4165,AA122882
ALAMANCE,,ACTIVE,BARLOWLEAH,LEAHBARLOW,605BROOKVIEWDR,BLACKorAFRICANAMERICAN,NL,NOTHISPANICorNOTLATINO,,,21.0,10042012.0,,AA176480
ALAMANCE,,ACTIVE,BARLOWLORIANN,,1610WEDGEWOODDR,,NL,NOTHISPANICorNOTLATINO,REP,REPUBLICAN,,3232005.0,Age4165,AA143515
ALAMANCE,,ACTIVE,BARLOWMELONISEPRINCETTIA,,605BROOKVIEWDR,BLACKorAFRICANAMERICAN,UN,UNDESIGNATED,UNA,UNAFFILIATED,,11022004.0,Age4165,AA141487
ALAMANCE,,ACTIVE,BARLOWREBECCACORLENA,REBECCACORLENABARLOW,,,NL,NOTHISPANICorNOTLATINO,UNA,UNAFFILIATED,41.0,1112006.0,Age4165,AA145526
ALAMANCE,,ACTIVE,BARLOWRUSSELLBENNION,RUSSELLBENNIONBARLOW,,,NL,NOTHISPANICorNOTLATINO,,,44.0,12092005.0,Age4165,AA145352
ALAMANCE,,ACTIVE,BARLOWWILLIAMJAMES,WILLIAMJAMESBARLOW,605BROOKVIEWDR,BLACKorAFRICANAMERICAN,UN,UNDESIGNATED,UNA,UNAFFILIATED,,6071999.0,Age4165,AA114515
ALAMANCE,,ACTIVE,BARMMERDANIELPAUL,DANIELPAULBARMMER,717SLEXINGTONAVE,,NL,NOTHISPANICorNOTLATINO,,,37.0,8092004.0,Age2640,AA135242
ALAMANCE,,ACTIVE,BARNACKCHRISDANIEL,CHRISDANIELBARNACK,6348COTTONRD,UNDESIGNATED,UN,UNDESIGNATED,UNA,UNAFFILIATED,20.0,9142012.0,,AA174822
ALAMANCE,,ACTIVE,BARNAKJAMESMICHAEL,JAMESMICHAELBARNAK,3514SMEBANEST42,,NL,NOTHISPANICorNOTLATINO,,,92.0,8241973.0,AgeOver66,
ALAMANCE,I,INACTIVE,BARNAKSHIRLEYELAINE,SHIRLEYELAINEBARNAK,2358BUCKINGHAMRD,,NL,NOTHISPANICorNOTLATINO,UNA,UNAFFILIATED,91.0,9241976.0,AgeOver66,
ALAMANCE,,ACTIVE,BARNARDANNEKENAN,ANNEKENANBARNARD,8240LINDLEYMILLRD,,NL,NOTHISPANICorNOTLATINO,REP,REPUBLICAN,28.0,6112002.0,Age2640,AA126650
ALAMANCE,,ACTIVE,BARNARDCAROLETHOMPSON,CAROLETHOMPSONBARNARD,2070SULLIVANPARKCIR,,NL,NOTHISPANICorNOTLATINO,UNA,UNAFFILIATED,73.0,12072011.0,AgeOver66,CZ38973
ALAMANCE,I,INACTIVE,BARNARDCYNTHIAMARLINE,CYNTHIAMARLINEBARNARD,,,NL,NOTHISPANICorNOTLATINO,UNA,UNAFFILIATED,,4142000.0,Age4165,AA118012
ALAMANCE,R,REMOVED,BARNARDFRANKKENAN,FRANKKENANBARNARD,8240LINDLEYMILLRD,,NL,NOTHISPANICorNOTLATINO,,,68.0,8211990.0,AgeOver66,AA72898
ALAMANCE,,ACTIVE,BARNARDGENIEWHEATON,GENIEWHEATONBARNARD,8240LINDLEYMILLRD,,NL,NOTHISPANICorNOTLATINO,REP,REPUBLICAN,65.0,7251990.0,Age4165,AA72514
ALAMANCE,,ACTIVE,BARNARDLEONARDOSBORNE,LEONARDOSBORNEBARNARD,2070SULLIVANPARKCIR,,NL,NOTHISPANICorNOTLATINO,UNA,UNAFFILIATED,76.0,12072011.0,AgeOver66,CZ38977
ALAMANCE,,ACTIVE,BARNARDSTEPHANIESOMERS,STEPHANIESOMERSBARNARD,2946SHELLYGRAHAMDR,,NL,NOTHISPANICorNOTLATINO,,,40.0,9232003.0,Age2640,AA131456
ALAMANCE,,ACTIVE,BARNARDWILLIAMTERRY,WILLIAMTERRYBARNARD,2946SHELLYGRAHAMDR,,NL,NOTHISPANICorNOTLATINO,,,58.0,11132003.0,Age4165,AA131853
ALAMANCE,,ACTIVE,BARNARDOSPENCERROSE,SPENCERROSEBARNARDO,211SWILLIAMSONAVE120,,UN,UNDESIGNATED,,,20.0,,,AA177629
ALAMANCE,,ACTIVE,BARNATTEVANJAMES,EVANJAMESBARNATT,128BAUMANCT,,NL,NOTHISPANICorNOTLATINO,UNA,UNAFFILIATED,24.0,3172011.0,,AA168235
ALAMANCE,,ACTIVE,BARNATTJOAN,JOANBARNATT,128BAUMANCT,,NL,NOTHISPANICorNOTLATINO,UNA,UNAFFILIATED,55.0,12222010.0,Age4165,AA167827
ALAMANCE,,ACTIVE,BARNATTSTEPHEN,STEPHENBARNATT,128BAUMANCT,,NL,NOTHISPANICorNOTLATINO,UNA,UNAFFILIATED,55.0,12172010.0,Age4165,AA167809
ALAMANCE,,ACTIVE,BARNESALICEDARLENE,ALICEDARLENEBARNES,706HUFFMANMILLRDM3,BLACKorAFRICANAMERICAN,NL,NOTHISPANICorNOTLATINO,,,53.0,6122007.0,Age4165,AA149820
ALAMANCE,,ACTIVE,BARNESALONZOMERRICKIII,ALONZOMERRICKBARNESIII,,,NL,NOTHISPANICorNOTLATINO,,,,8211984.0,Age4165,
ALAMANCE,,ACTIVE,BARNESAMYREBECCA,AMYREBECCABARNES,3356CLYDETHOMPSONTRL,,NL,NOTHISPANICorNOTLATINO,UNA,UNAFFILIATED,35.0,11042008.0,Age2640,AA162843
ALAMANCE,I,INACTIVE,BARNESBILLYRAY,BILLYRAYBARNES,702LAKESIDEAVE,,UN,UNDESIGNATED,UNA,UNAFFILIATED,71.0,4162001.0,AgeOver66,AA123401
ALAMANCE,,ACTIVE,BARNESBILLYJEAN,BILLYJEANBARNES,2811AMHERSTAVE,,NL,NOTHISPANICorNOTLATINO,,,80.0,,AgeOver66,
ALAMANCE,R,REMOVED,BARNESBRADLEYTHOMAS,BRADLEYTHOMASBARNES,958SFIFTHST,,NL,NOTHISPANICorNOTLATINO,REP,REPUBLICAN,,7061999.0,Age4165,AA114755
ALAMANCE,,ACTIVE,BARNESBRENDAWALKER,BRENDAWALKERBARNES,1432EMAINST,,NL,NOTHISPANICorNOTLATINO,REP,REPUBLICAN,65.0,3201986.0,Age4165,AA59519
ALAMANCE,,ACTIVE,BARNESCAROLYNROWZEE,CAROLYNROWZEEBARNES,849SMARYEDR,,NL,NOTHISPANICorNOTLATINO,UNA,UNAFFILIATED,66.0,5122005.0,AgeOver66,AA143571
ALAMANCE,I,INACTIVE,BARNESCARYLADANTI,CARYLADANTIBARNES,4422SMITHRD,,NL,NOTHISPANICorNOTLATINO,REP,REPUBLICAN,71.0,10241980.0,AgeOver66,
ALAMANCE,I,INACTIVE,BARNESCOURTNEYLEIGH,COURTNEYLEIGHBARNES,1720OLDSTMARK'SCHURCHRD93F,,NL,NOTHISPANICorNOTLATINO,REP,REPUBLICAN,30.0,11102005.0,Age2640,AA145272
ALAMANCE,I,INACTIVE,BARNESDANAA,DANAABARNES,4422SMITHRD,,NL,NOTHISPANICorNOTLATINO,REP,REPUBLICAN,71.0,10241980.0,AgeOver66,
ALAMANCE,,ACTIVE,BARNESDEBRAANN,DEBRAANNBARNES,518BROOKVIEWDR,,NL,NOTHISPANICorNOTLATINO,REP,REPUBLICAN,58.0,7032006.0,Age4165,AA146913
ALAMANCE,,ACTIVE,BARNESDONALDCANNON,DONALDCANNONBARNES,557MEADOWBROOKDR,,NL,NOTHISPANICorNOTLATINO,REP,REPUBLICAN,34.0,9171996.0,Age2640,AA102320
ALAMANCE,,ACTIVE,BARNESDONNAMOORE,DONNAMOOREBARNES,1246GENEVAALBRIGHTRD,,NL,NOTHISPANICorNOTLATINO,REP,REPUBLICAN,66.0,10021976.0,AgeOver66,
ALAMANCE,,ACTIVE,BARNESDONNALYNN,DONNALYNNBARNES,920GRAYST,,UN,UNDESIGNATED,,,58.0,,Age4165,AA159298
ALAMANCE,,ACTIVE,BARNESDOROTHYCOMISKEY,DOROTHYCOMISKEYBARNES,2811AMHERSTAVE,,NL,NOTHISPANICorNOTLATINO,REP,REPUBLICAN,76.0,,AgeOver66,
ALAMANCE,,ACTIVE,BARNESDOUGLASEUGENE,DOUGLASEUGENEBARNES,908WFRONTST,,NL,NOTHISPANICorNOTLATINO,REP,REPUBLICAN,,7131998.0,Age4165,AA110558
ALAMANCE,,ACTIVE,BARNESELLENROSE,ELLENROSEBARNES,502PEELEST,,NL,NOTHISPANICorNOTLATINO,,,64.0,10071974.0,Age4165,
ALAMANCE,,ACTIVE,BARNESEMILYMOORE,EMILYMOOREBARNES,,,NL,NOTHISPANICorNOTLATINO,REP,REPUBLICAN,27.0,7202009.0,Age2640,BY371702
ALAMANCE,,ACTIVE,BARNESFRANCESPOWELL,FRANCESPOWELLBARNES,,,NL,NOTHISPANICorNOTLATINO,,,,7061984.0,Age4165,
ALAMANCE,,ACTIVE,BARNESFRANKEUGENEJR,FRANKEUGENEBARNESJR,802BROOKGREENTER,,UN,UNDESIGNATED,,,36.0,4031996.0,Age2640,AA98697
ALAMANCE,,ACTIVE,BARNESGEORGEJEFFREY,GEORGEJEFFREYBARNES,7056RAYMONRD,,NL,NOTHISPANICorNOTLATINO,REP,REPUBLICAN,38.0,10071998.0,Age2640,AA112021
ALAMANCE,,ACTIVE,BARNESGEORGEEDWARD,GEORGEEDWARDBARNES,849SMARYEDR,,UN,UNDESIGNATED,UNA,UNAFFILIATED,71.0,4041980.0,AgeOver66,
ALAMANCE,,ACTIVE,BARNESGLENNALLAN,GLENNALLANBARNES,209FORESTDR,,NL,NOTHISPANICorNOTLATINO,,,35.0,7262006.0,Age2640,AA147052
ALAMANCE,,ACTIVE,BARNESJB,JBBARNES,206NFISHERST,BLACKorAFRICANAMERICAN,NL,NOTHISPANICorNOTLATINO,,,71.0,9212012.0,AgeOver66,BN395430
ALAMANCE,I,INACTIVE,BARNESJACOBANTHONY,JACOBANTHONYBARNES,1720OLDSTMARK'SCHURCHRD93F,,NL,NOTHISPANICorNOTLATINO,REP,REPUBLICAN,32.0,6272005.0,Age2640,AA144001
ALAMANCE,,ACTIVE,BARNESJAMESFARREN,JAMESFARRENBARNES,246DAKOTADR,,NL,NOTHISPANICorNOTLATINO,REP,REPUBLICAN,51.0,8122005.0,Age4165,AA144173
ALAMANCE,R,REMOVED,BARNESJEFFERYALAN,JEFFERYALANBARNES,3749WADECOBLEDR101,,NL,NOTHISPANICorNOTLATINO,,,50.0,6022004.0,Age4165,AA134586
ALAMANCE,,ACTIVE,BARNESJEFFREYALANJR,JEFFREYALANBARNESJR,316NSEVENTHST,,NL,NOTHISPANICorNOTLATINO,UNA,UNAFFILIATED,40.0,7021999.0,Age2640,AA114766
ALAMANCE,I,INACTIVE,BARNESJENNIFERHERVE,JENNIFERHERVEBARNES,613COUNTRYCLUBDR,,NL,NOTHISPANICorNOTLATINO,,,41.0,12162002.0,Age4165,AA128501
ALAMANCE,,ACTIVE,BARNESJOANBAKER,JOANBAKERBARNES,557MEADOWBROOKDR,,NL,NOTHISPANICorNOTLATINO,REP,REPUBLICAN,64.0,6161980.0,Age4165,
ALAMANCE,,ACTIVE,BARNESJOHNLESLIE,JOHNLESLIEBARNES,2210LAKEVIEWTER,,NL,NOTHISPANICorNOTLATINO,,,88.0,10291960.0,AgeOver66,
ALAMANCE,,ACTIVE,BARNESJOHNHOWARD,JOHNHOWARDBARNES,557MEADOWBROOKDR,,NL,NOTHISPANICorNOTLATINO,REP,REPUBLICAN,62.0,1311992.0,Age4165,AA79394
ALAMANCE,,ACTIVE,BARNESJOSEPHWARD,JOSEPHWARDBARNES,6141COUNTRYHIGHLANDLN,,NL,NOTHISPANICorNOTLATINO,REP,REPUBLICAN,62.0,10292008.0,Age4165,AA161964
ALAMANCE,,ACTIVE,BARNESJULIANNHUFFMAN,JULIANNHUFFMANBARNES,209WILSONST,,NL,NOTHISPANICorNOTLATINO,REP,REPUBLICAN,,9251990.0,Age4165,AA74059
ALAMANCE,,ACTIVE,BARNESKENNETHPATRICK,KENNETHPATRICKBARNES,209BRIGHTONDR,,NL,NOTHISPANICorNOTLATINO,UNA,UNAFFILIATED,43.0,10022012.0,Age4165,AA176271
ALAMANCE,,ACTIVE,BARNESLARRYALTON,LARRYALTONBARNES,201WILLIAMSONST,,NL,NOTHISPANICorNOTLATINO,,,68.0,9281990.0,AgeOver66,AA73899
ALAMANCE,,ACTIVE,BARNESLAURAGLOSSON,LAURAGLOSSONBARNES,7056RAYMONRD,,NL,NOTHISPANICorNOTLATINO,UNA,UNAFFILIATED,39.0,12152000.0,Age2640,AA122011
ALAMANCE,,ACTIVE,BARNESLEANNMARIE,LEANNMARIEBARNES,3680SELLARSRD,,NL,NOTHISPANICorNOTLATINO,UNA,UNAFFILIATED,29.0,11022012.0,Age2640,AT23340
ALAMANCE,R,REMOVED,BARNESLEEALEXANDER,LEEALEXANDERBARNES,613COUNTRYCLUBDR,,NL,NOTHISPANICorNOTLATINO,,,62.0,9272001.0,Age4165,AA124531
ALAMANCE,,ACTIVE,BARNESLORRIESERGENT,,6141COUNTRYHIGHLANDLN,,NL,NOTHISPANICorNOTLATINO,REP,REPUBLICAN,44.0,9102003.0,Age4165,AA131321
ALAMANCE,,ACTIVE,BARNESMARCUSLEE,,3356CLYDETHOMPSONTRL,OTHER,UN,UNDESIGNATED,UNA,UNAFFILIATED,38.0,11042008.0,Age2640,AA162950
ALAMANCE,R,REMOVED,BARNESMARIECRAWFORD,,613COUNTRYCLUBDR,,NL,NOTHISPANICorNOTLATINO,,,63.0,7242001.0,Age4165,AA123970
ALAMANCE,,ACTIVE,BARNESMARYHOGAN,,506SFIFTHST,,NL,NOTHISPANICorNOTLATINO,,,32.0,4022008.0,Age2640,AA153418
ALAMANCE,,ACTIVE,BARNESMICHAELDARREN,,,,NL,NOTHISPANICorNOTLATINO,,,,8172004.0,Age4165,AA135318
ALAMANCE,,ACTIVE,BARNESNADINEMATTHEWS,NADINEMATTHEWSBARNES,331EMCPHERSONDR,BLACKorAFRICANAMERICAN,NL,NOTHISPANICorNOTLATINO,UNA,UNAFFILIATED,51.0,10302003.0,Age4165,AA131854
ALAMANCE,,ACTIVE,BARNESPAULAFLEMING,PAULAFLEMINGBARNES,908WFRONTST,,NL,NOTHISPANICorNOTLATINO,UNA,UNAFFILIATED,43.0,3071995.0,Age4165,AA92755
ALAMANCE,R,REMOVED,BARNESPEARLLORRAINE,PEARLLORRAINEBARNES,100WADECOBLEDR,,NL,NOTHISPANICorNOTLATINO,REP,REPUBLICAN,93.0,,AgeOver66,AA147825
ALAMANCE,,ACTIVE,BARNESRICHARDGLENNSR,RICHARDGLENNBARNESSR,3605HUBMILLRD,,NL,NOTHISPANICorNOTLATINO,REP,REPUBLICAN,56.0,2191998.0,Age4165,AA109141
ALAMANCE,,ACTIVE,BARNESRICHARDLEE,RICHARDLEEBARNES,,,NL,NOTHISPANICorNOTLATINO,,,65.0,4011992.0,Age4165,AA80592
ALAMANCE,,ACTIVE,BARNESROBERTEDWIN,ROBERTEDWINBARNES,246CHAPELHILLRD,,NL,NOTHISPANICorNOTLATINO,,,71.0,10061987.0,AgeOver66,AA62877
ALAMANCE,,ACTIVE,BARNESROBERTEDWINJR,ROBERTEDWINBARNESJR,246CHAPELHILLRD,,NL,NOTHISPANICorNOTLATINO,REP,REPUBLICAN,30.0,9022004.0,Age2640,AA136963
ALAMANCE,,ACTIVE,BARNESROBERTDREWEYJR,ROBERTDREWEYBARNESJR,1615STANDREWSDR,,UN,UNDESIGNATED,UNA,UNAFFILIATED,44.0,9302008.0,Age4165,AA158388
ALAMANCE,,ACTIVE,BARNESROSEMARIE,ROSEMARIEBARNES,4400GRASSYLN4,,NL,NOTHISPANICorNOTLATINO,REP,REPUBLICAN,54.0,,Age4165,AA68945
ALAMANCE,R,REMOVED,BARNESRUTHFELTON,RUTHFELTONBARNES,2210LAKEVIEWTER,,NL,NOTHISPANICorNOTLATINO,,,90.0,10261960.0,AgeOver66,
ALAMANCE,,ACTIVE,BARNESSAMUELTYLER,SAMUELTYLERBARNES,209WILSONST,,NL,NOTHISPANICorNOTLATINO,REP,REPUBLICAN,20.0,,,AA176293
ALAMANCE,,ACTIVE,BARNESSAMUELDEWAYII,SAMUELDEWAYBARNESII,209WILSONST,,NL,NOTHISPANICorNOTLATINO,REP,REPUBLICAN,,11081988.0,Age4165,AA68886
ALAMANCE,,ACTIVE,BARNESSAMUELDEWAY,SAMUELDEWAYBARNES,1246GENEVAALBRIGHTRD,,NL,NOTHISPANICorNOTLATINO,REP,REPUBLICAN,69.0,10021976.0,AgeOver66,
ALAMANCE,R,REMOVED,BARNESSARACOLEMAN,SARACOLEMANBARNES,2337PITTRD,,NL,NOTHISPANICorNOTLATINO,,,77.0,9072004.0,AgeOver66,AA137334
ALAMANCE,,ACTIVE,BARNESSHANIQUAJASMINE,SHANIQUAJASMINEBARNES,3027MAPLEAVEH3,BLACKorAFRICANAMERICAN,UN,UNDESIGNATED,,,21.0,8252010.0,,AA166611
ALAMANCE,,ACTIVE,BARNESSHANTAIRBY,SHANTAIRBYBARNES,5223DIVINELN,,UN,UNDESIGNATED,UNA,UNAFFILIATED,35.0,,Age2640,AA176894
ALAMANCE,,ACTIVE,BARNESSHELIADARLENE,SHELIADARLENEBARNES,3605HUBMILLRD,,NL,NOTHISPANICorNOTLATINO,REP,REPUBLICAN,54.0,2132003.0,Age4165,AA129492
ALAMANCE,,ACTIVE,BARNESTATEAMERICUS,TATEAMERICUSBARNES,,,UN,UNDESIGNATED,REP,REPUBLICAN,36.0,9272010.0,Age2640,CJ41798
ALAMANCE,,ACTIVE,BARNESTIMOTHYFITZGERALD,TIMOTHYFITZGERALDBARNES,506SFIFTHST,,NL,NOTHISPANICorNOTLATINO,,,,5052012.0,Age4165,DE230595
ALAMANCE,R,REMOVED,BARNESTRICAYAX,TRICAYAXBARNES,2570FAUCETTELN,,NL,NOTHISPANICorNOTLATINO,REP,REPUBLICAN,37.0,3071995.0,Age2640,AA93496
ALAMANCE,R,REMOVED,BARNESVIRGINIABABIAK,VIRGINIABABIAKBARNES,1617WYCLIFFCT,,NL,NOTHISPANICorNOTLATINO,REP,REPUBLICAN,80.0,9201984.0,AgeOver66,
ALAMANCE,R,REMOVED,BARNETTADRIANJ,ADRIANJBARNETT,3125KENSINGTONPL,,UN,UNDESIGNATED,REP,REPUBLICAN,65.0,1092002.0,Age4165,AA125257
ALAMANCE,,ACTIVE,BARNETTANGELADIANE,ANGELADIANEBARNETT,7826GARRETTRD,,NL,NOTHISPANICorNOTLATINO,REP,REPUBLICAN,,9152008.0,Age4165,AA157239
ALAMANCE,D,DENIED,BARNETTASIASHAPRI,ASIASHAPRIBARNETT,,BLACKorAFRICANAMERICAN,UN,UNDESIGNATED,,,26.0,11042008.0,Age2640,AA163807
ALAMANCE,,ACTIVE,BARNETTBROOKELEE,BROOKELEEBARNETT,820NGURNEYST,,NL,NOTHISPANICorNOTLATINO,,,40.0,8092001.0,Age2640,AA124167
ALAMANCE,,ACTIVE,BARNETTBRYANTERSKINE,BRYANTERSKINEBARNETT,734APPLEST,BLACKorAFRICANAMERICAN,NL,NOTHISPANICorNOTLATINO,,,39.0,3092012.0,Age2640,BP51356
ALAMANCE,,ACTIVE,BARNETTCHRISTOPHERTODD,CHRISTOPHERTODDBARNETT,308BANKSSTB,BLACKorAFRICANAMERICAN,NL,NOTHISPANICorNOTLATINO,UNA,UNAFFILIATED,54.0,10292008.0,Age4165,AA162484
ALAMANCE,,ACTIVE,BARNETTDANEAUSTINJR,DANEAUSTINBARNETTJR,807JENNINGSBERRYDR,,UN,UNDESIGNATED,UNA,UNAFFILIATED,22.0,3072012.0,,AA170601
ALAMANCE,,ACTIVE,BARNETTDEANGELOCAMERON,DEANGELOCAMERONBARNETT,1741MORGANTOWNRD,BLACKorAFRICANAMERICAN,UN,UNDESIGNATED,,,35.0,8302011.0,Age2640,AA169253
ALAMANCE,,ACTIVE,BARNETTDENISE,DENISEBARNETT,,BLACKorAFRICANAMERICAN,NL,NOTHISPANICorNOTLATINO,,,32.0,9132004.0,Age2640,AA137409
ALAMANCE,,ACTIVE,BARNETTDOPHINEMORROW,DOPHINEMORROWBARNETT,1626MORNINGSIDEDRF,BLACKorAFRICANAMERICAN,NL,NOTHISPANICorNOTLATINO,,,68.0,10081990.0,AgeOver66,AA74827
ALAMANCE,,ACTIVE,BARNETTELLENSUE,ELLENSUEBARNETT,343BALDWINRD26A,,NL,NOTHISPANICorNOTLATINO,REP,REPUBLICAN,63.0,8151988.0,Age4165,AA65512
ALAMANCE,R,REMOVED,BARNETTELSIEPEIRCE,ELSIEPEIRCEBARNETT,,,NL,NOTHISPANICorNOTLATINO,,,89.0,10061997.0,AgeOver66,AA107719
ALAMANCE,,ACTIVE,BARNETTERINELIZABETH,ERINELIZABETHBARNETT,1002ELONACORNDRB308,,NL,NOTHISPANICorNOTLATINO,,,25.0,9302008.0,,AA158200
ALAMANCE,R,REMOVED,BARNETTHARRYFRANKLIN,HARRYFRANKLINBARNETT,343BALDWINRDA26,,NL,NOTHISPANICorNOTLATINO,REP,REPUBLICAN,94.0,1111984.0,AgeOver66,
ALAMANCE,,ACTIVE,BARNETTJAMESPAUL,JAMESPAULBARNETT,7826GARRETTRD,,NL,NOTHISPANICorNOTLATINO,REP,REPUBLICAN,,9152008.0,Age4165,AA157240
ALAMANCE,,ACTIVE,BARNETTJAMESEDWARD,JAMESEDWARDBARNETT,438LANEST,BLACKorAFRICANAMERICAN,UN,UNDESIGNATED,,,51.0,8062008.0,Age4165,EM80801
ALAMANCE,,ACTIVE,BARNETTJAMESPAULII,JAMESPAULBARNETTII,8022OAKGROVECHURCHRD,,NL,NOTHISPANICorNOTLATINO,UNA,UNAFFILIATED,27.0,12102002.0,Age2640,AA128502
ALAMANCE,I,INACTIVE,BARNETTJANETLYNN,JANETLYNNBARNETT,206NFISHERST,,NL,NOTHISPANICorNOTLATINO,,,57.0,9102008.0,Age4165,BE225502
ALAMANCE,,ACTIVE,BARNETTJUDYMARIE,JUDYMARIEBARNETT,911GRACEAVE,,NL,NOTHISPANICorNOTLATINO,REP,REPUBLICAN,51.0,3062007.0,Age4165,AA149072
ALAMANCE,,ACTIVE,BARNETTLOUISEFRUEN,,2013WHERITAGEDR,,NL,NOTHISPANICorNOTLATINO,,,85.0,6072006.0,AgeOver66,AX12317
ALAMANCE,,ACTIVE,BARNETTMARYANN,,,BLACKorAFRICANAMERICAN,NL,NOTHISPANICorNOTLATINO,,,,,Age4165,AA177767
ALAMANCE,,ACTIVE,BARNETTMERLENEMCCOY,,1741MORGANTOWNRD,BLACKorAFRICANAMERICAN,NL,NOTHISPANICorNOTLATINO,,,54.0,10021986.0,Age4165,AA60741
ALAMANCE,,ACTIVE,BARNETTMORRISEDWARDJR,MORRISEDWARDBARNETTJR,506SHORTST,,NL,NOTHISPANICorNOTLATINO,UNA,UNAFFILIATED,66.0,1051971.0,AgeOver66,
ALAMANCE,R,REMOVED,BARNETTNANCYY,NANCYYBARNETT,3125KENSINGTONPL,,UN,UNDESIGNATED,REP,REPUBLICAN,64.0,1092002.0,Age4165,AA125258
ALAMANCE,R,REMOVED,BARNETTPOLLYWOMACK,POLLYWOMACKBARNETT,3784LOYOLACT,,NL,NOTHISPANICorNOTLATINO,,,79.0,12091999.0,AgeOver66,AA116246
ALAMANCE,,ACTIVE,BARNETTRICHARDEDWARD,RICHARDEDWARDBARNETT,2013WHERITAGEDR,,NL,NOTHISPANICorNOTLATINO,UNA,UNAFFILIATED,89.0,6072006.0,AgeOver66,AX12316
ALAMANCE,,ACTIVE,BARNETTRONALDBANKS,RONALDBANKSBARNETT,2817WHIPPOORWILLTRL,,NL,NOTHISPANICorNOTLATINO,,,63.0,,Age4165,
ALAMANCE,,ACTIVE,BARNETTSHARONDENISE,SHARONDENISEBARNETT,156CARRIAGELOOP,BLACKorAFRICANAMERICAN,UN,UNDESIGNATED,,,43.0,10011988.0,Age4165,AA66573
ALAMANCE,,ACTIVE,BARNETTSUEMILLER,SUEMILLERBARNETT,343BALDWINRDA26,,NL,NOTHISPANICorNOTLATINO,REP,REPUBLICAN,87.0,,AgeOver66,
ALAMANCE,R,REMOVED,BARNETTVERAWOODS,VERAWOODSBARNETT,507RIVERST,,NL,NOTHISPANICorNOTLATINO,,,90.0,10251952.0,AgeOver66,
ALAMANCE,,ACTIVE,BARNETTVICKEYCRUTCHFIELD,VICKEYCRUTCHFIELDBARNETT,2817WHIPPOORWILLTRL,,NL,NOTHISPANICorNOTLATINO,,,61.0,3271972.0,Age4165,
ALAMANCE,,ACTIVE,BARNETTEALLENCRAIG,ALLENCRAIGBARNETTE,507RIVERST,,NL,NOTHISPANICorNOTLATINO,UNA,UNAFFILIATED,59.0,8302007.0,Age4165,AA150522
ALAMANCE,,ACTIVE,BARNETTEASHLEYSADE,ASHLEYSADEBARNETTE,2864MAPLEAVE,BLACKorAFRICANAMERICAN,NL,NOTHISPANICorNOTLATINO,,,26.0,10232008.0,Age2640,BN332216
ALAMANCE,,ACTIVE,BARNETTEBETTYRUTH,BETTYRUTHBARNETTE,1448CLOVERDALEST,BLACKorAFRICANAMERICAN,NL,NOTHISPANICorNOTLATINO,,,44.0,9282012.0,Age4165,BW22650
ALAMANCE,,ACTIVE,BARNETTECAROLYNSTEELE,CAROLYNSTEELEBARNETTE,,,NL,NOTHISPANICorNOTLATINO,,,73.0,,AgeOver66,
ALAMANCE,,ACTIVE,BARNETTECORTNYEANNE,CORTNYEANNEBARNETTE,3526ALTAMAHAWUNIONRIDGERD,,NL,NOTHISPANICorNOTLATINO,REP,REPUBLICAN,18.0,3092012.0,,AA170670
ALAMANCE,,ACTIVE,BARNETTEDORARIXSON,DORARIXSONBARNETTE,301WWASHINGTONST100,BLACKorAFRICANAMERICAN,NL,NOTHISPANICorNOTLATINO,,,84.0,8272012.0,AgeOver66,AA174437
ALAMANCE,D,DENIED,BARNETTEDOROTHYMAE,DOROTHYMAEBARNETTE,,BLACKorAFRICANAMERICAN,NL,NOTHISPANICorNOTLATINO,,,70.0,12112009.0,AgeOver66,AA165131
,,ACTIVE,BARNETTEDWIGHTEUGENE,DWIGHTEUGENEBARNETTE,305EVADR,,NL,NOTHISPANICorNOTLATINO,REP,REPUBLICAN,66.0,10071996.0,AgeOver66,AA102840
,,ACTIVE,BARNETTEGEORGEWILLARDJR,GEORGEWILLARDBARNETTEJR,,,NL,NOTHISPANICorNOTLATINO,REP,REPUBLICAN,41.0,5151995.0,Age4165,AA93967
,,ACTIVE,BARNETTEGEORGEWILLARD,GEORGEWILLARDBARNETTE,,,NL,NOTHISPANICorNOTLATINO,,,75.0,,AgeOver66,
,,ACTIVE,BARNETTEJAMESLARRY,JAMESLARRYBARNETTE,2484MOSSCREEKLOOP,,NL,NOTHISPANICorNOTLATINO,REP,REPUBLICAN,,10071984.0,Age4165,AA57767
,,ACTIVE,BARNETTEJAMIELEE,JAMIELEEBARNETTE,3526ALTAMAHAWUNIONRIDGERD,,NL,NOTHISPANICorNOTLATINO,REP,REPUBLICAN,21.0,12012010.0,,AA167627
,,ACTIVE,BARNETTEJEWELCONSTINE,JEWELCONSTINEBARNETTE,826ROSSST,BLACKorAFRICANAMERICAN,NL,NOTHISPANICorNOTLATINO,,,54.0,4051984.0,Age4165,
,,ACTIVE,BARNETTEKARENLANGLEY,KARENLANGLEYBARNETTE,2478BASINCREEKRD,,NL,NOTHISPANICorNOTLATINO,REP,REPUBLICAN,42.0,1211988.0,Age4165,AA63180
,,ACTIVE,BARNETTEMARGIEANNNEWTON,,3526ALTAMAHAWUNIONRIDGERD,,NL,NOTHISPANICorNOTLATINO,REP,REPUBLICAN,68.0,10261968.0,AgeOver66,
,,ACTIVE,BARNETTEMARQUINLAMAR,,2864MAPLEAVE,BLACKorAFRICANAMERICAN,NL,NOTHISPANICorNOTLATINO,,,27.0,1112012.0,Age2640,AN117859
,,ACTIVE,BARNETTEMARYANN,,,BLACKorAFRICANAMERICAN,UN,UNDESIGNATED,UNA,UNAFFILIATED,,7222004.0,Age4165,AA135740
,,ACTIVE,BARNETTEMICHAELLYNN,,2478BASINCREEKRD,,NL,NOTHISPANICorNOTLATINO,,,,2041988.0,Age4165,AA63556
,I,INACTIVE,BARNETTENERISSAM,NERISSAMBARNETTE,2484MOSSCREEKLOOP,,UN,UNDESIGNATED,REP,REPUBLICAN,,10082004.0,Age4165,AA140301
,,ACTIVE,BARNETTERANDALYNNKEMP,RANDALYNNKEMPBARNETTE,1764TALTONTRCE,,UN,UNDESIGNATED,UNA,UNAFFILIATED,52.0,9302008.0,Age4165,AA158384
,,ACTIVE,BARNETTESTEVENO'BRIEN,STEVENO'BRIENBARNETTE,1764TALTONTRCE,,UN,UNDESIGNATED,UNA,UNAFFILIATED,56.0,3122010.0,Age4165,AA165549
,,ACTIVE,BARNETTEVIVIANMCCAULEY,VIVIANMCCAULEYBARNETTE,305EVADR,,NL,NOTHISPANICorNOTLATINO,REP,REPUBLICAN,62.0,12071994.0,Age4165,AA92154
,,ACTIVE,BARNEYEDWARDALEXANDER,EDWARDALEXANDERBARNEY,706HUFFMANMILLRDL5,,NL,NOTHISPANICorNOTLATINO,REP,REPUBLICAN,39.0,10042000.0,Age2640,AA121133
,,ACTIVE,BARNHARDTBRANDONHOWARD,BRANDONHOWARDBARNHARDT,305BROWNBARKLN,,NL,NOTHISPANICorNOTLATINO,UNA,UNAFFILIATED,38.0,3251992.0,Age2640,AA80594
,,ACTIVE,BARNHARDTCHARLESBRANTLEY,CHARLESBRANTLEYBARNHARDT,3602HARRISRD,,NL,NOTHISPANICorNOTLATINO,UNA,UNAFFILIATED,24.0,10012008.0,,AA157775
,,ACTIVE,BARNHARDTCHRISTOPHERBRANDON,CHRISTOPHERBRANDONBARNHARDT,417STONEWYCKDR,,NL,NOTHISPANICorNOTLATINO,UNA,UNAFFILIATED,27.0,4012003.0,Age2640,AA129892
,,ACTIVE,BARNHARDTHOWARDLEE,HOWARDLEEBARNHARDT,1824WHITSETTST,,NL,NOTHISPANICorNOTLATINO,,,65.0,10081990.0,Age4165,AA74547
ALAMANCE,,ACTIVE,BARNHARDTJENNIFERFOUST,JENNIFERFOUSTBARNHARDT,305BROWNBARKLN,,NL,NOTHISPANICorNOTLATINO,UNA,UNAFFILIATED,38.0,3271992.0,Age2640,AA80723
ALAMANCE,,ACTIVE,BARNHARDTKAYTRENEOVERMAN,KAYTRENEOVERMANBARNHARDT,3602HARRISRD,,NL,NOTHISPANICorNOTLATINO,REP,REPUBLICAN,51.0,10051992.0,Age4165,AA84790
ALAMANCE,,ACTIVE,BARNHARDTKEITHERIC,KEITHERICBARNHARDT,4031PHILLIPSCHAPELRD,,NL,NOTHISPANICorNOTLATINO,UNA,UNAFFILIATED,31.0,11092011.0,Age2640,DB125843
,,ACTIVE,BARNHARDTLAURAASHLEY,LAURAASHLEYBARNHARDT,213CYPRESSCT,,NL,NOTHISPANICorNOTLATINO,REP,REPUBLICAN,29.0,6022008.0,Age2640,AA155210
,,ACTIVE,BARNHARDTLINDAANN,LINDAANNBARNHARDT,330HIGHLANDAVE,,UN,UNDESIGNATED,,,44.0,4012008.0,Age4165,AA153295
,,ACTIVE,BARNHARDTMARYELIZABETH,,330HIGHLANDAVE,,NL,NOTHISPANICorNOTLATINO,UNA,UNAFFILIATED,57.0,12111998.0,Age4165,AA112333
,,ACTIVE,BARNHARDTPAMELAHALL,PAMELAHALLBARNHARDT,2008STANCHIONST,,NL,NOTHISPANICorNOTLATINO,,,59.0,12112006.0,Age4165,AA148191
,,ACTIVE,BARNHARDTPAULDOUGLAS,PAULDOUGLASBARNHARDT,3602HARRISRD,,NL,NOTHISPANICorNOTLATINO,,,53.0,4101995.0,Age4165,AA93558
,,ACTIVE,BARNHARDTREBECCAJEAN,REBECCAJEANBARNHARDT,505ENGLEMANAVE,,NL,NOTHISPANICorNOTLATINO,REP,REPUBLICAN,18.0,6182012.0,,AA172852
,,ACTIVE,BARNHARDTRICHARDALAN,RICHARDALANBARNHARDT,505ENGLEMANAVE,,NL,NOTHISPANICorNOTLATINO,,,55.0,10051987.0,Age4165,AA62404
,,ACTIVE,BARNHARDTRITABAKKEN,RITABAKKENBARNHARDT,417STONEWYCKDR,,NL,NOTHISPANICorNOTLATINO,UNA,UNAFFILIATED,54.0,5051998.0,Age4165,AA109993
,,ACTIVE,BARNHARDTSTEVENMICHAEL,STEVENMICHAELBARNHARDT,417STONEWYCKDR,,NL,NOTHISPANICorNOTLATINO,UNA,UNAFFILIATED,58.0,11291989.0,Age4165,AA70212
,,ACTIVE,BARNHARDTSTEVENMICHAELJR,STEVENMICHAELBARNHARDTJR,213CYPRESSCT,,NL,NOTHISPANICorNOTLATINO,REP,REPUBLICAN,29.0,12062007.0,Age2640,AA151421
,,ACTIVE,BARNHARDTVELMAHOLT,VELMAHOLTBARNHARDT,1824WHITSETTST,,NL,NOTHISPANICorNOTLATINO,,,70.0,10081990.0,AgeOver66,AA74548
,,ACTIVE,BARNHARDTZEBELONZOJR,ZEBELONZOBARNHARDTJR,2008STANCHIONST,,NL,NOTHISPANICorNOTLATINO,,,70.0,12182006.0,AgeOver66,AK65920
,,ACTIVE,BARNHARTCASSANDRAJAMOWSKI,CASSANDRAJAMOWSKIBARNHART,402EDOGWOODDR,,UN,UNDESIGNATED,UNA,UNAFFILIATED,35.0,2252008.0,Age2640,AA152481
,I,INACTIVE,BARNHARTHELENNOTT,HELENNOTTBARNHART,2409ELONOSSIPEERD,,NL,NOTHISPANICorNOTLATINO,,,78.0,5121956.0,AgeOver66,
,,ACTIVE,BARNHARTJOHNFRANCIS,JOHNFRANCISBARNHART,402EDOGWOODDR,,UN,UNDESIGNATED,REP,REPUBLICAN,44.0,12082008.0,Age4165,DE230366
,A,ACTIVE,BARNHARTPHILLISJEAN,PHILLISJEANBARNHART,303QUAKERCREEKDR,,NL,NOTHISPANICorNOTLATINO,REP,REPUBLICAN,74.0,10052010.0,AgeOver66,AA166999
,A,ACTIVE,BARNHILLBENJAMINTAYLOR,BENJAMINTAYLORBARNHILL,404FORESTDR,,NL,NOTHISPANICorNOTLATINO,UNA,UNAFFILIATED,57.0,10081990.0,Age4165,AA74549
,R,REMOVED,BARNHILLJANEHARRIS,JANEHARRISBARNHILL,,,NL,NOTHISPANICorNOTLATINO,REP,REPUBLICAN,43.0,5152000.0,Age4165,AA118020
,A,ACTIVE,BARNHILLLINDAFLEMING,LINDAFLEMINGBARNHILL,404FORESTDR,,NL,NOTHISPANICorNOTLATINO,UNA,UNAFFILIATED,58.0,2221990.0,Age4165,AA70670
,R,REMOVED,BARNHILLMARKPRESTON,,,,NL,NOTHISPANICorNOTLATINO,UNA,UNAFFILIATED,,4211999.0,Age4165,AA114046
,A,ACTIVE,BARNHOUSEMELISSATRAIL,,304DOGGETTDR,,UN,UNDESIGNATED,UNA,UNAFFILIATED,32.0,1152008.0,Age2640,BD91041
,A,ACTIVE,BARNHOUSEWESLEY,WESLEYBARNHOUSE,304DOGGETTDR,,NL,NOTHISPANICorNOTLATINO,UNA,UNAFFILIATED,35.0,1152008.0,Age2640,BD91042
,A,ACTIVE,BARNIEMATTHEWEDWARD,,817SHALLOWFORDCHURCHRD,,NL,NOTHISPANICorNOTLATINO,UNA,UNAFFILIATED,24.0,6192008.0,,AA154927
,A,ACTIVE,BARNIEPATRICIAANN,PATRICIAANNBARNIE,817SHALLOWFORDCHURCHRDB,,NL,NOTHISPANICorNOTLATINO,REP,REPUBLICAN,56.0,6122008.0,Age4165,AA154928
,A,ACTIVE,BARNWELLALANMICHAEL,ALANMICHAELBARNWELL,,BLACKorAFRICANAMERICAN,NL,NOTHISPANICorNOTLATINO,UNA,UNAFFILIATED,19.0,2162012.0,,AA170374
,A,ACTIVE,BARNWELLALICEAJEAN,ALICEAJEANBARNWELL,890TOMBARNWELLTRL,,NL,NOTHISPANICorNOTLATINO,,,58.0,5252007.0,Age4165,BY327023
,A,ACTIVE,BARNWELLBONNIELLOYD,BONNIELLOYDBARNWELL,2333ANTHONYRD,,NL,NOTHISPANICorNOTLATINO,UNA,UNAFFILIATED,60.0,11091985.0,Age4165,AA59276
,A,ACTIVE,BARNWELLCAROLINEPAGE,CAROLINEPAGEBARNWELL,1826EDGEWOODAVE,UNDESIGNATED,NL,NOTHISPANICorNOTLATINO,UNA,UNAFFILIATED,44.0,10021992.0,Age4165,AA84036
,A,ACTIVE,BARNWELLCHARLESJUNIOR,CHARLESJUNIORBARNWELL,849TOMBARNWELLTRL,,UN,UNDESIGNATED,REP,REPUBLICAN,64.0,10031990.0,Age4165,AA74243
,A,ACTIVE,BARNWELLCHRISTOPHERLEE,CHRISTOPHERLEEBARNWELL,208FORESTDR,,NL,NOTHISPANICorNOTLATINO,UNA,UNAFFILIATED,39.0,9301992.0,Age2640,AA83746
,R,REMOVED,BARNWELLCORNELIADITTO,CORNELIADITTOBARNWELL,1820BROOKWOODAVE223,,NL,NOTHISPANICorNOTLATINO,REP,REPUBLICAN,85.0,2281994.0,AgeOver66,AA89338
,A,ACTIVE,BARNWELLCURRYDANIEL,CURRYDANIELBARNWELL,854TOMBARNWELLTRL,,NL,NOTHISPANICorNOTLATINO,REP,REPUBLICAN,86.0,5141960.0,AgeOver66,
,A,ACTIVE,BARNWELLDIANEGORE,DIANEGOREBARNWELL,2909NFAIRWAYDR,,NL,NOTHISPANICorNOTLATINO,REP,REPUBLICAN,71.0,2231976.0,AgeOver66,
,A,ACTIVE,BARNWELLDOTROBINSON,DOTROBINSONBARNWELL,1315BRIARCLIFFRD,,NL,NOTHISPANICorNOTLATINO,REP,REPUBLICAN,97.0,,AgeOver66,
,R,REMOVED,BARNWELLEDNAMOORE,EDNAMOOREBARNWELL,3760MICHAELDR,,NL,NOTHISPANICorNOTLATINO,UNA,UNAFFILIATED,76.0,,AgeOver66,AA67207
,A,ACTIVE,BARNWELLHARRELLCURTIS,HARRELLCURTISBARNWELL,2333ANTHONYRD,,NL,NOTHISPANICorNOTLATINO,REP,REPUBLICAN,68.0,,AgeOver66,AA91636
,A,ACTIVE,BARNWELLHARRELLWAYNE,HARRELLWAYNEBARNWELL,890TOMBARNWELLTRL,,NL,NOTHISPANICorNOTLATINO,REP,REPUBLICAN,,7222004.0,Age4165,AA136130
,R,REMOVED,BARNWELLHARVEYRICHARD,HARVEYRICHARDBARNWELL,3760MICHAELDR,,NL,NOTHISPANICorNOTLATINO,REP,REPUBLICAN,63.0,1041979.0,Age4165,
,A,ACTIVE,BARNWELLHEILIGMILLER,HEILIGMILLERBARNWELL,614FOUNTAINPL,,NL,NOTHISPANICorNOTLATINO,REP,REPUBLICAN,44.0,11212003.0,Age4165,AA132187
,A,ACTIVE,BARNWELLHELENCOMBS,HELENCOMBSBARNWELL,1010NGRAHAMHOPEDALERD,,NL,NOTHISPANICorNOTLATINO,REP,REPUBLICAN,88.0,5141960.0,AgeOver66,
,A,ACTIVE,BARNWELLHENRYDALE,HENRYDALEBARNWELL,4666NNCHWY119,,NL,NOTHISPANICorNOTLATINO,REP,REPUBLICAN,73.0,10281960.0,AgeOver66,
,A,ACTIVE,BARNWELLJAMESALEXANDERJR,JAMESALEXANDERBARNWELLJR,2909NFAIRWAYDR,,NL,NOTHISPANICorNOTLATINO,REP,REPUBLICAN,72.0,2231976.0,AgeOver66,
,A,ACTIVE,BARNWELLJAMESMASON,JAMESMASONBARNWELL,4746NNCHWY119,,NL,NOTHISPANICorNOTLATINO,REP,REPUBLICAN,78.0,5101956.0,AgeOver66,
,A,ACTIVE,BARNWELLJAMESALEXANDERIII,JAMESALEXANDERBARNWELLIII,1826EDGEWOODAVE,,UN,UNDESIGNATED,UNA,UNAFFILIATED,,8091984.0,Age4165,
,A,ACTIVE,BARNWELLJANIECAROL,JANIECAROLBARNWELL,538DIXONRD,,NL,NOTHISPANICorNOTLATINO,UNA,UNAFFILIATED,39.0,11011999.0,Age2640,AA115905
,A,ACTIVE,BARNWELLJAYNEWILLIAMS,JAYNEWILLIAMSBARNWELL,3745MICHAELDR,,NL,NOTHISPANICorNOTLATINO,REP,REPUBLICAN,53.0,6261990.0,Age4165,AA72396
,I,INACTIVE,BARNWELLJOANNSIMPSON,JOANNSIMPSONBARNWELL,517PINEST,,UN,UNDESIGNATED,REP,REPUBLICAN,78.0,3211980.0,AgeOver66,
,A,ACTIVE,BARNWELLJOHNMICHAEL,JOHNMICHAELBARNWELL,3745MICHAELDR,,NL,NOTHISPANICorNOTLATINO,REP,REPUBLICAN,54.0,4221992.0,Age4165,AA81341
,A,ACTIVE,BARNWELLJUDITHCAROLINE,JUDITHCAROLINEBARNWELL,813NMAINST,,NL,NOTHISPANICorNOTLATINO,,,60.0,2251972.0,Age4165,
,A,ACTIVE,BARNWELLKATHLEENYOUNG,KATHLEENYOUNGBARNWELL,4746NNCHWY119,,NL,NOTHISPANICorNOTLATINO,,,82.0,10251956.0,AgeOver66,
,A,ACTIVE,BARNWELLLARRYDANIELJR,LARRYDANIELBARNWELLJR,538DIXONRD,,UN,UNDESIGNATED,UNA,UNAFFILIATED,37.0,10042000.0,Age2640,AA120635
,A,ACTIVE,BARNWELLMAMIECATES,,849TOMBARNWELLTRL,,NL,NOTHISPANICorNOTLATINO,REP,REPUBLICAN,70.0,10031990.0,AgeOver66,AA74244
ALAMANCE,A,ACTIVE,BARNWELLMARYJACQUELINE,,3953NCHWY54,,NL,NOTHISPANICorNOTLATINO,,,60.0,1041991.0,Age4165,AA76075
ALAMANCE,R,REMOVED,BARNWELLMARYLEE,,1414COLLINSDRC9,,NL,NOTHISPANICorNOTLATINO,REP,REPUBLICAN,70.0,,AgeOver66,AA103856
ALAMANCE,A,ACTIVE,BARNWELLPAULDAVID,PAULDAVIDBARNWELL,412PARKVIEWDR,,NL,NOTHISPANICorNOTLATINO,,,56.0,9192006.0,Age4165,AA147529
ALAMANCE,A,ACTIVE,BARNWELLROBERTL,ROBERTLBARNWELL,625LANEST,,UN,UNDESIGNATED,,,63.0,6202002.0,Age4165,AA126717
ALAMANCE,R,REMOVED,BARNWELLROBERTALEXANDER,ROBERTALEXANDERBARNWELL,2072MEADOWLN,,NL,NOTHISPANICorNOTLATINO,,,74.0,9252000.0,AgeOver66,AA120197
ALAMANCE,A,ACTIVE,BARNWELLSPENCERLYN,SPENCERLYNBARNWELL,2619MEBANEOAKSRDH,,NL,NOTHISPANICorNOTLATINO,REP,REPUBLICAN,20.0,11232009.0,,AA165024
ALAMANCE,A,ACTIVE,BARNWELLSTEVENMCKOY,STEVENMCKOYBARNWELL,614FOUNTAINPL,,NL,NOTHISPANICorNOTLATINO,REP,REPUBLICAN,43.0,10012001.0,Age4165,AA124582
ALAMANCE,A,ACTIVE,BARNWELLSUEJONES,SUEJONESBARNWELL,1989JORDANMEADOWSDR,,NL,NOTHISPANICorNOTLATINO,UNA,UNAFFILIATED,61.0,6101991.0,Age4165,AA77521
ALAMANCE,A,ACTIVE,BARNWELLTENACARDER,TENACARDERBARNWELL,633BLACKWELLDR,,NL,NOTHISPANICorNOTLATINO,UNA,UNAFFILIATED,52.0,4191996.0,Age4165,AA99253
ALAMANCE,A,ACTIVE,BARNWELLTHOMASEDWARD,THOMASEDWARDBARNWELL,1989JORDANMEADOWSDR,,NL,NOTHISPANICorNOTLATINO,,,64.0,3241972.0,Age4165,
ALAMANCE,A,ACTIVE,BARRAARONNICHOLAS,AARONNICHOLASBARR,322NSELLARSMILLRD,BLACKorAFRICANAMERICAN,NL,NOTHISPANICorNOTLATINO,,,19.0,,,AA177434
ALAMANCE,A,ACTIVE,BARRADRIENNENICOLE,ADRIENNENICOLEBARR,919BELLEVUEST,BLACKorAFRICANAMERICAN,NL,NOTHISPANICorNOTLATINO,,,27.0,8062010.0,Age2640,CW642499
ALAMANCE,A,ACTIVE,BARRAMYEDWARDS,AMYEDWARDSBARR,704RENDALLCT,,UN,UNDESIGNATED,REP,REPUBLICAN,,5241983.0,Age4165,AA13941
ALAMANCE,R,REMOVED,BARRANGELAMBELL,ANGELAMBELLBARR,3843GARDENRD,,NL,NOTHISPANICorNOTLATINO,REP,REPUBLICAN,40.0,9272000.0,Age2640,AA120778
ALAMANCE,A,ACTIVE,BARRANGELINE,ANGELINEBARR,1719TURNERRD,,NL,NOTHISPANICorNOTLATINO,UNA,UNAFFILIATED,31.0,,Age2640,AA177929
ALAMANCE,D,DENIED,BARRBONNIEHILDA,BONNIEHILDABARR,2109BORDEAUXDR,,NL,NOTHISPANICorNOTLATINO,REP,REPUBLICAN,,10072005.0,Age4165,AA144809
ALAMANCE,A,ACTIVE,BARRBRENDAK,BRENDAKBARR,2263BRISBANECT,,NL,NOTHISPANICorNOTLATINO,REP,REPUBLICAN,51.0,9291995.0,Age4165,AA95959
ALAMANCE,A,ACTIVE,BARRDANIELGORDON,DANIELGORDONBARR,3781GARDENRD,,NL,NOTHISPANICorNOTLATINO,REP,REPUBLICAN,,8091996.0,Age4165,AA100902
ALAMANCE,I,INACTIVE,BARRDAVIDADAM,DAVIDADAMBARR,1715BRADFORDCT,,UN,UNDESIGNATED,,,32.0,9242008.0,Age2640,AE25948
ALAMANCE,R,REMOVED,BARRDAVIDTRACY,DAVIDTRACYBARR,3843GARDENRD,,NL,NOTHISPANICorNOTLATINO,REP,REPUBLICAN,43.0,10041990.0,Age4165,AA75060
ALAMANCE,A,ACTIVE,BARRDONALDCHARLES,DONALDCHARLESBARR,1405NGRAHAMHOPEDALERD,,UN,UNDESIGNATED,REP,REPUBLICAN,68.0,9202010.0,AgeOver66,AA166815
ALAMANCE,A,ACTIVE,BARRDORISWHITENER,DORISWHITENERBARR,3843GARDENRD,,NL,NOTHISPANICorNOTLATINO,REP,REPUBLICAN,72.0,9301972.0,AgeOver66,
ALAMANCE,R,REMOVED,BARRELLENCOOPER,ELLENCOOPERBARR,763STILLRUNLN,,NL,NOTHISPANICorNOTLATINO,REP,REPUBLICAN,80.0,7291980.0,AgeOver66,
ALAMANCE,A,ACTIVE,BARRERICADANIELLE,ERICADANIELLEBARR,2369DREWLN,,NL,NOTHISPANICorNOTLATINO,REP,REPUBLICAN,22.0,1122012.0,,AA170095
ALAMANCE,A,ACTIVE,BARRJAMESDAN,JAMESDANBARR,763STILLRUNLN,,NL,NOTHISPANICorNOTLATINO,REP,REPUBLICAN,80.0,8111980.0,AgeOver66,
ALAMANCE,A,ACTIVE,BARRJAMESDAVID,JAMESDAVIDBARR,704RENDALLCT,,UN,UNDESIGNATED,REP,REPUBLICAN,51.0,4031980.0,Age4165,
ALAMANCE,A,ACTIVE,BARRKIMBERLYELAINE,KIMBERLYELAINEBARR,2419MILLBROOKDR,,UN,UNDESIGNATED,REP,REPUBLICAN,22.0,5082012.0,,AA171702
ALAMANCE,A,ACTIVE,BARRLESLIEJANE,LESLIEJANEBARR,3483FORESTDALEDR1A,,NL,NOTHISPANICorNOTLATINO,UNA,UNAFFILIATED,27.0,4102008.0,Age2640,DL174370
ALAMANCE,A,ACTIVE,BARRLOREEPENNINGTON,,2811KENTWOODDR,,NL,NOTHISPANICorNOTLATINO,REP,REPUBLICAN,,10051992.0,Age4165,AA83473
ALAMANCE,A,ACTIVE,BARRMICHAEL,,1719TURNERRD,,NL,NOTHISPANICorNOTLATINO,REP,REPUBLICAN,30.0,,Age2640,AA177940
ALAMANCE,A,ACTIVE,BARRNANSIATOBY,NANSIATOBYBARR,1405NGRAHAMHOPEDALERD,,UN,UNDESIGNATED,UNA,UNAFFILIATED,77.0,9202010.0,AgeOver66,AA166816
ALAMANCE,I,INACTIVE,BARRNANSIATOBY,NANSIATOBYBARR,136WCRESCENTSQUAREDRB,,NL,NOTHISPANICorNOTLATINO,UNA,UNAFFILIATED,68.0,2112005.0,AgeOver66,AA142925
ALAMANCE,A,ACTIVE,BARRPEGGYBALDWIN,PEGGYBALDWINBARR,322NSELLARSMILLRD,BLACKorAFRICANAMERICAN,NL,NOTHISPANICorNOTLATINO,,,58.0,11061995.0,Age4165,AA96205
ALAMANCE,A,ACTIVE,BARRROBERTCHARLES,ROBERTCHARLESBARR,2263BRISBANECT,,NL,NOTHISPANICorNOTLATINO,REP,REPUBLICAN,55.0,9291995.0,Age4165,AA95960
ALAMANCE,A,ACTIVE,BARRSARAHMABEJANNEY,SARAHMABEJANNEYBARR,1715BRADFORDCT,,NL,NOTHISPANICorNOTLATINO,,,31.0,4142008.0,Age2640,AA155613
ALAMANCE,I,INACTIVE,BARRSCOTTEDWARD,SCOTTEDWARDBARR,,,NL,NOTHISPANICorNOTLATINO,REP,REPUBLICAN,28.0,4142004.0,Age2640,AA133785
ALAMANCE,A,ACTIVE,BARRSUSANHAIRR,SUSANHAIRRBARR,3483FORESTDALEDR1A,,NL,NOTHISPANICorNOTLATINO,,,54.0,9302008.0,Age4165,BY11450
ALAMANCE,A,ACTIVE,BARRTRACYBLAN,TRACYBLANBARR,3843GARDENRD,,NL,NOTHISPANICorNOTLATINO,REP,REPUBLICAN,74.0,9301972.0,AgeOver66,
ALAMANCE,A,ACTIVE,BARRVIRGINIAANN,VIRGINIAANNBARR,,,NL,NOTHISPANICorNOTLATINO,REP,REPUBLICAN,81.0,9082010.0,AgeOver66,AA166701
ALAMANCE,A,ACTIVE,BARRERAMIGUELDIAZ,,2463NCHURCHST31,UNDESIGNATED,HL,HISPANICorLATINO,REP,REPUBLICAN,62.0,1212003.0,Age4165,AA129320
ALAMANCE,I,INACTIVE,BARRETORAQUEL,RAQUELBARRETO,618WFRONTST,UNDESIGNATED,HL,HISPANICorLATINO,,,64.0,,Age4165,BN285217
ALAMANCE,A,ACTIVE,BARRETTAMANDAPALMER,AMANDAPALMERBARRETT,,,NL,NOTHISPANICorNOTLATINO,,,34.0,1252007.0,Age2640,AA148760
ALAMANCE,A,ACTIVE,BARRETTAMANDAKNIGHT,AMANDAKNIGHTBARRETT,2833SNCHWY8710,,NL,NOTHISPANICorNOTLATINO,UNA,UNAFFILIATED,28.0,7162012.0,Age2640,AA173277
ALAMANCE,A,ACTIVE,BARRETTANGELAMARIE,ANGELAMARIEBARRETT,780BOONESTATIONDRB,BLACKorAFRICANAMERICAN,NL,NOTHISPANICorNOTLATINO,UNA,UNAFFILIATED,44.0,4101996.0,Age4165,AA99169
ALAMANCE,A,ACTIVE,BARRETTBETTYBRADLEY,BETTYBRADLEYBARRETT,3442BROOKSTONEDR,,NL,NOTHISPANICorNOTLATINO,REP,REPUBLICAN,68.0,4232002.0,AgeOver66,AA126222
ALAMANCE,I,INACTIVE,BARRETTBILLIEJ,BILLIEJBARRETT,2207BURCHBRIDGERD100,,UN,UNDESIGNATED,,,61.0,10062008.0,Age4165,AA158902
ALAMANCE,A,ACTIVE,BARRETTCHARLENESEIGER,CHARLENESEIGERBARRETT,2708BIRCHLN,,NL,NOTHISPANICorNOTLATINO,REP,REPUBLICAN,,7011994.0,Age4165,AA90428
ALAMANCE,A,ACTIVE,BARRETTCHARLESJSR,CHARLESJBARRETTSR,,,UN,UNDESIGNATED,,,83.0,10011980.0,AgeOver66,
ALAMANCE,I,INACTIVE,BARRETTCHARLESJUNIORJR,CHARLESJUNIORBARRETTJR,4344ALPINELN,,NL,NOTHISPANICorNOTLATINO,REP,REPUBLICAN,56.0,4102006.0,Age4165,DB183586
ALAMANCE,A,ACTIVE,BARRETTCHRISTOPHERTODD,CHRISTOPHERTODDBARRETT,803WESTWOODDR,,NL,NOTHISPANICorNOTLATINO,UNA,UNAFFILIATED,37.0,5092008.0,Age2640,BY398425
ALAMANCE,A,ACTIVE,BARRETTCHRISTOPHERWAYNE,CHRISTOPHERWAYNEBARRETT,1849BIRCHRUNDR,,NL,NOTHISPANICorNOTLATINO,,,51.0,2081988.0,Age4165,AA63611
ALAMANCE,A,ACTIVE,BARRETTDARRELLCLINTONJR,DARRELLCLINTONBARRETTJR,4833SWEPSONVILLESAXAPAHAWRD,,NL,NOTHISPANICorNOTLATINO,,,,10031986.0,Age4165,AA60578
ALAMANCE,A,ACTIVE,BARRETTDARRELLCLINTONSR,DARRELLCLINTONBARRETTSR,4911SWEPSONVILLESAXAPAHAWRD,,NL,NOTHISPANICorNOTLATINO,,,73.0,1051982.0,AgeOver66,
ALAMANCE,A,ACTIVE,BARRETTDARRELLCLINTON,DARRELLCLINTONBARRETT,,,UN,UNDESIGNATED,UNA,UNAFFILIATED,25.0,8092008.0,,AA156180
ALAMANCE,A,ACTIVE,BARRETTDAVIDSCOTT,DAVIDSCOTTBARRETT,,,NL,NOTHISPANICorNOTLATINO,REP,REPUBLICAN,41.0,1052007.0,Age4165,DE173889
ALAMANCE,A,ACTIVE,BARRETTDAVIDW,DAVIDWBARRETT,3621SJIMMINORRD,,UN,UNDESIGNATED,REP,REPUBLICAN,58.0,11022004.0,Age4165,AA141488
ALAMANCE,A,ACTIVE,BARRETTDONNAADCOCK,DONNAADCOCKBARRETT,213NNINTHST,,NL,NOTHISPANICorNOTLATINO,,,58.0,4071984.0,Age4165,
ALAMANCE,R,REMOVED,BARRETTEARLLEROY,EARLLEROYBARRETT,,,NL,NOTHISPANICorNOTLATINO,,,73.0,7142003.0,AgeOver66,AA130729
ALAMANCE,A,ACTIVE,BARRETTFRANCESSMITH,FRANCESSMITHBARRETT,4905SWEPSONVILLESAXAPAHAWRD,,NL,NOTHISPANICorNOTLATINO,,,79.0,5051956.0,AgeOver66,
ALAMANCE,A,ACTIVE,BARRETTGRACEEASLEY,GRACEEASLEYBARRETT,,,NL,NOTHISPANICorNOTLATINO,REP,REPUBLICAN,62.0,10081973.0,Age4165,
ALAMANCE,I,INACTIVE,BARRETTGRANTLEE,GRANTLEEBARRETT,,,NL,NOTHISPANICorNOTLATINO,UNA,UNAFFILIATED,36.0,9222009.0,Age2640,AA164693
ALAMANCE,R,REMOVED,BARRETTHENRIETTABOWEN,HENRIETTABOWENBARRETT,5938CHURCHRD,,NL,NOTHISPANICorNOTLATINO,,,90.0,4211972.0,AgeOver66,
ALAMANCE,A,ACTIVE,BARRETTHOLLYELIZABETH,HOLLYELIZABETHBARRETT,803WESTWOODDR,,NL,NOTHISPANICorNOTLATINO,,,36.0,5092008.0,Age2640,BY255648
ALAMANCE,A,ACTIVE,BARRETTHOWARDWAYNE,HOWARDWAYNEBARRETT,3442BROOKSTONEDR,,NL,NOTHISPANICorNOTLATINO,REP,REPUBLICAN,70.0,2272002.0,AgeOver66,AA125735
ALAMANCE,A,ACTIVE,BARRETTHOWARD(NMN),HOWARD(NMN)BARRETT,4905SWEPSONVILLESAXAPAHAWRD,,NL,NOTHISPANICorNOTLATINO,,,79.0,5051956.0,AgeOver66,
ALAMANCE,I,INACTIVE,BARRETTJANEPETERMAN,JANEPETERMANBARRETT,2437RIVERVIEWDR,,UN,UNDESIGNATED,,,61.0,11032006.0,Age4165,AA148074
ALAMANCE,R,REMOVED,BARRETTJOSEPHDON,JOSEPHDONBARRETT,,,NL,NOTHISPANICorNOTLATINO,REP,REPUBLICAN,69.0,,AgeOver66,
ALAMANCE,R,REMOVED,BARRETTJOSEPHROBERTJR,JOSEPHROBERTBARRETTJR,2947SAXAPAHAWBETHLEHEMCHURCHRD,,NL,NOTHISPANICorNOTLATINO,,,70.0,10041980.0,AgeOver66,
ALAMANCE,A,ACTIVE,BARRETTJUSTINCHRISTOPHER,JUSTINCHRISTOPHERBARRETT,4955SNCHWY87,,NL,NOTHISPANICorNOTLATINO,UNA,UNAFFILIATED,25.0,5042006.0,,AA146311
ALAMANCE,A,ACTIVE,BARRETTKARENL,KARENLBARRETT,,,NL,NOTHISPANICorNOTLATINO,UNA,UNAFFILIATED,62.0,8111995.0,Age4165,AA94915
ALAMANCE,R,REMOVED,BARRETTMARGARETBOWERS,,2947SAXAPAHAWBETHLEHEMCHURCHRD,,NL,NOTHISPANICorNOTLATINO,,,64.0,10041980.0,Age4165,
ALAMANCE,A,ACTIVE,BARRETTMARIELAYTON,,4911SWEPSONVILLESAXAPAHAWRD,,NL,NOTHISPANICorNOTLATINO,,,72.0,6201986.0,AgeOver66,AA60106
ALAMANCE,A,ACTIVE,BARRETTMARYSOPHIA,,2947SAXAPAHAWBETHLEHEMCHURCHRD,,UN,UNDESIGNATED,,,32.0,10052000.0,Age2640,AA121094
ALAMANCE,A,ACTIVE,BARRETTMEGHANBRITTANY,,4955SNCHWY87,,NL,NOTHISPANICorNOTLATINO,UNA,UNAFFILIATED,26.0,9082004.0,Age2640,AA137199
ALAMANCE,A,ACTIVE,BARRETTMICHAELJOSEPH,,,,NL,NOTHISPANICorNOTLATINO,REP,REPUBLICAN,36.0,12292003.0,Age2640,AA132540
ALAMANCE,A,ACTIVE,BARRETTMICHAELANDREW,,504SEIGHTHST,BLACKorAFRICANAMERICAN,UN,UNDESIGNATED,,,61.0,1301997.0,Age4165,AA104554
ALAMANCE,A,ACTIVE,BARRETTMICHELELEIGH,,2828SWEPSONVILLESAXAPAHAWRD,,NL,NOTHISPANICorNOTLATINO,REP,REPUBLICAN,,10051990.0,Age4165,AA75061
ALAMANCE,R,REMOVED,BARRETTPANSYELEINE,PANSYELEINEBARRETT,,,NL,NOTHISPANICorNOTLATINO,,,84.0,5311988.0,AgeOver66,AA65073
ALAMANCE,A,ACTIVE,BARRETTPATRICKKEVIN,PATRICKKEVINBARRETT,2828SWEPSONVILLESAXAPAHAWRD,,NL,NOTHISPANICorNOTLATINO,,,,1071992.0,Age4165,AA79396
ALAMANCE,A,ACTIVE,BARRETTRANDYHOWARD,RANDYHOWARDBARRETT,2708BIRCHLN,,NL,NOTHISPANICorNOTLATINO,REP,REPUBLICAN,43.0,10051992.0,Age4165,AA84026
ALAMANCE,R,REMOVED,BARRETTREBECCALASSITER,REBECCALASSITERBARRETT,823TROLLINGWOODHAWFIELDSRD5,,NL,NOTHISPANICorNOTLATINO,,,67.0,11061990.0,AgeOver66,AA76764
ALAMANCE,A,ACTIVE,BARRETTROBERTALLEN,ROBERTALLENBARRETT,213NNINTHST,,NL,NOTHISPANICorNOTLATINO,,,61.0,3151984.0,Age4165,
ALAMANCE,A,ACTIVE,BARRETTROBERTKENNETH,ROBERTKENNETHBARRETT,,,NL,NOTHISPANICorNOTLATINO,REP,REPUBLICAN,35.0,1312005.0,Age2640,AA142841
ALAMANCE,A,ACTIVE,BARRETTRUTHMURRAY,RUTHMURRAYBARRETT,903SANDYCROSSRD,,NL,NOTHISPANICorNOTLATINO,,,92.0,10281944.0,AgeOver66,
ALAMANCE,A,ACTIVE,BARRETTSTEPHENJ,STEPHENJBARRETT,,,NL,NOTHISPANICorNOTLATINO,UNA,UNAFFILIATED,62.0,,Age4165,AA96208
ALAMANCE,A,ACTIVE,BARRETTVONNIEM,VONNIEMBARRETT,534SROSACT,UNDESIGNATED,UN,UNDESIGNATED,UNA,UNAFFILIATED,73.0,11102005.0,AgeOver66,AA145133
ALAMANCE,A,ACTIVE,BARRIENTOSDIANA,DIANABARRIENTOS,632PINNIXRD,OTHER,HL,HISPANICorLATINO,REP,REPUBLICAN,20.0,11032012.0,,AA178875
ALAMANCE,A,ACTIVE,BARRIENTOSROCHELLEMELVIN,ROCHELLEMELVINBARRIENTOS,1675JASHARPERD,,NL,NOTHISPANICorNOTLATINO,UNA,UNAFFILIATED,67.0,12032009.0,AgeOver66,AA165077
ALAMANCE,A,ACTIVE,BARRIERJODIELYNN,JODIELYNNBARRIER,308NTHIRDST,,NL,NOTHISPANICorNOTLATINO,,,,12161994.0,Age4165,AA92311
ALAMANCE,A,ACTIVE,BARRIGAMUNANTEFELICIADELCARMEN,FELICIADELCARMENBARRIGAMUNANTE,1723WILLOWBROOKCT,,HL,HISPANICorLATINO,,,31.0,,Age2640,AA176481
ALAMANCE,A,ACTIVE,BARRINGERBRIANMARK,BRIANMARKBARRINGER,702BROOKFIELDDR,UNDESIGNATED,UN,UNDESIGNATED,REP,REPUBLICAN,39.0,9182000.0,Age2640,AA119799
ALAMANCE,A,ACTIVE,BARRINGERFRED,FREDBARRINGER,4346ALTAMAHAWRACETRACKRD,,NL,NOTHISPANICorNOTLATINO,REP,REPUBLICAN,,4012010.0,Age4165,BY11586
ALAMANCE,A,ACTIVE,BARRINGERMICHELLEBURNS,,4346ALTAMAHAWRACETRACKRD,,NL,NOTHISPANICorNOTLATINO,REP,REPUBLICAN,43.0,6162010.0,Age4165,BY390201
ALAMANCE,A,ACTIVE,BARRINGERSARAROSE,SARAROSEBARRINGER,702BROOKFIELDDR,,NL,NOTHISPANICorNOTLATINO,UNA,UNAFFILIATED,35.0,9182000.0,Age2640,AA119801
ALAMANCE,A,ACTIVE,BARRINGTONDEVINDEAN,DEVINDEANBARRINGTON,3947UNIONRIDGERD,,NL,NOTHISPANICorNOTLATINO,UNA,UNAFFILIATED,27.0,,Age2640,AA140764
ALAMANCE,A,ACTIVE,BARRINGTONKENNETHHARRELL,KENNETHHARRELLBARRINGTON,3954UNIONRIDGERD,,NL,NOTHISPANICorNOTLATINO,REP,REPUBLICAN,54.0,9281984.0,Age4165,
ALAMANCE,A,ACTIVE,BARRINGTONLUTHERHARRELL,,3984UNIONRIDGERD,,NL,NOTHISPANICorNOTLATINO,,,75.0,4201968.0,AgeOver66,
ALAMANCE,A,ACTIVE,BARRINGTONPATRICIAMANESS,PATRICIAMANESSBARRINGTON,3954UNIONRIDGERD,,NL,NOTHISPANICorNOTLATINO,REP,REPUBLICAN,50.0,9121990.0,Age4165,AA73195
ALAMANCE,A,ACTIVE,BARRINGTONROGERLEE,ROGERLEEBARRINGTON,3947UNIONRIDGERD,,NL,NOTHISPANICorNOTLATINO,REP,REPUBLICAN,29.0,2282008.0,Age2640,AA152526
ALAMANCE,A,ACTIVE,BARRIOSDIANA,DIANABARRIOS,2156JAMESBOSWELLRD64,OTHER,HL,HISPANICorLATINO,UNA,UNAFFILIATED,20.0,8272010.0,,AA166632
ALAMANCE,A,ACTIVE,BARRONJAMESMICHAEL,JAMESMICHAELBARRON,413HILLCRESTAVE,,NL,NOTHISPANICorNOTLATINO,REP,REPUBLICAN,42.0,10052004.0,Age4165,AA140619
ALAMANCE,A,ACTIVE,BARRONJOHANNEANTONINE,JOHANNEANTONINEBARRON,204ESTEBANCT,,NL,NOTHISPANICorNOTLATINO,,,59.0,,Age4165,AA148066
ALAMANCE,A,ACTIVE,BARRONJOHNISRAEL,JOHNISRAELBARRON,204ESTEBANCT,,NL,NOTHISPANICorNOTLATINO,UNA,UNAFFILIATED,59.0,,Age4165,AA147975
ALAMANCE,A,ACTIVE,BARRONLINDAM,LINDAMBARRON,1810AMALONERD,,UN,UNDESIGNATED,,,63.0,,Age4165,AA128277
ALAMANCE,A,ACTIVE,BARRONROSHAWNDALAJEAN,ROSHAWNDALAJEANBARRON,1933MORNINGSIDEDRG,BLACKorAFRICANAMERICAN,UN,UNDESIGNATED,,,28.0,7052011.0,Age2640,AA126494
ALAMANCE,A,ACTIVE,BARROTMARDICIONYANZA,,,BLACKorAFRICANAMERICAN,NL,NOTHISPANICorNOTLATINO,,,23.0,,,AA150658
ALAMANCE,R,REMOVED,BARROWAPRILAYERS,APRILAYERSBARROW,3205JIMLOWEDR,,NL,NOTHISPANICorNOTLATINO,REP,REPUBLICAN,37.0,4111994.0,Age2640,AA89795
ALAMANCE,A,ACTIVE,BARROWARLENEDAVIS,ARLENEDAVISBARROW,2178STONESTEXT1,,NL,NOTHISPANICorNOTLATINO,UNA,UNAFFILIATED,54.0,8242005.0,Age4165,AA144452
ALAMANCE,A,ACTIVE,BARROWCHERYLKATHERINE,CHERYLKATHERINEBARROW,1414COLLINSDRA1,,NL,NOTHISPANICorNOTLATINO,REP,REPUBLICAN,53.0,3251986.0,Age4165,AA59564
ALAMANCE,R,REMOVED,BARROWCHRISTOPHERWAYNE,CHRISTOPHERWAYNEBARROW,3205JIMLOWEDR,,UN,UNDESIGNATED,REP,REPUBLICAN,40.0,3141994.0,Age2640,AA89339
ALAMANCE,A,ACTIVE,BARROWDANIELRUSH,DANIELRUSHBARROW,639WENDYDR,,NL,NOTHISPANICorNOTLATINO,,,55.0,9102007.0,Age4165,EM47960
ALAMANCE,A,ACTIVE,BARROWDONALDJOSEPH,DONALDJOSEPHBARROW,2723DEEST,,UN,UNDESIGNATED,UNA,UNAFFILIATED,,4262002.0,Age4165,AA126258
ALAMANCE,A,ACTIVE,BARROWELAINEALEXANDER,ELAINEALEXANDERBARROW,326ASHBROOKLN,,NL,NOTHISPANICorNOTLATINO,UNA,UNAFFILIATED,58.0,10081994.0,Age4165,AA91353
ALAMANCE,A,ACTIVE,BARROWGARYWAYNE,GARYWAYNEBARROW,326ASHBROOKLN,,NL,NOTHISPANICorNOTLATINO,,,63.0,7261982.0,Age4165,
ALAMANCE,A,ACTIVE,BARROWJESSEC,JESSECBARROW,428BANKSST,,NL,NOTHISPANICorNOTLATINO,UNA,UNAFFILIATED,22.0,5212012.0,,AA172177
ALAMANCE,A,ACTIVE,BARROWLINDAPRUITT,LINDAPRUITTBARROW,2723DEEST,,NL,NOTHISPANICorNOTLATINO,UNA,UNAFFILIATED,,11042008.0,Age4165,AA162485
ALAMANCE,A,ACTIVE,BARROWNORMAWILSON,NORMAWILSONBARROW,716SCOTTST,,NL,NOTHISPANICorNOTLATINO,UNA,UNAFFILIATED,64.0,8031976.0,Age4165,AA17078
ALAMANCE,A,ACTIVE,BARROWRUTHLEE,RUTHLEEBARROW,,,NL,NOTHISPANICorNOTLATINO,UNA,UNAFFILIATED,55.0,11222011.0,Age4165,EH852677
ALAMANCE,A,ACTIVE,BARROWSAMUELLEE,SAMUELLEEBARROW,,,NL,NOTHISPANICorNOTLATINO,UNA,UNAFFILIATED,21.0,11222011.0,,AA169711
ALAMANCE,A,ACTIVE,BARROWSTEVENLYNN,STEVENLYNNBARROW,1404ANTHONYRD,,UN,UNDESIGNATED,UNA,UNAFFILIATED,67.0,5292012.0,AgeOver66,AA172452
ALAMANCE,A,ACTIVE,BARROWTERICOBLE,TERICOBLEBARROW,4359EGREENSBOROCHAPELHILLRD,,NL,NOTHISPANICorNOTLATINO,UNA,UNAFFILIATED,34.0,10011996.0,Age2640,AA102677
ALAMANCE,A,ACTIVE,BARROWTHOMASARCHIESR,THOMASARCHIEBARROWSR,716SCOTTST,,NL,NOTHISPANICorNOTLATINO,UNA,UNAFFILIATED,59.0,7081992.0,Age4165,AA82087
ALAMANCE,A,ACTIVE,BARROWTONIDIANE,TONIDIANEBARROW,1404ANTHONYRD,,NL,NOTHISPANICorNOTLATINO,UNA,UNAFFILIATED,54.0,10051992.0,Age4165,AA83605
ALAMANCE,A,ACTIVE,BARROWWILLIAMDANIEL,WILLIAMDANIELBARROW,716SCOTTST,,NL,NOTHISPANICorNOTLATINO,UNA,UNAFFILIATED,29.0,5152008.0,Age2640,AA154930
ALAMANCE,R,REMOVED,BARROWSELISABETHHAMRICK,ELISABETHHAMRICKBARROWS,2718BLANCHEDR,,NL,NOTHISPANICorNOTLATINO,,,60.0,9241986.0,Age4165,AA60467
ALAMANCE,R,REMOVED,BARROWSROBERTKNIGHTJR,ROBERTKNIGHTBARROWSJR,2718BLANCHEDR,,NL,NOTHISPANICorNOTLATINO,,,59.0,9241986.0,Age4165,AA60468
ALAMANCE,A,ACTIVE,BARRYASHTONROSE,ASHTONROSEBARRY,205THEOAKSA,,NL,NOTHISPANICorNOTLATINO,,,23.0,9202008.0,,AA157882
ALAMANCE,A,ACTIVE,BARRYBRENDAKAE,BRENDAKAEBARRY,1505BELMONTST,,NL,NOTHISPANICorNOTLATINO,UNA,UNAFFILIATED,54.0,1202005.0,Age4165,AA142743
ALAMANCE,A,ACTIVE,BARRYCRISPALONZA,CRISPALONZABARRY,2506ESIMPSONRD,UNDESIGNATED,UN,UNDESIGNATED,,,,,Age4165,AA177220
ALAMANCE,A,ACTIVE,BARRYDAVIDALLEN,DAVIDALLENBARRY,415TRAILONE,,NL,NOTHISPANICorNOTLATINO,,,43.0,7022012.0,Age4165,EH795573
ALAMANCE,A,ACTIVE,BARRYELIZABETH,ELIZABETHBARRY,128FIELDSTONEDR,,NL,NOTHISPANICorNOTLATINO,UNA,UNAFFILIATED,34.0,,Age2640,AA140751
ALAMANCE,A,ACTIVE,BARRYJESSICALEE,JESSICALEEBARRY,2219BURCHBRIDGERD,,UN,UNDESIGNATED,REP,REPUBLICAN,22.0,10062008.0,,AA158903
ALAMANCE,A,ACTIVE,BARRYJOHNJOSEPHIII,JOHNJOSEPHBARRYIII,,,NL,NOTHISPANICorNOTLATINO,UNA,UNAFFILIATED,57.0,3262003.0,Age4165,AA129893
ALAMANCE,A,ACTIVE,BARRYJOHNFENTON,JOHNFENTONBARRY,128FIELDSTONEDR,,NL,NOTHISPANICorNOTLATINO,UNA,UNAFFILIATED,82.0,10021987.0,AgeOver66,AA62474
ALAMANCE,A,ACTIVE,BARRYKATHARINEANN,KATHARINEANNBARRY,128FIELDSTONEDR,,NL,NOTHISPANICorNOTLATINO,UNA,UNAFFILIATED,71.0,10021987.0,AgeOver66,AA62475
ALAMANCE,R,REMOVED,BARRYPATRICKADAM,PATRICKADAMBARRY,128FIELDSTONEDR,,NL,NOTHISPANICorNOTLATINO,UNA,UNAFFILIATED,30.0,8012000.0,Age2640,AA118790
ALAMANCE,A,ACTIVE,BARRYTERESALEE,TERESALEEBARRY,,,NL,NOTHISPANICorNOTLATINO,,,54.0,3011989.0,Age4165,AA68982
ALAMANCE,A,ACTIVE,BARSKEYGARYALLEN,GARYALLENBARSKEY,3022FORESTDALEDR,,UN,UNDESIGNATED,UNA,UNAFFILIATED,61.0,10072008.0,Age4165,AA159060
ALAMANCE,A,ACTIVE,BARSKEYMARANDAVICTORIA,,3022FORESTDALEDR,,NL,NOTHISPANICorNOTLATINO,UNA,UNAFFILIATED,27.0,12272002.0,Age2640,AA128504
ALAMANCE,A,ACTIVE,BARSOIANJOHNMICHAEL,JOHNMICHAELBARSOIAN,807EHAGGARDAVE,,NL,NOTHISPANICorNOTLATINO,,,20.0,4132012.0,,AA171443
ALAMANCE,I,INACTIVE,BARTAAMYMICHELLE,AMYMICHELLEBARTA,1406DEERFIELDTRCE,,NL,NOTHISPANICorNOTLATINO,UNA,UNAFFILIATED,29.0,8022002.0,Age2640,AA127203
ALAMANCE,I,INACTIVE,BARTELDANIELJ,DANIELJBARTEL,516RUDDST,,NL,NOTHISPANICorNOTLATINO,UNA,UNAFFILIATED,59.0,,Age4165,AA96210
ALAMANCE,A,ACTIVE,BARTELISAIAHDANIEL,ISAIAHDANIELBARTEL,516RUDDST,,NL,NOTHISPANICorNOTLATINO,UNA,UNAFFILIATED,24.0,9152006.0,,AA147470
ALAMANCE,A,ACTIVE,BARTELJONATHANPETER,JONATHANPETERBARTEL,516RUDDST,,NL,NOTHISPANICorNOTLATINO,UNA,UNAFFILIATED,21.0,9302010.0,,AA166986
ALAMANCE,A,ACTIVE,BARTELTERIANN,TERIANNBARTEL,516RUDDST,,NL,NOTHISPANICorNOTLATINO,REP,REPUBLICAN,54.0,11201995.0,Age4165,AA96211
ALAMANCE,S,TEMPORARY,BARTHELSCARATHOMPSON,CARATHOMPSONBARTHELS,2225DELANEYDR,UNDESIGNATED,UN,UNDESIGNATED,UNA,UNAFFILIATED,33.0,10312004.0,Age2640,AA141417
ALAMANCE,A,ACTIVE,BARTHOLDFRANKEDWIN,FRANKEDWINBARTHOLD,514COLLINGTONDR,,UN,UNDESIGNATED,,DEMOCRATIC,55.0,1232008.0,Age4165,BL335124
ALAMANCE,A,ACTIVE,BARTHOLDLOUISEFEENEY,,514COLLINGTONDR,,UN,UNDESIGNATED,UNA,UNAFFILIATED,54.0,7192007.0,Age4165,AA150189
ALAMANCE,R,REMOVED,BARTHOLDMISTYROSE,MISTYROSEBARTHOLD,2008SMEBANESTG,,NL,NOTHISPANICorNOTLATINO,UNA,UNAFFILIATED,37.0,4252003.0,Age2640,AA130093
ALAMANCE,D,DENIED,BARTHOLOMEWANDREWDERRICK,ANDREWDERRICKBARTHOLOMEW,4987PACELANDINGTRL,,NL,NOTHISPANICorNOTLATINO,REP,REPUBLICAN,44.0,12112003.0,Age4165,AA132353
ALAMANCE,A,ACTIVE,BARTISANGELOAUGUSTUS,ANGELOAUGUSTUSBARTIS,1004MILLSTONELN,,NL,NOTHISPANICorNOTLATINO,REP,REPUBLICAN,52.0,1131987.0,Age4165,AA62867
ALAMANCE,A,ACTIVE,BARTISAUGUSTABREANN,AUGUSTABREANNBARTIS,1004MILLSTONELN,,NL,NOTHISPANICorNOTLATINO,UNA,UNAFFILIATED,25.0,8092005.0,,AA144174
ALAMANCE,A,ACTIVE,BARTISJEANHOOK,JEANHOOKBARTIS,1004MILLSTONELN,,NL,NOTHISPANICorNOTLATINO,,,52.0,3291978.0,Age4165,
ALAMANCE,R,REMOVED,BARTISNICKOLOSAUGUSTUS,NICKOLOSAUGUSTUSBARTIS,2607JONESDR,,NL,NOTHISPANICorNOTLATINO,REP,REPUBLICAN,83.0,9081994.0,AgeOver66,AA91094
ALAMANCE,A,ACTIVE,BARTISNICOLETTEELLE,NICOLETTEELLEBARTIS,1004MILLSTONELN,,NL,NOTHISPANICorNOTLATINO,UNA,UNAFFILIATED,22.0,4102008.0,,AA153755
ALAMANCE,A,ACTIVE,BARTISRENEEBARHAM,RENEEBARHAMBARTIS,4767BLANCHARDRD,,NL,NOTHISPANICorNOTLATINO,REP,REPUBLICAN,52.0,10272008.0,Age4165,AA161833
ALAMANCE,A,ACTIVE,BARTLESCHARLESCRAIG,CHARLESCRAIGBARTLES,3326DORALCT,,NL,NOTHISPANICorNOTLATINO,REP,REPUBLICAN,51.0,9201988.0,Age4165,AA66124
ALAMANCE,A,ACTIVE,BARTLESCHELSEYELIZABETH,CHELSEYELIZABETHBARTLES,3326DORALCT,,UN,UNDESIGNATED,REP,REPUBLICAN,21.0,8272012.0,,AA174439
ALAMANCE,A,ACTIVE,BARTLESKARENSMITH,KARENSMITHBARTLES,3326DORALCT,,NL,NOTHISPANICorNOTLATINO,,,,4231990.0,Age4165,AA71522
ALAMANCE,R,REMOVED,BARTLETTAPRILPERRY,APRILPERRYBARTLETT,4112SNCHWY62,,NL,NOTHISPANICorNOTLATINO,REP,REPUBLICAN,51.0,11031998.0,Age4165,AA112335
ALAMANCE,R,REMOVED,BARTLETTBETTYLABBITT,BETTYLABBITTBARTLETT,3833WADECOBLEDR,,UN,UNDESIGNATED,REP,REPUBLICAN,91.0,2062002.0,AgeOver66,AA125551
ALAMANCE,A,ACTIVE,BARTLETTCAROLWILSON,CAROLWILSONBARTLETT,1806HIGHVIEWST,,NL,NOTHISPANICorNOTLATINO,,,80.0,1011900.0,AgeOver66,
ALAMANCE,A,ACTIVE,BARTLETTCHRISTOPHERLEE,CHRISTOPHERLEEBARTLETT,7005WINDSORWAY,,NL,NOTHISPANICorNOTLATINO,,,35.0,6232010.0,Age2640,AA165827
ALAMANCE,A,ACTIVE,BARTLETTCHRISTOPHERCHARLES,CHRISTOPHERCHARLESBARTLETT,2133WOODLANDAVE,,NL,NOTHISPANICorNOTLATINO,UNA,UNAFFILIATED,,2232011.0,Age4165,AA168108
ALAMANCE,I,INACTIVE,BARTLETTCLEOPHAS,CLEOPHASBARTLETT,3844HERITAGEDR207,,UN,UNDESIGNATED,REP,REPUBLICAN,90.0,11022004.0,AgeOver66,AA141489
ALAMANCE,I,INACTIVE,BARTLETTCOURTNEYNICOLE,COURTNEYNICOLEBARTLETT,2848FAUCETTELN,,UN,UNDESIGNATED,UNA,UNAFFILIATED,22.0,10052009.0,,AA164829
ALAMANCE,A,ACTIVE,BARTLETTDAVIDWAYNE,DAVIDWAYNEBARTLETT,858ROSSST,INDIANAMERICANorALASKANATIVE,UN,UNDESIGNATED,UNA,UNAFFILIATED,36.0,11042008.0,Age2640,AA162851
ALAMANCE,D,DENIED,BARTLETTDAVIDWAYNE,DAVIDWAYNEBARTLETT,4135PREACHERHOLMESRD,,NL,NOTHISPANICorNOTLATINO,REP,REPUBLICAN,36.0,7241996.0,Age2640,AA100661
ALAMANCE,R,REMOVED,BARTLETTDEBRATEAGUE,DEBRATEAGUEBARTLETT,2124HAWRIVERHOPEDALERD,,UN,UNDESIGNATED,,,55.0,10031989.0,Age4165,AA69948
ALAMANCE,R,REMOVED,BARTLETTDONNALINSCOTT,DONNALINSCOTTBARTLETT,1721ELDERWAY,,NL,NOTHISPANICorNOTLATINO,,,84.0,9231992.0,AgeOver66,AA83024
ALAMANCE,R,REMOVED,BARTLETTDOUGLASWAYNE,DOUGLASWAYNEBARTLETT,2124HAWRIVERHOPEDALERD,,NL,NOTHISPANICorNOTLATINO,,,54.0,5071990.0,Age4165,AA71643
ALAMANCE,R,REMOVED,BARTLETTGEORGEEDGAR,GEORGEEDGARBARTLETT,3810HERITAGEDR,,UN,UNDESIGNATED,REP,REPUBLICAN,91.0,12032001.0,AgeOver66,AA125025
ALAMANCE,A,ACTIVE,BARTLETTJUANELLERICHMOND,JUANELLERICHMONDBARTLETT,3128MTWILLENRD3,BLACKorAFRICANAMERICAN,NL,NOTHISPANICorNOTLATINO,,,58.0,4051972.0,Age4165,
ALAMANCE,A,ACTIVE,BARTLETTKARENSIMS,KARENSIMSBARTLETT,4015COMRIELN,,NL,NOTHISPANICorNOTLATINO,REP,REPUBLICAN,62.0,10312012.0,Age4165,EH439325
ALAMANCE,R,REMOVED,BARTLETTKATEHOWELL,KATEHOWELLBARTLETT,3844HERITAGEDR207,,NL,NOTHISPANICorNOTLATINO,,,90.0,11022004.0,AgeOver66,AA141490
ALAMANCE,A,ACTIVE,BARTLETTLONZAANTONIO,,3128MTWILLENRD3,BLACKorAFRICANAMERICAN,NL,NOTHISPANICorNOTLATINO,,,52.0,3082000.0,Age4165,AA117397
ALAMANCE,A,ACTIVE,BARTLETTMARGARETSPAETH,,7005WINDSORWAY,,NL,NOTHISPANICorNOTLATINO,UNA,UNAFFILIATED,32.0,7072000.0,Age2640,AA119152
ALAMANCE,A,ACTIVE,BARTLETTNANCYYOUNG,NANCYYOUNGBARTLETT,3924MUHLENBERGCT,,NL,NOTHISPANICorNOTLATINO,REP,REPUBLICAN,82.0,1291996.0,AgeOver66,AA97567
ALAMANCE,I,INACTIVE,BARTLETTSHERRYANN,SHERRYANNBARTLETT,1272QUAKERLAKETRL,,NL,NOTHISPANICorNOTLATINO,REP,REPUBLICAN,58.0,1112006.0,Age4165,AA145600
ALAMANCE,A,ACTIVE,BARTLETTTRACYJEAN,TRACYJEANBARTLETT,2133WOODLANDAVE,,NL,NOTHISPANICorNOTLATINO,,,41.0,2232011.0,Age4165,AA168110
ALAMANCE,A,ACTIVE,BARTLEYDUDLEY(NMN),DUDLEY(NMN)BARTLEY,318HALEST,,NL,NOTHISPANICorNOTLATINO,UNA,UNAFFILIATED,75.0,5081991.0,AgeOver66,AA77283
ALAMANCE,A,ACTIVE,BARTLEYKATHERINEMAY,KATHERINEMAYBARTLEY,318HALEST,,NL,NOTHISPANICorNOTLATINO,REP,REPUBLICAN,60.0,7241991.0,Age4165,AA77762
ALAMANCE,A,ACTIVE,BARTLEYKENTNELSON,KENTNELSONBARTLEY,2373WILLOWVIEWDR,,NL,NOTHISPANICorNOTLATINO,UNA,UNAFFILIATED,53.0,6232000.0,Age4165,AA118555
ALAMANCE,A,ACTIVE,BARTLEYRHONDAMARTIN,RHONDAMARTINBARTLEY,2373WILLOWVIEWDR,,NL,NOTHISPANICorNOTLATINO,,,,9222000.0,Age4165,AA119802
ALAMANCE,A,ACTIVE,BARTMESSFLORENCEMURRAY,FLORENCEMURRAYBARTMESS,700APPLEST,,NL,NOTHISPANICorNOTLATINO,REP,REPUBLICAN,63.0,1081972.0,Age4165,
ALAMANCE,I,INACTIVE,BARTOLAINSEANADAM,SEANADAMBARTOLAIN,706HUFFMANMILLRDK10,,NL,NOTHISPANICorNOTLATINO,UNA,UNAFFILIATED,36.0,6212001.0,Age2640,AA123713
ALAMANCE,A,ACTIVE,BARTOLOMEOAMANDAMANSFIELD,AMANDAMANSFIELDBARTOLOMEO,2913CREEKPOINTPL,,NL,NOTHISPANICorNOTLATINO,REP,REPUBLICAN,31.0,6262006.0,Age2640,AA146898
ALAMANCE,A,ACTIVE,BARTOLOMEOANNE(NMN),ANNE(NMN)BARTOLOMEO,2907CREEKPOINTPL,,NL,NOTHISPANICorNOTLATINO,REP,REPUBLICAN,62.0,,Age4165,AA88444
ALAMANCE,A,ACTIVE,BARTOLOMEOCHARLESFRANCIS,CHARLESFRANCISBARTOLOMEO,2907CREEKPOINTPL,,NL,NOTHISPANICorNOTLATINO,REP,REPUBLICAN,61.0,,Age4165,AA91637
ALAMANCE,A,ACTIVE,BARTOLOMEOLAURAANNE,LAURAANNEBARTOLOMEO,2907CREEKPOINTPL,,NL,NOTHISPANICorNOTLATINO,REP,REPUBLICAN,35.0,2201996.0,Age2640,AA97581
ALAMANCE,A,ACTIVE,BARTOLOMEOMICHAELCHARLES,,2913CREEKPOINTPL,,NL,NOTHISPANICorNOTLATINO,REP,REPUBLICAN,30.0,8012000.0,Age2640,AA118791
ALAMANCE,I,INACTIVE,BARTONAMBERMARIE,AMBERMARIEBARTON,314CHRISTOPHERDR,,NL,NOTHISPANICorNOTLATINO,UNA,UNAFFILIATED,28.0,7202011.0,Age2640,AA168925
ALAMANCE,A,ACTIVE,BARTONARNOLDHEATH,ARNOLDHEATHBARTON,223HATCHST,BLACKorAFRICANAMERICAN,NL,NOTHISPANICorNOTLATINO,,,,9231996.0,Age4165,AA102081
ALAMANCE,A,ACTIVE,BARTONBRUCENATHAN,BRUCENATHANBARTON,518NGURNEYST,,NL,NOTHISPANICorNOTLATINO,UNA,UNAFFILIATED,55.0,9291980.0,Age4165,
ALAMANCE,A,ACTIVE,BARTONCATHYMCCONNELL,CATHYMCCONNELLBARTON,1527SANDYCROSSRD,UNDESIGNATED,UN,UNDESIGNATED,UNA,UNAFFILIATED,52.0,11022010.0,Age4165,BN90954
ALAMANCE,A,ACTIVE,BARTONCLARETTAPOTEAT,CLARETTAPOTEATBARTON,223HATCHST,OTHER,NL,NOTHISPANICorNOTLATINO,,,,9171996.0,Age4165,AA102082
ALAMANCE,A,ACTIVE,BARTONCORINNELATTA,CORINNELATTABARTON,606GEORGIAAVE,,NL,NOTHISPANICorNOTLATINO,,,87.0,9131958.0,AgeOver66,
ALAMANCE,A,ACTIVE,BARTONDORISJEAN,DORISJEANBARTON,516EMOOREST,,NL,NOTHISPANICorNOTLATINO,REP,REPUBLICAN,,10261994.0,Age4165,AA92097
ALAMANCE,A,ACTIVE,BARTONJEFFREYWILLIAM,JEFFREYWILLIAMBARTON,606GEORGIAAVE,,NL,NOTHISPANICorNOTLATINO,,,,10081984.0,Age4165,AA57769
ALAMANCE,A,ACTIVE,BARTONJESSEVANOY,JESSEVANOYBARTON,217ELKCT,,NL,NOTHISPANICorNOTLATINO,UNA,UNAFFILIATED,76.0,6221998.0,AgeOver66,AA110560
ALAMANCE,A,ACTIVE,BARTONKRISTINALEA,KRISTINALEABARTON,,,UN,UNDESIGNATED,UNA,UNAFFILIATED,24.0,10012008.0,,AA158465
ALAMANCE,A,ACTIVE,BARTONLINDACUNNINGHAM,LINDACUNNINGHAMBARTON,217ELKCT,,NL,NOTHISPANICorNOTLATINO,REP,REPUBLICAN,71.0,12151994.0,AgeOver66,AA92378
ALAMANCE,A,ACTIVE,BARTONMARYHERRING,,518NGURNEYST,,NL,NOTHISPANICorNOTLATINO,,,54.0,9291980.0,Age4165,
ALAMANCE,A,ACTIVE,BARTONMEGANELIZABETH,,516EMOOREST,,UN,UNDESIGNATED,REP,REPUBLICAN,23.0,5052012.0,,AA161966
ALAMANCE,A,ACTIVE,BARTONPAMELAJEAN,PAMELAJEANBARTON,649TROLLINGWOODHAWFIELDSRD22,,UN,UNDESIGNATED,REP,REPUBLICAN,61.0,2252004.0,Age4165,AA133078
ALAMANCE,A,ACTIVE,BARTONTHOMASYANCEY,THOMASYANCEYBARTON,516EMOOREST,,NL,NOTHISPANICorNOTLATINO,REP,REPUBLICAN,,10261994.0,Age4165,AA92096
ALAMANCE,A,ACTIVE,BARTONWALTERLEEIII,WALTERLEEBARTONIII,8064SNCHWY491,BLACKorAFRICANAMERICAN,UN,UNDESIGNATED,,,22.0,4112008.0,,AA154341
ALAMANCE,A,ACTIVE,BARTONWILLIETHOMAS,WILLIETHOMASBARTON,1527SANDYCROSSRD,BLACKorAFRICANAMERICAN,NL,NOTHISPANICorNOTLATINO,,,77.0,10031980.0,AgeOver66,
ALAMANCE,A,ACTIVE,BARTSBOBBYGENE,BOBBYGENEBARTS,411NFIRSTST,,NL,NOTHISPANICorNOTLATINO,UNA,UNAFFILIATED,72.0,10081973.0,AgeOver66,
ALAMANCE,A,ACTIVE,BARTSBRANDYMICHELLE,BRANDYMICHELLEBARTS,2207BURCHBRIDGERD32,,NL,NOTHISPANICorNOTLATINO,,,23.0,12032007.0,,AA151393
ALAMANCE,A,ACTIVE,BARTSDANIELLERENEE,DANIELLERENEEBARTS,205WILBARD,,UN,UNDESIGNATED,UNA,UNAFFILIATED,21.0,12012009.0,,AA165103
ALAMANCE,A,ACTIVE,BARTSHELENJ,HELENJBARTS,309CLAPPST,,NL,NOTHISPANICorNOTLATINO,UNA,UNAFFILIATED,76.0,4092011.0,AgeOver66,BE73261
ALAMANCE,A,ACTIVE,BARTSJANETFRESHWATER,JANETFRESHWATERBARTS,411NFIRSTST,,NL,NOTHISPANICorNOTLATINO,,,70.0,10261968.0,AgeOver66,
ALAMANCE,A,ACTIVE,BARTSJEANPOWELL,JEANPOWELLBARTS,2846HICKORYHILLRD,,NL,NOTHISPANICorNOTLATINO,,,66.0,5142002.0,AgeOver66,AA149728
ALAMANCE,R,REMOVED,BARTSMARTHAHAITHCOCK,,2502SNCHWY119,,NL,NOTHISPANICorNOTLATINO,,,85.0,5171958.0,AgeOver66,
ALAMANCE,A,ACTIVE,BARTSMARVINLJR,,2410LACYST,,NL,NOTHISPANICorNOTLATINO,,,74.0,1011900.0,AgeOver66,
ALAMANCE,A,ACTIVE,BARTSMARYMCMILLAN,,2410LACYST,,NL,NOTHISPANICorNOTLATINO,REP,REPUBLICAN,72.0,1011900.0,AgeOver66,
ALAMANCE,R,REMOVED,BARTSMICHAELEUGENE,,,,NL,NOTHISPANICorNOTLATINO,UNA,UNAFFILIATED,55.0,7161992.0,Age4165,AA82266
ALAMANCE,A,ACTIVE,BARTSPENNYSIMMONS,PENNYSIMMONSBARTS,2228TROENDLYST,,UN,UNDESIGNATED,UNA,UNAFFILIATED,,9202004.0,Age4165,AA137944
ALAMANCE,A,ACTIVE,BARTSROBERTAGOOCH,ROBERTAGOOCHBARTS,,,NL,NOTHISPANICorNOTLATINO,,,,7161992.0,Age4165,AA82267
ALAMANCE,A,ACTIVE,BARTSTRACYEDWARDS,TRACYEDWARDSBARTS,3348ALTAMAHAWRACETRACKRD,,NL,NOTHISPANICorNOTLATINO,,,42.0,8292003.0,Age4165,AA131186
ALAMANCE,A,ACTIVE,BARTSWILLIAMOREALJR,WILLIAMOREALBARTSJR,2228TROENDLYST,,NL,NOTHISPANICorNOTLATINO,UNA,UNAFFILIATED,51.0,8301992.0,Age4165,AA82724
ALAMANCE,A,ACTIVE,BARTSHERODNEYLANE,RODNEYLANEBARTSHE,7680COUNTYLINERD,,NL,NOTHISPANICorNOTLATINO,REP,REPUBLICAN,53.0,12302011.0,Age4165,DN77757
ALAMANCE,R,REMOVED,BARTZROGERMASTEN,ROGERMASTENBARTZ,647HUNTINGDONST,,NL,NOTHISPANICorNOTLATINO,REP,REPUBLICAN,89.0,7072004.0,AgeOver66,AA136133
ALAMANCE,A,ACTIVE,BARVIRMAESAUNDERS,,,,NL,NOTHISPANICorNOTLATINO,,,90.0,,AgeOver66,
ALAMANCE,A,ACTIVE,BARZDINSPAMELABLAIR,PAMELABLAIRBARZDINS,2019STANCHIONST,,NL,NOTHISPANICorNOTLATINO,,,35.0,1112012.0,Age2640,DK33805
ALAMANCE,A,ACTIVE,BASACHARLESROBERT,CHARLESROBERTBASA,1255WESTVIEWTER,,NL,NOTHISPANICorNOTLATINO,,,82.0,6231986.0,AgeOver66,AA60130
ALAMANCE,A,ACTIVE,BASAVIRGINIABILLINGS,VIRGINIABILLINGSBASA,1255WESTVIEWTER,,NL,NOTHISPANICorNOTLATINO,,,76.0,8291986.0,AgeOver66,AA60351
ALAMANCE,A,ACTIVE,BASABEANASTACIOBASABEJR,ANASTACIOBASABEBASABEJR,1927MORNINGSIDEDRC,OTHER,HL,HISPANICorLATINO,,,23.0,5192008.0,,AA154931
ALAMANCE,A,ACTIVE,BASCOFELIX,FELIXBASCO,1821SCOSBYCT,ASIAN,UN,UNDESIGNATED,,,22.0,10022008.0,,AA158904
ALAMANCE,A,ACTIVE,BASCOFELIXCANTO,FELIXCANTOBASCO,1821SCOSBYCT,ASIAN,NL,NOTHISPANICorNOTLATINO,,,,11012008.0,Age4165,AA162382
ALAMANCE,A,ACTIVE,BASCONEILCANTO,NEILCANTOBASCO,1821SCOSBYCT,ASIAN,NL,NOTHISPANICorNOTLATINO,,,39.0,11062008.0,Age2640,AA162486
ALAMANCE,A,ACTIVE,BASCOVENONCANTO,VENONCANTOBASCO,223CARRIAGELOOP,ASIAN,NL,NOTHISPANICorNOTLATINO,,,35.0,4152011.0,Age2640,AA168383
ALAMANCE,A,ACTIVE,BASDENAPRILLASSITER,APRILLASSITERBASDEN,2547MOUNTAINVIEWRD,,UN,UNDESIGNATED,REP,REPUBLICAN,30.0,,Age2640,AA121419
ALAMANCE,R,REMOVED,BASDENJOHNNIEJ,JOHNNIEJBASDEN,806TRAILONE,,NL,NOTHISPANICorNOTLATINO,UNA,UNAFFILIATED,91.0,,AgeOver66,
ALAMANCE,A,ACTIVE,BASDENJOHNNYWILLIAM,JOHNNYWILLIAMBASDEN,2547MOUNTAINVIEWRD11,,NL,NOTHISPANICorNOTLATINO,UNA,UNAFFILIATED,28.0,3262002.0,Age2640,AA125992
ALAMANCE,A,ACTIVE,BASDENMABELMARCINE,,2164SGURNEYST,,NL,NOTHISPANICorNOTLATINO,REP,REPUBLICAN,67.0,9201987.0,AgeOver66,AA62090
ALAMANCE,A,ACTIVE,BASDENSUSANKEY,SUSANKEYBASDEN,2547MOUNTAINVIEWRD,,NL,NOTHISPANICorNOTLATINO,REP,REPUBLICAN,54.0,5261980.0,Age4165,
ALAMANCE,A,ACTIVE,BASDENTOMMYJOE,TOMMYJOEBASDEN,2547MOUNTAINVIEWRD,,NL,NOTHISPANICorNOTLATINO,REP,REPUBLICAN,59.0,5261980.0,Age4165,
ALAMANCE,A,ACTIVE,BASDENTOMMYJOJR,TOMMYJOBASDENJR,2547MOUNTAINVIEWRD,,NL,NOTHISPANICorNOTLATINO,REP,REPUBLICAN,32.0,12081998.0,Age2640,AA112337
ALAMANCE,A,ACTIVE,BASDENVICKIEPRIDDY,VICKIEPRIDDYBASDEN,1804SMEBANEST,,NL,NOTHISPANICorNOTLATINO,REP,REPUBLICAN,60.0,4011990.0,Age4165,AA71103
ALAMANCE,A,ACTIVE,BASDENWILLIAMCABOTII,WILLIAMCABOTBASDENII,1804SMEBANEST,,NL,NOTHISPANICorNOTLATINO,REP,REPUBLICAN,21.0,6012011.0,,AA168641
ALAMANCE,I,INACTIVE,BASHAADAMA,ADAMABASHA,2804ELDERMONTSTB,,NL,NOTHISPANICorNOTLATINO,,,40.0,10312008.0,Age2640,BL339937
ALAMANCE,A,ACTIVE,BASHARENIAMAY,RENIAMAYBASHA,213MANNINGWAY,,NL,NOTHISPANICorNOTLATINO,,,36.0,10312008.0,Age2640,AA162263
ALAMANCE,A,ACTIVE,BASHAMAMANDAJAMES,AMANDAJAMESBASHAM,2839ALTAMAHAWUNIONRIDGERDA,,NL,NOTHISPANICorNOTLATINO,REP,REPUBLICAN,33.0,5182004.0,Age2640,AA134412
ALAMANCE,A,ACTIVE,BASHAMCHRISTOPHERKEITH,CHRISTOPHERKEITHBASHAM,2839ALTAMAHAWUNIONRIDGERD,,NL,NOTHISPANICorNOTLATINO,REP,REPUBLICAN,39.0,10301997.0,Age2640,AA108035
ALAMANCE,A,ACTIVE,BASHAMDONNABAKER,DONNABAKERBASHAM,2746ALTAMAHAWUNIONRIDGERD,,NL,NOTHISPANICorNOTLATINO,REP,REPUBLICAN,54.0,10022000.0,Age4165,AA120511
ALAMANCE,A,ACTIVE,BASHAMERNESTPAUL,ERNESTPAULBASHAM,2864ALTAMAHAWUNIONRIDGERD,,NL,NOTHISPANICorNOTLATINO,REP,REPUBLICAN,41.0,11302000.0,Age4165,AA122015
ALAMANCE,A,ACTIVE,BASHAMJAMESOTMERJR,JAMESOTMERBASHAMJR,2706PEPPERSTONEDR,,NL,NOTHISPANICorNOTLATINO,UNA,UNAFFILIATED,59.0,7282006.0,Age4165,EH353885
ALAMANCE,A,ACTIVE,BASHAMJAMESHENRY,JAMESHENRYBASHAM,2839ALTAMAHAWUNIONRIDGERD,,NL,NOTHISPANICorNOTLATINO,REP,REPUBLICAN,68.0,4202009.0,AgeOver66,AA163731
ALAMANCE,A,ACTIVE,BASHAMJAMESDARRELL,JAMESDARRELLBASHAM,2746ALTAMAHAWUNIONRIDGERD,,NL,NOTHISPANICorNOTLATINO,REP,REPUBLICAN,,8111998.0,Age4165,AA111099
ALAMANCE,A,ACTIVE,BASHAMJAMESDARRELLJR,JAMESDARRELLBASHAMJR,2746ALTAMAHAWUNIONRIDGERD,,NL,NOTHISPANICorNOTLATINO,REP,REPUBLICAN,18.0,,,AA176374
ALAMANCE,R,REMOVED,BASHAMJAMESOTMER,JAMESOTMERBASHAM,2510COVINGTONLOOP,,NL,NOTHISPANICorNOTLATINO,UNA,UNAFFILIATED,101.0,3282008.0,AgeOver66,AA153122
ALAMANCE,A,ACTIVE,BASHAMJUDITHGOLDEN,JUDITHGOLDENBASHAM,2860AALTAMAHAWUNIONRIDGERD,,NL,NOTHISPANICorNOTLATINO,REP,REPUBLICAN,61.0,9301996.0,Age4165,AA102613
ALAMANCE,A,ACTIVE,BASHAMKEVINPATRICK,KEVINPATRICKBASHAM,2133PHIBBSRD,,UN,UNDESIGNATED,REP,REPUBLICAN,33.0,10312012.0,Age2640,AT20893
ALAMANCE,A,ACTIVE,BASHAMLOLAANN,,2706PEPPERSTONEDR,,NL,NOTHISPANICorNOTLATINO,REP,REPUBLICAN,91.0,6062008.0,AgeOver66,AA155734
ALAMANCE,A,ACTIVE,BASHAMMLAUREN,MLAURENBASHAM,2706PEPPERSTONEDR,,NL,NOTHISPANICorNOTLATINO,UNA,UNAFFILIATED,56.0,7112006.0,Age4165,EH353884
ALAMANCE,A,ACTIVE,BASHAMRUBYHANKS,RUBYHANKSBASHAM,2839ALTAMAHAWUNIONRIDGERD,,UN,UNDESIGNATED,REP,REPUBLICAN,65.0,10012012.0,Age4165,AA175842
ALAMANCE,A,ACTIVE,BASHAMSAMUELDWAYNE,SAMUELDWAYNEBASHAM,748BOONERD,,UN,UNDESIGNATED,REP,REPUBLICAN,40.0,11022010.0,Age2640,AT24084
ALAMANCE,R,REMOVED,BASHAMSAMUELDWAYNE,SAMUELDWAYNEBASHAM,2844ALTAMAHAWUNIONRIDGERD,,NL,NOTHISPANICorNOTLATINO,UNA,UNAFFILIATED,40.0,5151996.0,Age2640,AA99260
ALAMANCE,A,ACTIVE,BASHAMSAMUELOTIS,SAMUELOTISBASHAM,2860AALTAMAHAWUNIONRIDGERD,,NL,NOTHISPANICorNOTLATINO,REP,REPUBLICAN,67.0,9301996.0,AgeOver66,AA102614
ALAMANCE,A,ACTIVE,BASHAMVIRGINIAWORKMAN,VIRGINIAWORKMANBASHAM,5548PAGETOWNRD,,NL,NOTHISPANICorNOTLATINO,UNA,UNAFFILIATED,51.0,4041980.0,Age4165,
ALAMANCE,A,ACTIVE,BASHANJUDYCOOK,JUDYCOOKBASHAN,2746ALTAMAHAWUNIONRIDGERD,,NL,NOTHISPANICorNOTLATINO,REP,REPUBLICAN,39.0,6141994.0,Age2640,AA90429
ALAMANCE,A,ACTIVE,BASHIRHAFIZKAMRAN,HAFIZKAMRANBASHIR,24SHERRYDR,ASIAN,UN,UNDESIGNATED,,,32.0,9102012.0,Age2640,AA174628
ALAMANCE,A,ACTIVE,BASHORCURTISTODD,CURTISTODDBASHOR,604SFOURTHST,,NL,NOTHISPANICorNOTLATINO,UNA,UNAFFILIATED,,7072005.0,Age4165,AA143977
ALAMANCE,A,ACTIVE,BASILANTHONYFLOYD,ANTHONYFLOYDBASIL,620CARRAWAYDR,,NL,NOTHISPANICorNOTLATINO,UNA,UNAFFILIATED,,7252012.0,Age4165,AA173736
ALAMANCE,A,ACTIVE,BASILLEIGHANN,LEIGHANNBASIL,620CARRAWAYDR,,UN,UNDESIGNATED,REP,REPUBLICAN,38.0,8032008.0,Age2640,AA156178
ALAMANCE,A,ACTIVE,BASILIEREJULIAGILES,JULIAGILESBASILIERE,700EHAGGARDAVE201,UNDESIGNATED,UN,UNDESIGNATED,UNA,UNAFFILIATED,19.0,10012012.0,,AA175913
ALAMANCE,A,ACTIVE,BASIRICODANIELLELOUISE,DANIELLELOUISEBASIRICO,700EHAGGARDAVE,,NL,NOTHISPANICorNOTLATINO,UNA,UNAFFILIATED,19.0,5012012.0,,AA171581
ALAMANCE,A,ACTIVE,BASIRICOLAURENCEALBERT,LAURENCEALBERTBASIRICO,2106COYST,,NL,NOTHISPANICorNOTLATINO,,,62.0,2011984.0,Age4165,
ALAMANCE,A,ACTIVE,BASIRICOSTEPHANIESTARLING,STEPHANIESTARLINGBASIRICO,2106COYST,,NL,NOTHISPANICorNOTLATINO,,,,9121986.0,Age4165,AA60519
ALAMANCE,A,ACTIVE,BASITABDUL,ABDULBASIT,3315REDWOLFWAY,OTHER,NL,NOTHISPANICorNOTLATINO,REP,REPUBLICAN,74.0,4072008.0,AgeOver66,AA153305
ALAMANCE,D,DENIED,BASKERVILLEDELBA,DELBABASKERVILLE,923MORNINGSIDEDRG,INDIANAMERICANorALASKANATIVE,UN,UNDESIGNATED,,,32.0,8252008.0,Age2640,AA164099
ALAMANCE,A,ACTIVE,BASKETTEDAVIDSCOTT,DAVIDSCOTTBASKETTE,742CLARKRD,,NL,NOTHISPANICorNOTLATINO,REP,REPUBLICAN,42.0,,Age4165,AA120917
ALAMANCE,A,ACTIVE,BASKETTEJERRYWAYNE,JERRYWAYNEBASKETTE,714NGURNEYST,,NL,NOTHISPANICorNOTLATINO,REP,REPUBLICAN,72.0,9111980.0,AgeOver66,
ALAMANCE,A,ACTIVE,BASKETTEJUDYJAYNES,JUDYJAYNESBASKETTE,714NGURNEYST,,NL,NOTHISPANICorNOTLATINO,REP,REPUBLICAN,71.0,9231980.0,AgeOver66,
ALAMANCE,A,ACTIVE,BASKINDAVIDSAM,DAVIDSAMBASKIN,504FOUNTAINPL,,NL,NOTHISPANICorNOTLATINO,UNA,UNAFFILIATED,73.0,5241995.0,AgeOver66,AA94103
ALAMANCE,A,ACTIVE,BASKINJONATHANALBERT,JONATHANALBERTBASKIN,504FOUNTAINPL,,NL,NOTHISPANICorNOTLATINO,UNA,UNAFFILIATED,30.0,2092000.0,Age2640,AA116817
ALAMANCE,A,ACTIVE,BASKINMARIA,,504FOUNTAINPL,,NL,NOTHISPANICorNOTLATINO,,,64.0,9161996.0,Age4165,AA101923
ALAMANCE,A,ACTIVE,BASLERHELENLOUISE,HELENLOUISEBASLER,,,NL,NOTHISPANICorNOTLATINO,,,85.0,6232010.0,AgeOver66,AA165828
ALAMANCE,A,ACTIVE,BASLERKATHLEENCANAVAN,KATHLEENCANAVANBASLER,203WCOLLEGEAVE,,UN,UNDESIGNATED,,,21.0,,,AA177352
ALAMANCE,A,ACTIVE,BASNIGHTHAZELINEDAYE,HAZELINEDAYEBASNIGHT,712EELMST,BLACKorAFRICANAMERICAN,NL,NOTHISPANICorNOTLATINO,,,85.0,1011900.0,AgeOver66,
ALAMANCE,D,DENIED,BASNIGHTJAMELLAMAR,JAMELLAMARBASNIGHT,660MANNINGAVE,BLACKorAFRICANAMERICAN,UN,UNDESIGNATED,,,24.0,6122012.0,,AA172811
ALAMANCE,A,ACTIVE,BASONBARTDAVID,BARTDAVIDBASON,,,NL,NOTHISPANICorNOTLATINO,REP,REPUBLICAN,35.0,4121996.0,Age2640,AA99108
ALAMANCE,A,ACTIVE,BASONBOBBYDWIGHT,BOBBYDWIGHTBASON,623WDAVISST,,NL,NOTHISPANICorNOTLATINO,,,73.0,12311990.0,AgeOver66,AA76175
ALAMANCE,R,REMOVED,BASONDAVIDPATTON,DAVIDPATTONBASON,,,NL,NOTHISPANICorNOTLATINO,REP,REPUBLICAN,63.0,6081990.0,Age4165,AA72051
ALAMANCE,A,ACTIVE,BASONELLAWEST,ELLAWESTBASON,3181BASONRD,,NL,NOTHISPANICorNOTLATINO,,,76.0,3311972.0,AgeOver66,
ALAMANCE,A,ACTIVE,BASONGEORGESTANFORDJR,GEORGESTANFORDBASONJR,623MEADOWOODDR,,UN,UNDESIGNATED,UNA,UNAFFILIATED,75.0,5171958.0,AgeOver66,
ALAMANCE,R,REMOVED,BASONGROVERBRUCE,GROVERBRUCEBASON,902SUNSETDR,,NL,NOTHISPANICorNOTLATINO,,,88.0,10251952.0,AgeOver66,
ALAMANCE,A,ACTIVE,BASONJOSEPHERVINJR,JOSEPHERVINBASONJR,4534THOMPSONMILLRD,,NL,NOTHISPANICorNOTLATINO,UNA,UNAFFILIATED,71.0,1011900.0,AgeOver66,
ALAMANCE,A,ACTIVE,BASONMATTHEWTHOMAS,,2311HOSKINSRD,,NL,NOTHISPANICorNOTLATINO,REP,REPUBLICAN,26.0,7302004.0,Age2640,AA135742
ALAMANCE,R,REMOVED,BASONMATTHEWSHANE,,4371BSNCHWY49,,NL,NOTHISPANICorNOTLATINO,REP,REPUBLICAN,36.0,3141996.0,Age2640,AA98178
ALAMANCE,A,ACTIVE,BASONMELISALYNN,,1004PINERIDGECT,,UN,UNDESIGNATED,,,,9212008.0,Age4165,AA157752
ALAMANCE,A,ACTIVE,BASONMILDREDSTUPER,,4401HSNCHWY49,,NL,NOTHISPANICorNOTLATINO,,,86.0,10271956.0,AgeOver66,
ALAMANCE,A,ACTIVE,BASONNETTIERUTHOLDHAM,NETTIERUTHOLDHAMBASON,902SUNSETDR,,NL,NOTHISPANICorNOTLATINO,,,89.0,10261946.0,AgeOver66,
ALAMANCE,A,ACTIVE,BASONPARKERCLEVELAND,PARKERCLEVELANDBASON,4401HSNCHWY49,,NL,NOTHISPANICorNOTLATINO,,,91.0,10271956.0,AgeOver66,
ALAMANCE,A,ACTIVE,BASONPATRICIAPHILLIPS,PATRICIAPHILLIPSBASON,623WDAVISST,,NL,NOTHISPANICorNOTLATINO,,,70.0,10021976.0,AgeOver66,
ALAMANCE,A,ACTIVE,BASONROBERTLANCE,ROBERTLANCEBASON,4371BSNCHWY49,,NL,NOTHISPANICorNOTLATINO,,,67.0,9241978.0,AgeOver66,
ALAMANCE,A,ACTIVE,BASONSANDRAROBERTSON,SANDRAROBERTSONBASON,623MEADOWOODDR,,NL,NOTHISPANICorNOTLATINO,UNA,UNAFFILIATED,68.0,10021970.0,AgeOver66,
ALAMANCE,A,ACTIVE,BASONSHARONSUE,SHARONSUEBASON,4371BSNCHWY49,,NL,NOTHISPANICorNOTLATINO,,,66.0,9241978.0,AgeOver66,
ALAMANCE,R,REMOVED,BASONVANCECECIL,VANCECECILBASON,3181BASONRD,,NL,NOTHISPANICorNOTLATINO,,,88.0,,AgeOver66,
ALAMANCE,A,ACTIVE,BASSANGELALEIGH,ANGELALEIGHBASS,702NTHIRDST,,NL,NOTHISPANICorNOTLATINO,,,41.0,10022000.0,Age4165,AA121889
ALAMANCE,A,ACTIVE,BASSANNAMORROW,ANNAMORROWBASS,4647MEBANEOAKSRD,BLACKorAFRICANAMERICAN,NL,NOTHISPANICorNOTLATINO,,,79.0,4201968.0,AgeOver66,
ALAMANCE,R,REMOVED,BASSBENITAJ,BENITAJBASS,902NTHIRDST,BLACKorAFRICANAMERICAN,NL,NOTHISPANICorNOTLATINO,,,44.0,9122000.0,Age4165,AA119675
ALAMANCE,A,ACTIVE,BASSCATHYCAWTHORNE,CATHYCAWTHORNEBASS,1407EDOGWOODDR,,NL,NOTHISPANICorNOTLATINO,REP,REPUBLICAN,,5092003.0,Age4165,AA130237
ALAMANCE,R,REMOVED,BASSCHARLESWILLIAM,CHARLESWILLIAMBASS,5904SWEPSONVILLESAXAPAHAWRD3,,NL,NOTHISPANICorNOTLATINO,REP,REPUBLICAN,59.0,3141999.0,Age4165,AA113743
ALAMANCE,A,ACTIVE,BASSCHASTITYLEE,CHASTITYLEEBASS,2653HYDEST,,NL,NOTHISPANICorNOTLATINO,REP,REPUBLICAN,37.0,4042008.0,Age2640,AT21606
ALAMANCE,A,ACTIVE,BASSCHRIS,CHRISBASS,467EMCPHERSONDR,,UN,UNDESIGNATED,REP,REPUBLICAN,31.0,10072004.0,Age2640,AA140272
ALAMANCE,R,REMOVED,BASSCHRISTINEGREEN,CHRISTINEGREENBASS,406DRIFTWOODDR,,NL,NOTHISPANICorNOTLATINO,REP,REPUBLICAN,39.0,5111998.0,Age2640,AA109994
ALAMANCE,A,ACTIVE,BASSCRYSTALBETH,CRYSTALBETHBASS,,,NL,NOTHISPANICorNOTLATINO,UNA,UNAFFILIATED,39.0,10051992.0,Age2640,AA83914
ALAMANCE,A,ACTIVE,BASSCYNTHIAIVEY,CYNTHIAIVEYBASS,,,NL,NOTHISPANICorNOTLATINO,REP,REPUBLICAN,66.0,7261996.0,AgeOver66,AA100672
ALAMANCE,A,ACTIVE,BASSDAMONROLAND,DAMONROLANDBASS,908EMARKETST,,NL,NOTHISPANICorNOTLATINO,REP,REPUBLICAN,,7272006.0,Age4165,AA147053
ALAMANCE,A,ACTIVE,BASSDANIELCRAIG,DANIELCRAIGBASS,3078HERITAGELN,,NL,NOTHISPANICorNOTLATINO,,,,4081980.0,Age4165,
ALAMANCE,A,ACTIVE,BASSDANIELCRAIGII,DANIELCRAIGBASSII,1000ELONACORNDR,BLACKorAFRICANAMERICAN,UN,UNDESIGNATED,,,21.0,,,AA176620
ALAMANCE,A,ACTIVE,BASSDANIELLEWIGGINS,DANIELLEWIGGINSBASS,8151SILASDR,,UN,UNDESIGNATED,REP,REPUBLICAN,38.0,9252008.0,Age2640,CJ100670
ALAMANCE,A,ACTIVE,BASSDENEDDAKELLAY,DENEDDAKELLAYBASS,1430FLORENCERD,BLACKorAFRICANAMERICAN,NL,NOTHISPANICorNOTLATINO,,,29.0,,Age2640,CW671133
ALAMANCE,A,ACTIVE,BASSDESHAWNLEE,DESHAWNLEEBASS,611CENTRALAVE,BLACKorAFRICANAMERICAN,UN,UNDESIGNATED,,,19.0,10022012.0,,AA175930
ALAMANCE,A,ACTIVE,BASSDETRICELAWONAA,DETRICELAWONAABASS,810NMEBANEST,BLACKorAFRICANAMERICAN,UN,UNDESIGNATED,,,27.0,7222004.0,Age2640,AA135739
ALAMANCE,A,ACTIVE,BASSDONNADUNN,DONNADUNNBASS,205ROMARD,,NL,NOTHISPANICorNOTLATINO,REP,REPUBLICAN,62.0,6142006.0,Age4165,AA146768
ALAMANCE,A,ACTIVE,BASSDUSTYLYNN,DUSTYLYNNBASS,467EMCPHERSONDR,,NL,NOTHISPANICorNOTLATINO,UNA,UNAFFILIATED,30.0,3132006.0,Age2640,AA146080
ALAMANCE,A,ACTIVE,BASSFEBERSTRINE,FEBERSTRINEBASS,206NFISHERST,UNDESIGNATED,UN,UNDESIGNATED,,,40.0,9212012.0,Age2640,AA175352
ALAMANCE,A,ACTIVE,BASSFLORENCEMAE,FLORENCEMAEBASS,1280PYRTLEDR,BLACKorAFRICANAMERICAN,UN,UNDESIGNATED,UNA,UNAFFILIATED,51.0,1022002.0,Age4165,AA125260
ALAMANCE,A,ACTIVE,BASSFLOYDKEITH,FLOYDKEITHBASS,416NFIRSTST,,NL,NOTHISPANICorNOTLATINO,,,60.0,5161997.0,Age4165,AA106268
ALAMANCE,I,INACTIVE,BASSGERALDINESHEPHERD,GERALDINESHEPHERDBASS,2511HICKORYAVE,,NL,NOTHISPANICorNOTLATINO,,,80.0,,AgeOver66,
ALAMANCE,A,ACTIVE,BASSHORACEDEMONDSR,HORACEDEMONDBASSSR,728IVEYRDB,,NL,NOTHISPANICorNOTLATINO,UNA,UNAFFILIATED,64.0,2032011.0,Age4165,AA168010
ALAMANCE,A,ACTIVE,BASSJAMESMILTON,JAMESMILTONBASS,1834ROBINHOODDR,,NL,NOTHISPANICorNOTLATINO,REP,REPUBLICAN,85.0,2181992.0,AgeOver66,AA79705
ALAMANCE,A,ACTIVE,BASSJAMESLEE,JAMESLEEBASS,8151SILASDR,,NL,NOTHISPANICorNOTLATINO,REP,REPUBLICAN,40.0,12132006.0,Age2640,CJ100672
ALAMANCE,A,ACTIVE,BASSJENNIFERLYNN,JENNIFERLYNNBASS,1412HAWTHORNELN,,NL,NOTHISPANICorNOTLATINO,UNA,UNAFFILIATED,19.0,11242010.0,,AA167628
ALAMANCE,A,ACTIVE,BASSJESSICADALE,JESSICADALEBASS,1412HAWTHORNELN,,NL,NOTHISPANICorNOTLATINO,REP,REPUBLICAN,24.0,5142007.0,,AA149589
ALAMANCE,R,REMOVED,BASSJOANVIRGINIA,JOANVIRGINIABASS,1880BROOKWOODAVE104,,NL,NOTHISPANICorNOTLATINO,REP,REPUBLICAN,82.0,3292006.0,AgeOver66,AX15223
ALAMANCE,A,ACTIVE,BASSJOANNALEA,JOANNALEABASS,223EMERSONDR,,UN,UNDESIGNATED,REP,REPUBLICAN,,3182010.0,Age4165,DB29686
ALAMANCE,A,ACTIVE,BASSJODINORRIS,JODINORRISBASS,3078HERITAGELN,,NL,NOTHISPANICorNOTLATINO,REP,REPUBLICAN,,,Age4165,AA103444
ALAMANCE,A,ACTIVE,BASSJOEL(NMN),JOEL(NMN)BASS,4647MEBANEOAKSRD,INDIANAMERICANorALASKANATIVE,NL,NOTHISPANICorNOTLATINO,,,82.0,4201968.0,AgeOver66,
ALAMANCE,A,ACTIVE,BASSJOHNDAVIDSON,JOHNDAVIDSONBASS,2281BASONCIR,,UN,UNDESIGNATED,REP,REPUBLICAN,55.0,1262004.0,Age4165,AA132717
ALAMANCE,A,ACTIVE,BASSJOSEPHBAIRDJR,JOSEPHBAIRDBASSJR,504GRANDVIEWDR,,UN,UNDESIGNATED,LIB,LIBERTARIAN,62.0,8252008.0,Age4165,BJ19543
ALAMANCE,A,ACTIVE,BASSKARENFAYE,KARENFAYEBASS,4647MEBANEOAKSRD,INDIANAMERICANorALASKANATIVE,NL,NOTHISPANICorNOTLATINO,,,,7271982.0,Age4165,
ALAMANCE,A,ACTIVE,BASSKARENSHANKS,KARENSHANKSBASS,1412HAWTHORNELN,,NL,NOTHISPANICorNOTLATINO,REP,REPUBLICAN,51.0,3101993.0,Age4165,AA86772
ALAMANCE,A,ACTIVE,BASSKARLORLANDO,KARLORLANDOBASS,4025MARY'SGROVECHURCHRD,INDIANAMERICANorALASKANATIVE,NL,NOTHISPANICorNOTLATINO,UNA,UNAFFILIATED,56.0,1031994.0,Age4165,AA88972
ALAMANCE,A,ACTIVE,BASSKAZZARAE,KAZZARAEBASS,,BLACKorAFRICANAMERICAN,NL,NOTHISPANICorNOTLATINO,,,30.0,9132001.0,Age2640,AA124637
ALAMANCE,D,DENIED,BASSKITTYR,KITTYRBASS,,,NL,NOTHISPANICorNOTLATINO,,,89.0,1271999.0,AgeOver66,AA113139
ALAMANCE,A,ACTIVE,BASSLAMARRASHAD,LAMARRASHADBASS,1924MORNINGSIDEDRG,BLACKorAFRICANAMERICAN,UN,UNDESIGNATED,,,23.0,11032012.0,,BL344202
ALAMANCE,I,INACTIVE,BASSLATIADANIELLE,LATIADANIELLEBASS,506EPARKERST103,BLACKorAFRICANAMERICAN,UN,UNDESIGNATED,,,29.0,11162001.0,Age2640,AA124898
ALAMANCE,A,ACTIVE,BASSLEAHEFIRD,LEAHEFIRDBASS,305GREENCT,,NL,NOTHISPANICorNOTLATINO,REP,REPUBLICAN,43.0,,Age4165,AA103858
ALAMANCE,R,REMOVED,BASSLOISREICH,,323BALDWINRD,,UN,UNDESIGNATED,REP,REPUBLICAN,89.0,6291983.0,AgeOver66,
ALAMANCE,A,ACTIVE,BASSLOUISEROOK,,7HOLMESWAY,,NL,NOTHISPANICorNOTLATINO,,,89.0,1172002.0,AgeOver66,AA125411
ALAMANCE,D,DENIED,BASSLYNNBANASIAK,,508STOKESRD,,NL,NOTHISPANICorNOTLATINO,,,,12112000.0,Age4165,AA122016
ALAMANCE,A,ACTIVE,BASSMARGIEG,,6722NNCHWY62,UNDESIGNATED,UN,UNDESIGNATED,,,76.0,4072008.0,AgeOver66,AA153791
ALAMANCE,A,ACTIVE,BASSMARYGUPTON,,908EMARKETST,,NL,NOTHISPANICorNOTLATINO,REP,REPUBLICAN,78.0,4201968.0,AgeOver66,
ALAMANCE,A,ACTIVE,BASSMELVIN,,1280PYRTLEDR,BLACKorAFRICANAMERICAN,UN,UNDESIGNATED,,,56.0,1022002.0,Age4165,AA125262
ALAMANCE,I,INACTIVE,BASSRANDALLWAYNE,RANDALLWAYNEBASS,201ESTEBANCT,,NL,NOTHISPANICorNOTLATINO,REP,REPUBLICAN,44.0,4162003.0,Age4165,AA130191
ALAMANCE,A,ACTIVE,BASSRAYMOND,RAYMONDBASS,1323DEERFIELDTRCE,,NL,NOTHISPANICorNOTLATINO,,,52.0,8032004.0,Age4165,AA136138
ALAMANCE,A,ACTIVE,BASSROBBINDALE,ROBBINDALEBASS,1412HAWTHORNELN,,NL,NOTHISPANICorNOTLATINO,UNA,UNAFFILIATED,53.0,6111980.0,Age4165,
ALAMANCE,A,ACTIVE,BASSRONALDGENE,RONALDGENEBASS,,,NL,NOTHISPANICorNOTLATINO,REP,REPUBLICAN,64.0,10011996.0,Age4165,AA102617
ALAMANCE,A,ACTIVE,BASSRUTHMARVEL,RUTHMARVELBASS,1834ROBINHOODDR,,NL,NOTHISPANICorNOTLATINO,REP,REPUBLICAN,89.0,5101990.0,AgeOver66,AA71504
ALAMANCE,A,ACTIVE,BASSSANDRAB,SANDRABBASS,716MILLPOINTEWAY,,NL,NOTHISPANICorNOTLATINO,REP,REPUBLICAN,67.0,,AgeOver66,
ALAMANCE,A,ACTIVE,BASSSANDRALEATH,SANDRALEATHBASS,1430FLORENCERD,BLACKorAFRICANAMERICAN,NL,NOTHISPANICorNOTLATINO,,,57.0,2101974.0,Age4165,AA26793
ALAMANCE,A,ACTIVE,BASSSHELBYDUNCAN,SHELBYDUNCANBASS,2019NASHLANDDR,,NL,NOTHISPANICorNOTLATINO,REP,REPUBLICAN,75.0,9221990.0,AgeOver66,AA73563
ALAMANCE,A,ACTIVE,BASSTABITHALUCILLE,TABITHALUCILLEBASS,4647MEBANEOAKSRD,BLACKorAFRICANAMERICAN,UN,UNDESIGNATED,UNA,UNAFFILIATED,18.0,5142012.0,,AA173571
ALAMANCE,A,ACTIVE,BASSTEKELIALEA,TEKELIALEABASS,307NCOBBAVE,BLACKorAFRICANAMERICAN,UN,UNDESIGNATED,,,29.0,,Age2640,DK31818
ALAMANCE,A,ACTIVE,BASSTERESAHAYES,TERESAHAYESBASS,3826TIMBERRIDGELAKERD1,,NL,NOTHISPANICorNOTLATINO,REP,REPUBLICAN,34.0,4272012.0,Age2640,AA172303
ALAMANCE,A,ACTIVE,BASSTHOMASLEONIII,THOMASLEONBASSIII,,,NL,NOTHISPANICorNOTLATINO,REP,REPUBLICAN,42.0,5111998.0,Age4165,AA109995
ALAMANCE,A,ACTIVE,BASSTHOMASLEONJR,THOMASLEONBASSJR,716MILLPOINTEWAY,,NL,NOTHISPANICorNOTLATINO,REP,REPUBLICAN,67.0,10071972.0,AgeOver66,
ALAMANCE,A,ACTIVE,BASSTIFFANYANN,TIFFANYANNBASS,1001ELONCOMMONSDR,,UN,UNDESIGNATED,UNA,UNAFFILIATED,25.0,4112008.0,,AA154342
ALAMANCE,A,ACTIVE,BASSWILLARDDANIELJR,WILLARDDANIELBASSJR,1612HAWTHORNELN,,NL,NOTHISPANICorNOTLATINO,REP,REPUBLICAN,77.0,11071960.0,AgeOver66,
ALAMANCE,A,ACTIVE,BASSWILLIAMBRETT,WILLIAMBRETTBASS,305GREENCT,,UN,UNDESIGNATED,REP,REPUBLICAN,,6011983.0,Age4165,
ALAMANCE,A,ACTIVE,BASSWILLIAMCHARLES,WILLIAMCHARLESBASS,908EMARKETST,,NL,NOTHISPANICorNOTLATINO,REP,REPUBLICAN,81.0,,AgeOver66,AA95961
ALAMANCE,A,ACTIVE,BASSWILLIEBLAIR,WILLIEBLAIRBASS,6722NNCHWY62,BLACKorAFRICANAMERICAN,NL,NOTHISPANICorNOTLATINO,DEM,,75.0,5252007.0,AgeOver66,AA149687
ALAMANCE,I,INACTIVE,BASSETTFRANCESJEAN,FRANCESJEANBASSETT,2060GIBSONVILLEOSSIPEERD,,NL,NOTHISPANICorNOTLATINO,UNA,UNAFFILIATED,90.0,10232002.0,AgeOver66,AA128505
ALAMANCE,A,ACTIVE,BASSIMEENA,,432COBBLESTONECT,ASIAN,UN,UNDESIGNATED,DEM,,32.0,9282004.0,Age2640,AA138609
ALAMANCE,A,ACTIVE,BASSISURINDERSINGH,SURINDERSINGHBASSI,432COBBLESTONECT,OTHER,NL,NOTHISPANICorNOTLATINO,DEM,,28.0,5132008.0,Age2640,AA154932
ALAMANCE,A,ACTIVE,BASTJESSICAMARIE,JESSICAMARIEBAST,100PHOENIXDR103A,,NL,NOTHISPANICorNOTLATINO,DEM,,18.0,,,AA176666
ALAMANCE,R,REMOVED,BASTEDOJENNIFER,JENNIFERBASTEDO,2802ELDERMONTSTF,OTHER,NL,NOTHISPANICorNOTLATINO,REP,REPUBLICAN,62.0,2042008.0,Age4165,AA152084
ALAMANCE,A,ACTIVE,BASTEDOJOHNSTEPHAN,JOHNSTEPHANBASTEDO,1720OLDSTMARK'SCHURCHRD101G,,UN,UNDESIGNATED,UNA,UNAFFILIATED,26.0,10042012.0,Age2640,AA176483
ALAMANCE,R,REMOVED,BASTEDOSTEPHENBRIAN,STEPHENBRIANBASTEDO,2802ELDERMONTSTF,,NL,NOTHISPANICorNOTLATINO,REP,REPUBLICAN,60.0,2042008.0,Age4165,AA152083
ALAMANCE,A,ACTIVE,BASTONSEANRYAN,SEANRYANBASTON,1605SYKESST,,NL,NOTHISPANICorNOTLATINO,UNA,UNAFFILIATED,26.0,3172008.0,Age2640,AA152846
ALAMANCE,A,ACTIVE,BASTYSRYANLEE,RYANLEEBASTYS,1351DEERCROFTCT,,NL,NOTHISPANICorNOTLATINO,REP,REPUBLICAN,26.0,3142008.0,Age2640,AA152840
ALAMANCE,I,INACTIVE,BATCHELORAUNADENISE,AUNADENISEBATCHELOR,2139GWYNRD,,NL,NOTHISPANICorNOTLATINO,UNA,UNAFFILIATED,25.0,4222005.0,,AA143470
ALAMANCE,A,ACTIVE,BATCHELORCHRISTOPHERYANCEY,CHRISTOPHERYANCEYBATCHELOR,2139GWYNRD,,NL,NOTHISPANICorNOTLATINO,UNA,UNAFFILIATED,24.0,11062006.0,,AA148067
ALAMANCE,A,ACTIVE,BATCHELORGREGORYROSS,GREGORYROSSBATCHELOR,1410GREENWOODTER,,NL,NOTHISPANICorNOTLATINO,UNA,UNAFFILIATED,21.0,4132012.0,,AA171394
ALAMANCE,R,REMOVED,BATCHELORJOHNE,JOHNEBATCHELOR,8332AWILDROSEDR,,NL,NOTHISPANICorNOTLATINO,DEM,,91.0,,AgeOver66,AA112340
ALAMANCE,A,ACTIVE,BATCHELORJUSTINKYLE,JUSTINKYLEBATCHELOR,809LYNWOODDR,,NL,NOTHISPANICorNOTLATINO,UNA,UNAFFILIATED,30.0,9262003.0,Age2640,AA131493
ALAMANCE,R,REMOVED,BATCHELORLILLIANSHEPARD,LILLIANSHEPARDBATCHELOR,8332AWILDROSEDR,UNDESIGNATED,NL,NOTHISPANICorNOTLATINO,DEM,,84.0,10062000.0,AgeOver66,AA120707
ALAMANCE,A,ACTIVE,BATCHELORLILYVASILIKI,LILYVASILIKIBATCHELOR,1410GREENWOODTER,,NL,NOTHISPANICorNOTLATINO,UNA,UNAFFILIATED,53.0,,Age4165,AA96213
ALAMANCE,A,ACTIVE,BATCHELORNIMTHOMAS,NIMTHOMASBATCHELOR,1410GREENWOODTER,,NL,NOTHISPANICorNOTLATINO,DEM,,56.0,,Age4165,AA96214
ALAMANCE,A,ACTIVE,BATEMANBERNISEJONES,BERNISEJONESBATEMAN,714LARRYAVE,,UN,UNDESIGNATED,REP,REPUBLICAN,71.0,4292004.0,AgeOver66,AA134018
ALAMANCE,A,ACTIVE,BATEMANBETSYHAMILTON,BETSYHAMILTONBATEMAN,401FIELDSTONEDR,,NL,NOTHISPANICorNOTLATINO,DEM,,82.0,9281978.0,AgeOver66,
ALAMANCE,A,ACTIVE,BATEMANCAROLFUQUA,CAROLFUQUABATEMAN,1816CONNERSCT,,UN,UNDESIGNATED,DEM,,59.0,3262008.0,Age4165,BY184588
ALAMANCE,A,ACTIVE,BATEMANCHARLESLLOYD,CHARLESLLOYDBATEMAN,220WEXFORDPL,,NL,NOTHISPANICorNOTLATINO,REP,REPUBLICAN,75.0,5121962.0,AgeOver66,
ALAMANCE,A,ACTIVE,BATEMANCHARLESBUDDY,CHARLESBUDDYBATEMAN,2356CRESCENTDR,,NL,NOTHISPANICorNOTLATINO,REP,REPUBLICAN,68.0,7011997.0,AgeOver66,AA106609
ALAMANCE,R,REMOVED,BATEMANCHARLOTTEVOGLER,CHARLOTTEVOGLERBATEMAN,220WEXFORDPL,,NL,NOTHISPANICorNOTLATINO,REP,REPUBLICAN,28.0,8112003.0,Age2640,AA131040
,A,ACTIVE,BATEMANCINDYMARIE,CINDYMARIEBATEMAN,616EDAVISST,,NL,NOTHISPANICorNOTLATINO,REP,REPUBLICAN,51.0,9211990.0,Age4165,AA73699
,R,REMOVED,BATEMANCIVILLERMAJORS,CIVILLERMAJORSBATEMAN,457DIXONRD,,NL,NOTHISPANICorNOTLATINO,REP,REPUBLICAN,87.0,10261968.0,AgeOver66,
,A,ACTIVE,BATEMANDANAMARIE,DANAMARIEBATEMAN,712IVEYRDU,,NL,NOTHISPANICorNOTLATINO,DEM,,30.0,3302000.0,Age2640,AA117680
,A,ACTIVE,BATEMANDANNYLEE,DANNYLEEBATEMAN,616EDAVISST,,NL,NOTHISPANICorNOTLATINO,REP,REPUBLICAN,59.0,9211990.0,Age4165,AA73564
,A,ACTIVE,BATEMANDELOISGRIFFIN,DELOISGRIFFINBATEMAN,404MOSERST,,NL,NOTHISPANICorNOTLATINO,REP,REPUBLICAN,52.0,6261996.0,Age4165,AA100266
,A,ACTIVE,BATEMANHEATHERDAWSON,HEATHERDAWSONBATEMAN,714CROFTWOODDR,,NL,NOTHISPANICorNOTLATINO,REP,REPUBLICAN,37.0,9072010.0,Age2640,AA166680
,R,REMOVED,BATEMANJOHNCARL,JOHNCARLBATEMAN,457DIXONRD,,NL,NOTHISPANICorNOTLATINO,DEM,,92.0,10261968.0,AgeOver66,
,A,ACTIVE,BATEMANJOHNCARLJR,JOHNCARLBATEMANJR,9140DORATRL,,NL,NOTHISPANICorNOTLATINO,REP,REPUBLICAN,59.0,,Age4165,AA91638
,A,ACTIVE,BATEMANJOHNALLEN,JOHNALLENBATEMAN,2714WFRONTSTB2,,NL,NOTHISPANICorNOTLATINO,UNA,UNAFFILIATED,52.0,9301986.0,Age4165,AA60579
,A,ACTIVE,BATEMANJOHNCHARLES,JOHNCHARLESBATEMAN,220WEXFORDPL,,NL,NOTHISPANICorNOTLATINO,REP,REPUBLICAN,30.0,9212000.0,Age2640,AA120080
,A,ACTIVE,BATEMANJOSHUADUSTIN,JOSHUADUSTINBATEMAN,3923KEYSTONERD,,UN,UNDESIGNATED,UNA,UNAFFILIATED,23.0,,,AA176771
,A,ACTIVE,BATEMANJUDYBUCHANAN,JUDYBUCHANANBATEMAN,2356CRESCENTDR,,NL,NOTHISPANICorNOTLATINO,DEM,,65.0,9221986.0,Age4165,AA61192
,A,ACTIVE,BATEMANKARINAFLEMATE,KARINAFLEMATEBATEMAN,712IVEYRDU,,NL,NOTHISPANICorNOTLATINO,DEM,,33.0,4262012.0,Age2640,AA172296
,A,ACTIVE,BATEMANLOUISJOE,,401FIELDSTONEDR,,NL,NOTHISPANICorNOTLATINO,DEM,,87.0,5141964.0,AgeOver66,
,A,ACTIVE,BATEMANMICHAELLYNN,,404MOSERST,,NL,NOTHISPANICorNOTLATINO,UNA,UNAFFILIATED,52.0,3031997.0,Age4165,AA105426
,A,ACTIVE,BATEMANNANCYVOGLER,NANCYVOGLERBATEMAN,220WEXFORDPL,,NL,NOTHISPANICorNOTLATINO,DEM,,65.0,2121976.0,Age4165,
,I,INACTIVE,BATEMANNICHOLASSWAN,NICHOLASSWANBATEMAN,306SLOANDORMB,,UN,UNDESIGNATED,UNA,UNAFFILIATED,27.0,,Age2640,AA140278
,I,INACTIVE,BATEMANNICKALITBLAIRE,NICKALITBLAIREBATEMAN,9140DORATRL,,NL,NOTHISPANICorNOTLATINO,UNA,UNAFFILIATED,29.0,1042008.0,Age2640,DY29677
,A,ACTIVE,BATEMANPAMELACOBLE,PAMELACOBLEBATEMAN,9140DORATRL,,NL,NOTHISPANICorNOTLATINO,REP,REPUBLICAN,58.0,6061990.0,Age4165,AA72052
,A,ACTIVE,BATEMANRENAMAE,RENAMAEBATEMAN,721FAIRFIELDST,,NL,NOTHISPANICorNOTLATINO,UNA,UNAFFILIATED,88.0,5141966.0,AgeOver66,
,A,ACTIVE,BATEMANRODNEYWILSON,RODNEYWILSONBATEMAN,3923KEYSTONERD,,NL,NOTHISPANICorNOTLATINO,REP,REPUBLICAN,,3311995.0,Age4165,AA93560
,A,ACTIVE,BATEMANSONYAHOLT,SONYAHOLTBATEMAN,3923KEYSTONERD,,NL,NOTHISPANICorNOTLATINO,REP,REPUBLICAN,44.0,11081996.0,Age4165,AA104573
,A,ACTIVE,BATEMANTAMMYLYNN,TAMMYLYNNBATEMAN,410HAWTHORNELN,,UN,UNDESIGNATED,DEM,,43.0,9292008.0,Age4165,BZ42436
,A,ACTIVE,BATEMANTAYLORVICTORIA,TAYLORVICTORIABATEMAN,2800QUAKERCREEKDR2808,,UN,UNDESIGNATED,REP,REPUBLICAN,19.0,,,AA176409
,I,INACTIVE,BATEMANTHOMASWILLIAM,THOMASWILLIAMBATEMAN,430ROMARD,,NL,NOTHISPANICorNOTLATINO,UNA,UNAFFILIATED,,5202008.0,Age4165,AA154935
,A,ACTIVE,BATEMANTONYDOUGLAS,TONYDOUGLASBATEMAN,714LARRYAVE,UNDESIGNATED,UN,UNDESIGNATED,REP,REPUBLICAN,,,Age4165,AA159233
,A,ACTIVE,BATEMANVIRGINIADARE,VIRGINIADAREBATEMAN,8642PLEASANTHILLCHURCHRD,,NL,NOTHISPANICorNOTLATINO,DEM,,66.0,11062007.0,AgeOver66,AG45784
,A,ACTIVE,BATEMANWOODROWWILSONJR,WOODROWWILSONBATEMANJR,3605BOYWOODRD6,,NL,NOTHISPANICorNOTLATINO,UNA,UNAFFILIATED,65.0,8161996.0,Age4165,AA101011
,A,ACTIVE,BATEMANBEALEKIMBERLYGAIL,KIMBERLYGAILBATEMANBEALE,2422SNCHWY11946,,NL,NOTHISPANICorNOTLATINO,DEM,,,3011999.0,Age4165,AA113774
,R,REMOVED,BATERCHRISTALEE,CHRISTALEEBATER,6131DAVIDMOORERD,,NL,NOTHISPANICorNOTLATINO,DEM,,26.0,8232004.0,Age2640,AA135931
,I,INACTIVE,BATERKIMBERLYANN,KIMBERLYANNBATER,6131DAVIDMOORERD,,NL,NOTHISPANICorNOTLATINO,DEM,,42.0,9142004.0,Age4165,AA137529
,A,ACTIVE,BATESAMBERLEIGH,AMBERLEIGHBATES,700EHAGGARDAVE,BLACKorAFRICANAMERICAN,NL,NOTHISPANICorNOTLATINO,DEM,,18.0,10012012.0,,BL404380
,A,ACTIVE,BATESCARRIELYNN,CARRIELYNNBATES,1445NGRAHAMHOPEDALERD,,NL,NOTHISPANICorNOTLATINO,DEM,,39.0,8222004.0,Age2640,AA135997
,A,ACTIVE,BATESDANIELJERRY,DANIELJERRYBATES,4184STONECRESTDR202,,NL,NOTHISPANICorNOTLATINO,DEM,,24.0,10042012.0,,AA176487
,A,ACTIVE,BATESHAROLDBASCOMJR,HAROLDBASCOMBATESJR,2204TEALCT,,NL,NOTHISPANICorNOTLATINO,REP,REPUBLICAN,51.0,9191988.0,Age4165,AA66125
,A,ACTIVE,BATESJANETSARTIN,JANETSARTINBATES,770BOONESTATIONDRD,,UN,UNDESIGNATED,DEM,,,12292008.0,Age4165,AA162489
,A,ACTIVE,BATESJEFFREYJUNIOR,JEFFREYJUNIORBATES,770BOONESTATIONDRD,,NL,NOTHISPANICorNOTLATINO,DEM,,,12202002.0,Age4165,AA128506
,R,REMOVED,BATESJOANNGREENE,JOANNGREENEBATES,,BLACKorAFRICANAMERICAN,NL,NOTHISPANICorNOTLATINO,DEM,,42.0,10012004.0,Age4165,AA139014
,A,ACTIVE,BATESKENNETHWAYNEII,KENNETHWAYNEBATESII,443BROOKVIEWDR,,NL,NOTHISPANICorNOTLATINO,REP,REPUBLICAN,39.0,3192008.0,Age2640,DS66690
,A,ACTIVE,BATESPATRICIAMITCHELL,PATRICIAMITCHELLBATES,2204TEALCT,,NL,NOTHISPANICorNOTLATINO,REP,REPUBLICAN,50.0,4081980.0,Age4165,AA31443
,A,ACTIVE,BATESSTEVENDEWAYNE,STEVENDEWAYNEBATES,3437SHEPHERDRD33,,UN,UNDESIGNATED,DEM,,44.0,9252012.0,Age4165,AW175625
,A,ACTIVE,BATESTOBINDONALD,TOBINDONALDBATES,,,NL,NOTHISPANICorNOTLATINO,DEM,,43.0,8232004.0,Age4165,AA135999
,A,ACTIVE,BATESTRACEYSIMPSON,TRACEYSIMPSONBATES,443BROOKVIEWDR,,UN,UNDESIGNATED,REP,REPUBLICAN,39.0,4092008.0,Age2640,AA153481
,A,ACTIVE,BATEYJAMESWILLIAM,JAMESWILLIAMBATEY,2743DELANEYDR,,NL,NOTHISPANICorNOTLATINO,UNA,UNAFFILIATED,82.0,9271992.0,AgeOver66,AA84792
,A,ACTIVE,BATEYVALERIELAWRENCE,VALERIELAWRENCEBATEY,2743DELANEYDR,,NL,NOTHISPANICorNOTLATINO,UNA,UNAFFILIATED,77.0,9271992.0,AgeOver66,AA84794
,A,ACTIVE,BATISTAMELISSAJOSEPHINE,,1411JACKSONST,BLACKorAFRICANAMERICAN,NL,NOTHISPANICorNOTLATINO,DEM,,33.0,6102009.0,Age2640,EH425003
,D,DENIED,BATRESRICHARDA,RICHARDABATRES,1903MALONERD,,NL,NOTHISPANICorNOTLATINO,DEM,,36.0,10231995.0,Age2640,AA96220
,A,ACTIVE,BATTAGLIAPAMELAJO,PAMELAJOBATTAGLIA,525WILLIAMSDALERD,,NL,NOTHISPANICorNOTLATINO,REP,REPUBLICAN,52.0,1312005.0,Age4165,AA142836
,A,ACTIVE,BATTAGLIAPAULBRUCE,PAULBRUCEBATTAGLIA,525WILLIAMSDALERD,,NL,NOTHISPANICorNOTLATINO,REP,REPUBLICAN,,12012004.0,Age4165,AA142068
,A,ACTIVE,BATTENALICEWRENN,ALICEWRENNBATTEN,311NPARKAVE,,NL,NOTHISPANICorNOTLATINO,DEM,,58.0,7161976.0,Age4165,AA20817
,A,ACTIVE,BATTENJOHNNYMAX,JOHNNYMAXBATTEN,6412SPREACHERROBERSONRD,WHITE,NL,NOTHISPANICorNOTLATINO,REP,REPUBLICAN,76.0,1081980.0,AgeOver66,
,A,ACTIVE,BATTENLARRYWAYNESR,LARRYWAYNEBATTENSR,6412SPREACHERROBERSONRD,WHITE,NL,NOTHISPANICorNOTLATINO,REP,REPUBLICAN,55.0,10021980.0,Age4165,
,R,REMOVED,BATTENMARCIAELIZABETH,,3912WADECOBLEDR,WHITE,NL,NOTHISPANICorNOTLATINO,DEM,,87.0,10261994.0,AgeOver66,AA92212
,A,ACTIVE,BATTENMARIAM,,205PIEDMONTWAY,INDIANAMERICANorALASKANATIVE,UN,UNDESIGNATED,REP,REPUBLICAN,67.0,9212012.0,AgeOver66,AA175351
,D,DENIED,BATTENMICHAELLYNN,,2404NCHURCHST,WHITE,NL,NOTHISPANICorNOTLATINO,REP,REPUBLICAN,40.0,2281995.0,Age2640,AA92616
,D,DENIED,BATTENMICHAELLYNN,,1707ERWINAVE,WHITE,NL,NOTHISPANICorNOTLATINO,UNA,UNAFFILIATED,40.0,3272003.0,Age2640,AA129894
,A,ACTIVE,BATTENRICKEYCHARLESJR,RICKEYCHARLESBATTENJR,4526SALEMCHURCHRD,WHITE,NL,NOTHISPANICorNOTLATINO,UNA,UNAFFILIATED,29.0,2212003.0,Age2640,AA129602
,A,ACTIVE,BATTENRICKEY,RICKEYBATTEN,4526SALEMCHURCHRD,WHITE,UN,UNDESIGNATED,REP,REPUBLICAN,54.0,7302004.0,Age4165,AA137505
,A,ACTIVE,BATTENSADIEGREENE,SADIEGREENEBATTEN,6412SPREACHERROBERSONRD,WHITE,NL,NOTHISPANICorNOTLATINO,REP,REPUBLICAN,72.0,1081980.0,AgeOver66,
,A,ACTIVE,BATTENSTUARTWENHUEY,STUARTWENHUEYBATTEN,725EHAGGARDAVE10,WHITE,NL,NOTHISPANICorNOTLATINO,REP,REPUBLICAN,23.0,2242010.0,,AA165735
,A,ACTIVE,BATTERSBYJACOBWELLS,JACOBWELLSBATTERSBY,700EHAGGARDAVE101E,UNDESIGNATED,UN,UNDESIGNATED,UNA,UNAFFILIATED,18.0,10032012.0,,AA175932
,A,ACTIVE,BATTEYALEXACATHERINE,ALEXACATHERINEBATTEY,605DANIELEYWAY,WHITE,NL,NOTHISPANICorNOTLATINO,UNA,UNAFFILIATED,25.0,8162010.0,,AA166552
,I,INACTIVE,BATTISTINITINAJEAN,TINAJEANBATTISTINI,3551FORESTDALEDRDK,WHITE,NL,NOTHISPANICorNOTLATINO,DEM,,39.0,9082006.0,Age2640,AA147443
,A,ACTIVE,BATTISTONMARGARETJOHNSON,,3128SUTTONPL,WHITE,NL,NOTHISPANICorNOTLATINO,REP,REPUBLICAN,28.0,3122002.0,Age2640,AA125926
,A,ACTIVE,BATTJESJERRYLEE,JERRYLEEBATTJES,5636THOMRD,WHITE,NL,NOTHISPANICorNOTLATINO,UNA,UNAFFILIATED,59.0,8311995.0,Age4165,AA95403
,A,ACTIVE,BATTJESLINDAMARIE,LINDAMARIEBATTJES,5636THOMRD,WHITE,NL,NOTHISPANICorNOTLATINO,REP,REPUBLICAN,54.0,8311995.0,Age4165,AA95402
,A,ACTIVE,BATTLEALEXANDRIABLACKWELL,ALEXANDRIABLACKWELLBATTLE,2738EDGEWOODAVE,BLACKorAFRICANAMERICAN,NL,NOTHISPANICorNOTLATINO,DEM,,30.0,1182012.0,Age2640,AT17299
,A,ACTIVE,BATTLEBERYLCONSTANCE,BERYLCONSTANCEBATTLE,613WOODHAVENDR,BLACKorAFRICANAMERICAN,UN,UNDESIGNATED,DEM,,44.0,4112008.0,Age4165,BY12329
,A,ACTIVE,BATTLECATINAVANESSA,CATINAVANESSABATTLE,510TRAILONEF206,BLACKorAFRICANAMERICAN,NL,NOTHISPANICorNOTLATINO,DEM,,41.0,1242012.0,Age4165,AA170134
,I,INACTIVE,BATTLEDAVIDJ,DAVIDJBATTLE,631FERNWAYDR,WHITE,NL,NOTHISPANICorNOTLATINO,UNA,UNAFFILIATED,36.0,7201999.0,Age2640,AA114889
,A,ACTIVE,BATTLEDOMINIC,DOMINICBATTLE,510TRAILONEF206,BLACKorAFRICANAMERICAN,NL,NOTHISPANICorNOTLATINO,DEM,,19.0,,,AA177083
,A,ACTIVE,BATTLEERIKDONNELL,ERIKDONNELLBATTLE,2738EDGEWOODAVE,BLACKorAFRICANAMERICAN,NL,NOTHISPANICorNOTLATINO,DEM,,31.0,,Age2640,AT20703
,I,INACTIVE,BATTLEKIMBERLYMAYO,KIMBERLYMAYOBATTLE,631FERNWAYDR,WHITE,NL,NOTHISPANICorNOTLATINO,UNA,UNAFFILIATED,36.0,7201999.0,Age2640,AA114890
,A,ACTIVE,BATTLELILLIEREAVES,LILLIEREAVESBATTLE,401LINCOLNST,BLACKorAFRICANAMERICAN,NL,NOTHISPANICorNOTLATINO,DEM,,79.0,1291984.0,AgeOver66,
,R,REMOVED,BATTLETIFFANYSHERRELLE,TIFFANYSHERRELLEBATTLE,,BLACKorAFRICANAMERICAN,NL,NOTHISPANICorNOTLATINO,DEM,,41.0,5302002.0,Age4165,AA126495
,I,INACTIVE,BATTLEYLOISMATTHEWS,,809EDAVISST,WHITE,NL,NOTHISPANICorNOTLATINO,DEM,,61.0,5151972.0,Age4165,
,A,ACTIVE,BATTONAPRILMELISSA,APRILMELISSABATTON,,WHITE,UN,UNDESIGNATED,DEM,,35.0,2222008.0,Age2640,AA152413
,A,ACTIVE,BATTONHORACEKENT,HORACEKENTBATTON,925HANFORDRD,WHITE,UN,UNDESIGNATED,DEM,,69.0,8272012.0,AgeOver66,AN32974
,A,ACTIVE,BATTONKENDRAANN,KENDRAANNBATTON,925HANFORDRD,WHITE,NL,NOTHISPANICorNOTLATINO,DEM,,,8212012.0,Age4165,AN33449
,A,ACTIVE,BATTONPATRICIAWATSON,PATRICIAWATSONBATTON,925HANFORDRD,WHITE,UN,UNDESIGNATED,DEM,,79.0,8272012.0,AgeOver66,AN32973
,A,ACTIVE,BATTSCRAIGBRITTON,CRAIGBRITTONBATTS,7483SNCHWY49,WHITE,NL,NOTHISPANICorNOTLATINO,DEM,,,3081992.0,Age4165,AA79954
,A,ACTIVE,BATTSHAYDENLEWIS,HAYDENLEWISBATTS,,WHITE,NL,NOTHISPANICorNOTLATINO,DEM,,19.0,9282012.0,,AA175325
,A,ACTIVE,BATTSJEFFERSOND,JEFFERSONDBATTS,2400YORKRD,WHITE,NL,NOTHISPANICorNOTLATINO,UNA,UNAFFILIATED,54.0,2071995.0,Age4165,AA92618
,A,ACTIVE,BATTSLINDAMARIE,LINDAMARIEBATTS,801WDAVISST,WHITE,NL,NOTHISPANICorNOTLATINO,DEM,,57.0,7141995.0,Age4165,AA94740
,A,ACTIVE,BATTSREBECCASTAR,REBECCASTARBATTS,7483SNCHWY49,WHITE,NL,NOTHISPANICorNOTLATINO,UNA,UNAFFILIATED,,11102008.0,Age4165,BY510384
,A,ACTIVE,BATTSSUSANSMITH,SUSANSMITHBATTS,,WHITE,NL,NOTHISPANICorNOTLATINO,,,,8081983.0,Age4165,
,A,ACTIVE,BATUPEJASMINEMBITCHA,JASMINEMBITCHABATUPE,2008SMEBANEST2014D,BLACKorAFRICANAMERICAN,UN,UNDESIGNATED,UNA,UNAFFILIATED,25.0,12192011.0,,AA169938
,A,ACTIVE,BAUCOMJAMESCARLTON,JAMESCARLTONBAUCOM,317TRAILONE,WHITE,NL,NOTHISPANICorNOTLATINO,UNA,UNAFFILIATED,62.0,7051991.0,Age4165,AA77763
,A,ACTIVE,BAUCOMJUANITABURR,JUANITABURRBAUCOM,1709PINECRESTST,WHITE,NL,NOTHISPANICorNOTLATINO,,,82.0,5141960.0,AgeOver66,
,A,ACTIVE,BAUCOMNICOLEEVANS,NICOLEEVANSBAUCOM,,WHITE,UN,UNDESIGNATED,,,28.0,,Age2640,DE240436
,A,ACTIVE,BAUCOMPATRICIASMITH,PATRICIASMITHBAUCOM,317TRAILONE,WHITE,NL,NOTHISPANICorNOTLATINO,REP,REPUBLICAN,55.0,7091986.0,Age4165,AA60151
,R,REMOVED,BAUCOMPAULALLEN,PAULALLENBAUCOM,1709PINECRESTST,WHITE,NL,NOTHISPANICorNOTLATINO,,,86.0,5141960.0,AgeOver66,
,A,ACTIVE,BAUCOMWENDYYATES,WENDYYATESBAUCOM,847BOONERD,WHITE,NL,NOTHISPANICorNOTLATINO,REP,REPUBLICAN,32.0,6092012.0,Age2640,EF78055
,A,ACTIVE,BAUDERLOISC,,122MARKHAMST,WHITE,UN,UNDESIGNATED,UNA,UNAFFILIATED,66.0,5091983.0,AgeOver66,AA16161
,A,ACTIVE,BAUERBEATRICESUSAN,BEATRICESUSANBAUER,3110OLDCRAIGCT,WHITE,NL,NOTHISPANICorNOTLATINO,,,65.0,4222004.0,Age4165,AA133909
,R,REMOVED,BAUERBRANDYALIVIA,BRANDYALIVIABAUER,,WHITE,UN,UNDESIGNATED,REP,REPUBLICAN,33.0,5041999.0,Age2640,AA114195
,A,ACTIVE,BAUERLAURAKATHRYN,LAURAKATHRYNBAUER,709VANDERFORDST,WHITE,NL,NOTHISPANICorNOTLATINO,,,66.0,12011999.0,AgeOver66,AA116249
,A,ACTIVE,BAUERLOUISEDWIN,,3110OLDCRAIGCT,WHITE,NL,NOTHISPANICorNOTLATINO,,,71.0,4222004.0,AgeOver66,AA133910
,A,ACTIVE,BAUERBANDJULIEDIANE,JULIEDIANEBAUERBAND,2305QUAKERCREEKDR,WHITE,NL,NOTHISPANICorNOTLATINO,UNA,UNAFFILIATED,51.0,9292010.0,Age4165,AA166930
,A,ACTIVE,BAUERSCHMIDTTIMOTHYMARK,TIMOTHYMARKBAUERSCHMIDT,5776RUMLEYRD,WHITE,NL,NOTHISPANICorNOTLATINO,UNA,UNAFFILIATED,55.0,6011998.0,Age4165,AA110415
,A,ACTIVE,BAUGESSBETSYEDMONDS,BETSYEDMONDSBAUGESS,412GLENWOODAVE,WHITE,NL,NOTHISPANICorNOTLATINO,REP,REPUBLICAN,62.0,9221988.0,Age4165,AA66175
,A,ACTIVE,BAUGESSBOYDDALE,BOYDDALEBAUGESS,412GLENWOODAVE,WHITE,NL,NOTHISPANICorNOTLATINO,,,62.0,9101990.0,Age4165,AA73197
,A,ACTIVE,BAUGESSCAROLINEEDMONDS,CAROLINEEDMONDSBAUGESS,506ATWATERST,WHITE,NL,NOTHISPANICorNOTLATINO,UNA,UNAFFILIATED,31.0,7312000.0,Age2640,AA118792
,A,ACTIVE,BAUGHDANNYHUBERT,DANNYHUBERTBAUGH,1741LOWERHOPEDALERD,WHITE,NL,NOTHISPANICorNOTLATINO,,,,5291991.0,Age4165,AA77484
,A,ACTIVE,BAUGHMONICABAKER,MONICABAKERBAUGH,1741LOWERHOPEDALERD,WHITE,NL,NOTHISPANICorNOTLATINO,,,50.0,11211990.0,Age4165,AA76139
,A,ACTIVE,BAUGHANCAROLYNMCKINNEY,CAROLYNMCKINNEYBAUGHAN,40WESTFIELDCT,WHITE,NL,NOTHISPANICorNOTLATINO,REP,REPUBLICAN,63.0,4071989.0,Age4165,AA69024
,A,ACTIVE,BAUGHANJAMESRONALD,JAMESRONALDBAUGHAN,40WESTFIELDCT,WHITE,NL,NOTHISPANICorNOTLATINO,REP,REPUBLICAN,66.0,5151990.0,AgeOver66,AA71505
,A,ACTIVE,BAUGHANJAMIERENE,JAMIERENEBAUGHAN,40WESTFIELDCT,WHITE,NL,NOTHISPANICorNOTLATINO,REP,REPUBLICAN,35.0,4301996.0,Age2640,AA99264
,A,ACTIVE,BAUGHMANCHERIEELLEN,CHERIEELLENBAUGHMAN,3146RACCOONRUNDR,WHITE,NL,NOTHISPANICorNOTLATINO,REP,REPUBLICAN,57.0,4182005.0,Age4165,AA143471
,A,ACTIVE,BAUGHMANDAWNLYNN,DAWNLYNNBAUGHMAN,1711HANFORDHILLSRD,WHITE,NL,NOTHISPANICorNOTLATINO,REP,REPUBLICAN,55.0,10041990.0,Age4165,AA74247
,A,ACTIVE,BAUGHMANDWIGHTJOE,DWIGHTJOEBAUGHMAN,206VILLAGECT,WHITE,NL,NOTHISPANICorNOTLATINO,UNA,UNAFFILIATED,79.0,6122008.0,AgeOver66,AA154936
,A,ACTIVE,BAUGHMANGINGERMARIE,GINGERMARIEBAUGHMAN,4563FREEDOMDR,WHITE,NL,NOTHISPANICorNOTLATINO,UNA,UNAFFILIATED,42.0,2052008.0,Age4165,AA152026
,A,ACTIVE,BAUGHMANJAMESDWIGHT,JAMESDWIGHTBAUGHMAN,3146RACCOONRUNDR,WHITE,NL,NOTHISPANICorNOTLATINO,UNA,UNAFFILIATED,58.0,9152004.0,Age4165,AA138173
,A,ACTIVE,BAUGHMANJANISREALMUTO,JANISREALMUTOBAUGHMAN,2458GREENVIEWDR,WHITE,NL,NOTHISPANICorNOTLATINO,UNA,UNAFFILIATED,34.0,7082005.0,Age2640,AA144010
,A,ACTIVE,BAUGHMANJOYCE,JOYCEBAUGHMAN,206VILLAGECT,WHITE,NL,NOTHISPANICorNOTLATINO,,,79.0,6122008.0,AgeOver66,AA155135
,A,ACTIVE,BAUGHMANKELSEYMARIE,KELSEYMARIEBAUGHMAN,4563FREEDOMDR,WHITE,NL,NOTHISPANICorNOTLATINO,LIB,LIBERTARIAN,22.0,3262008.0,,AA153123
,A,ACTIVE,BAUGHMANRANDYEARL,RANDYEARLBAUGHMAN,4563FREEDOMDR,WHITE,NL,NOTHISPANICorNOTLATINO,REP,REPUBLICAN,51.0,12272007.0,Age4165,AA151693
,A,ACTIVE,BAUGHMANSTEVENDAVID,STEVENDAVIDBAUGHMAN,2458GREENVIEWDR,WHITE,NL,NOTHISPANICorNOTLATINO,REP,REPUBLICAN,32.0,10072008.0,Age2640,BY469476
,A,ACTIVE,BAUGHMANZACHARYNATHANAEL,ZACHARYNATHANAELBAUGHMAN,4563FREEDOMDR,WHITE,NL,NOTHISPANICorNOTLATINO,UNA,UNAFFILIATED,19.0,10032011.0,,AA169413
,A,ACTIVE,BAUGHNBETTYCOBB,BETTYCOBBBAUGHN,1411ELMST,WHITE,NL,NOTHISPANICorNOTLATINO,,,77.0,6181993.0,AgeOver66,AA87326
,A,ACTIVE,BAUGHNCAROLLONG,CAROLLONGBAUGHN,2016MALONERD,WHITE,NL,NOTHISPANICorNOTLATINO,UNA,UNAFFILIATED,54.0,7111990.0,Age4165,AA72252
,A,ACTIVE,BAUGHNDONALDMICHAEL,DONALDMICHAELBAUGHN,2016MALONERD,WHITE,NL,NOTHISPANICorNOTLATINO,UNA,UNAFFILIATED,58.0,10021991.0,Age4165,AA78652
,A,ACTIVE,BAUGHNJAMESWILLIAM,JAMESWILLIAMBAUGHN,,WHITE,NL,NOTHISPANICorNOTLATINO,REP,REPUBLICAN,23.0,6052007.0,,AA149760
,A,ACTIVE,BAUGHNJAMESDUKE,JAMESDUKEBAUGHN,1453MORNINGSIDEDR,WHITE,NL,NOTHISPANICorNOTLATINO,REP,REPUBLICAN,70.0,5032005.0,AgeOver66,AA143538
,A,ACTIVE,BAUGHNJERRYWADE,JERRYWADEBAUGHN,,WHITE,NL,NOTHISPANICorNOTLATINO,REP,REPUBLICAN,,,Age4165,AA122017
,A,ACTIVE,BAUGHNLARRY(NMN),LARRY(NMN)BAUGHN,621ELIZABETHAVE,WHITE,NL,NOTHISPANICorNOTLATINO,REP,REPUBLICAN,63.0,12161991.0,Age4165,AA79147
,A,ACTIVE,BAUGHNLYDIAAMANDA,,7103TIMBERCREEKTRL,WHITE,NL,NOTHISPANICorNOTLATINO,REP,REPUBLICAN,27.0,1232008.0,Age2640,AA151938
,A,ACTIVE,BAUGHNMARIMICHEALE,,,WHITE,NL,NOTHISPANICorNOTLATINO,UNA,UNAFFILIATED,25.0,2022006.0,,AA145792
,A,ACTIVE,BAUGHNREBABOOHER,REBABOOHERBAUGHN,621ELIZABETHAVE,WHITE,NL,NOTHISPANICorNOTLATINO,REP,REPUBLICAN,58.0,6281995.0,Age4165,AA94490
,A,ACTIVE,BAUGHNSHANNONRENEE,SHANNONRENEEBAUGHN,2016MALONERD,WHITE,UN,UNDESIGNATED,UNA,UNAFFILIATED,29.0,,Age2640,AA140769
,A,ACTIVE,BAUGHNSTEVEN,STEVENBAUGHN,1411ELMST,UNDESIGNATED,UN,UNDESIGNATED,UNA,UNAFFILIATED,54.0,,Age4165,AA176768
,A,ACTIVE,BAUGHNSUSANVESTAL,SUSANVESTALBAUGHN,1453MORNINGSIDEDR,WHITE,NL,NOTHISPANICorNOTLATINO,REP,REPUBLICAN,59.0,5032005.0,Age4165,AA143539
,A,ACTIVE,BAUGHNTOBIE,TOBIEBAUGHN,1411ELMST,WHITE,NL,NOTHISPANICorNOTLATINO,DEM,,78.0,8311987.0,AgeOver66,AA61906
,A,ACTIVE,BAUGUESSMELISACROWDER,,504MACLEANDR,WHITE,NL,NOTHISPANICorNOTLATINO,REP,REPUBLICAN,,8101998.0,Age4165,AA111102
,A,ACTIVE,BAUGUESSTIMOTHYWILLIAM,TIMOTHYWILLIAMBAUGUESS,504MACLEANDR,WHITE,NL,NOTHISPANICorNOTLATINO,REP,REPUBLICAN,,7141998.0,Age4165,AA110606
,A,ACTIVE,BAUGUSLINDAMADDOX,LINDAMADDOXBAUGUS,,WHITE,NL,NOTHISPANICorNOTLATINO,DEM,,64.0,10031970.0,Age4165,
,A,ACTIVE,BAUGUSRONALDGENE,RONALDGENEBAUGUS,,WHITE,NL,NOTHISPANICorNOTLATINO,DEM,,65.0,10261968.0,Age4165,
,A,ACTIVE,BAULDINGBARBARAANN,BARBARAANNBAULDING,3055BEAVERHILLSDR,WHITE,NL,NOTHISPANICorNOTLATINO,DEM,,68.0,5141966.0,AgeOver66,
,A,ACTIVE,BAULDINGCHRISTIEBARKER,CHRISTIEBARKERBAULDING,3103LUCASST,WHITE,NL,NOTHISPANICorNOTLATINO,REP,REPUBLICAN,,7251990.0,Age4165,AA72557
,A,ACTIVE,BAULDINGDAVIDFREEMAN,DAVIDFREEMANBAULDING,3055BEAVERHILLSDR,WHITE,NL,NOTHISPANICorNOTLATINO,DEM,,69.0,5141966.0,AgeOver66,
,A,ACTIVE,BAULDINGELMERFREEMANJR,ELMERFREEMANBAULDINGJR,423TATEST,WHITE,NL,NOTHISPANICorNOTLATINO,DEM,,55.0,8261975.0,Age4165,
,A,ACTIVE,BAULDINGEUNICEINGLE,EUNICEINGLEBAULDING,423TATEST,WHITE,NL,NOTHISPANICorNOTLATINO,DEM,,92.0,10231954.0,AgeOver66,
,R,REMOVED,BAULDINGJOHNFURLOUGH,JOHNFURLOUGHBAULDING,829TILLMANST,WHITE,NL,NOTHISPANICorNOTLATINO,DEM,,90.0,9161944.0,AgeOver66,
,A,ACTIVE,BAULDINGJOSHUATHOMAS,JOSHUATHOMASBAULDING,440NNCHWY87,WHITE,NL,NOTHISPANICorNOTLATINO,UNA,UNAFFILIATED,22.0,5062011.0,,AA168504
,A,ACTIVE,BAULDINGTHEOGARNER,THEOGARNERBAULDING,829TILLMANST,WHITE,NL,NOTHISPANICorNOTLATINO,DEM,,89.0,,AgeOver66,
,R,REMOVED,BAULDINGTHEODOSIACAMPBELL,THEODOSIACAMPBELLBAULDING,124TARPLEYST318,WHITE,NL,NOTHISPANICorNOTLATINO,DEM,,88.0,,AgeOver66,
,A,ACTIVE,BAUMERINFABRIZIO,ERINFABRIZIOBAUM,412COLLINGTONDR,WHITE,NL,NOTHISPANICorNOTLATINO,DEM,,34.0,9252008.0,Age2640,CW622826
,A,ACTIVE,BAUMSARAHTHOMPSON,SARAHTHOMPSONBAUM,700EHAGGARDAVE,UNDESIGNATED,UN,UNDESIGNATED,UNA,UNAFFILIATED,18.0,,,AA177323
,A,ACTIVE,BAUMSTEPHENROBERT,STEPHENROBERTBAUM,412COLLINGTONDR,WHITE,NL,NOTHISPANICorNOTLATINO,DEM,,31.0,9252008.0,Age2640,CW456354
,A,ACTIVE,BAUMANNATHANIELMARIN,NATHANIELMARINBAUMAN,100PHOENIXDR101B,WHITE,NL,NOTHISPANICorNOTLATINO,UNA,UNAFFILIATED,19.0,10022012.0,,AA176436
,A,ACTIVE,BAUMANNJESSICAROBIN,JESSICAROBINBAUMANN,1406EDOGWOODDR,WHITE,NL,NOTHISPANICorNOTLATINO,UNA,UNAFFILIATED,33.0,11202007.0,Age2640,EH658609
,A,ACTIVE,BAUMANNJONJASONSTEVEN,JONJASONSTEVENBAUMANN,1406EDOGWOODDR,WHITE,NL,NOTHISPANICorNOTLATINO,UNA,UNAFFILIATED,33.0,11202007.0,Age2640,EH661628
,A,ACTIVE,BAUMBARGERBETTYSCHWARTZ,BETTYSCHWARTZBAUMBARGER,6556STONEYMOUNTAINRD,WHITE,NL,NOTHISPANICorNOTLATINO,REP,REPUBLICAN,65.0,3281988.0,Age4165,AA64620
,A,ACTIVE,BAUMBARGERDENTONOBER,DENTONOBERBAUMBARGER,6556STONEYMOUNTAINRD,WHITE,NL,NOTHISPANICorNOTLATINO,UNA,UNAFFILIATED,66.0,,AgeOver66,AA68033
,A,ACTIVE,BAUMBARGERJANISLIN,JANISLINBAUMBARGER,3430OSCEOLARD,WHITE,NL,NOTHISPANICorNOTLATINO,UNA,UNAFFILIATED,36.0,1221996.0,Age2640,AA97199
,R,REMOVED,BAUMGARNERGLENDASQUIRES,GLENDASQUIRESBAUMGARNER,703WDAVISST,WHITE,NL,NOTHISPANICorNOTLATINO,REP,REPUBLICAN,72.0,10241964.0,AgeOver66,
,R,REMOVED,BAUMGARNERJERRYEDWARD,JERRYEDWARDBAUMGARNER,703WDAVISST,WHITE,NL,NOTHISPANICorNOTLATINO,REP,REPUBLICAN,77.0,10241964.0,AgeOver66,
,A,ACTIVE,BAUMGARTNERRONALDEUGENEIII,RONALDEUGENEBAUMGARTNERIII,201EDOGWOODDR,WHITE,NL,NOTHISPANICorNOTLATINO,DEM,,20.0,,,AA167496
,A,ACTIVE,BAUMGARTNERRONALDEUGENEJR,RONALDEUGENEBAUMGARTNERJR,201EDOGWOODDR,WHITE,NL,NOTHISPANICorNOTLATINO,DEM,,,10272008.0,Age4165,AA161871
,A,ACTIVE,BAUTISTAGIOVANNI,GIOVANNIBAUTISTA,327TRAVORAST,UNDESIGNATED,UN,UNDESIGNATED,UNA,UNAFFILIATED,18.0,9142012.0,,AA174823
,A,ACTIVE,BAUTISTAMISAEL,MISAELBAUTISTA,1507APPLESTEXT27,UNDESIGNATED,UN,UNDESIGNATED,DEM,,18.0,3122012.0,,AA170883
,A,ACTIVE,BAUTISTAROGELIO,ROGELIOBAUTISTA,7150RAYMONRD,UNDESIGNATED,HL,HISPANICorLATINO,DEM,,42.0,,Age4165,AA158905
,A,ACTIVE,BAUTISTATANYABEAVER,TANYABEAVERBAUTISTA,751KERNODLELN40,UNDESIGNATED,UN,UNDESIGNATED,UNA,UNAFFILIATED,31.0,6122012.0,Age2640,AA172813
,A,ACTIVE,BAXLEYMARSHALL,,1348LONGDAIRYCT,WHITE,NL,NOTHISPANICorNOTLATINO,UNA,UNAFFILIATED,,3041996.0,Age4165,AA97919
,A,ACTIVE,BAXLEYSONYAR,SONYARBAXLEY,506EPARKERST303,BLACKorAFRICANAMERICAN,UN,UNDESIGNATED,UNA,UNAFFILIATED,40.0,2262007.0,Age2640,AA148978
,A,ACTIVE,BAXTERANNARHODES,ANNARHODESBAXTER,4210STONECRESTDRB2,WHITE,NL,NOTHISPANICorNOTLATINO,UNA,UNAFFILIATED,24.0,1192012.0,,DS96527
,A,ACTIVE,BAXTERBILLYFLOYDJR,BILLYFLOYDBAXTERJR,652WILLIEPACERD,WHITE,NL,NOTHISPANICorNOTLATINO,REP,REPUBLICAN,51.0,10042004.0,Age4165,AA139128
,A,ACTIVE,BAXTERDENISE,DENISEBAXTER,506EPARKERST404,BLACKorAFRICANAMERICAN,UN,UNDESIGNATED,,DEMOCRATIC,57.0,4072008.0,Age4165,AA153756
,R,REMOVED,BAXTERGERALDLEMUEL,GERALDLEMUELBAXTER,1871USHWY7010,WHITE,NL,NOTHISPANICorNOTLATINO,REP,REPUBLICAN,74.0,8272001.0,AgeOver66,AA124334
,A,ACTIVE,BAXTERJODIJOHNSON,JODIJOHNSONBAXTER,5408KIMESVILLERD,WHITE,NL,NOTHISPANICorNOTLATINO,REP,REPUBLICAN,54.0,9031987.0,Age4165,AA62049
,A,ACTIVE,BAXTERJOHNCLIFTON,JOHNCLIFTONBAXTER,313WESTRIDGEDR,WHITE,NL,NOTHISPANICorNOTLATINO,,DEMOCRATIC,57.0,2281984.0,Age4165,
,A,ACTIVE,BAXTERKATHERINEDANIEL,KATHERINEDANIELBAXTER,313WESTRIDGEDR,WHITE,NL,NOTHISPANICorNOTLATINO,,,58.0,10021984.0,Age4165,
,A,ACTIVE,BAXTERLENISEGRABER,LENISEGRABERBAXTER,407NFOURTHST,WHITE,NL,NOTHISPANICorNOTLATINO,REP,REPUBLICAN,39.0,11072000.0,Age2640,AA121903
,A,ACTIVE,BAXTERLYNNFREDERICK,,5408KIMESVILLERD,WHITE,NL,NOTHISPANICorNOTLATINO,UNA,UNAFFILIATED,51.0,4162001.0,Age4165,AA123333
,A,ACTIVE,BAXTERPAULDAVID,PAULDAVIDBAXTER,407NFOURTHST,WHITE,NL,NOTHISPANICorNOTLATINO,REP,REPUBLICAN,43.0,10032000.0,Age4165,AA120555
,A,ACTIVE,BAXTERREBEKAHLAMPE,REBEKAHLAMPEBAXTER,652WILLIEPACERD,TWOorMORERACES,NL,NOTHISPANICorNOTLATINO,UNA,UNAFFILIATED,40.0,10042004.0,Age2640,AA139129
,A,ACTIVE,BAXTERROBERTANDREW,ROBERTANDREWBAXTER,3949CUNIONRIDGERD,WHITE,UN,UNDESIGNATED,,,43.0,11022004.0,Age4165,AA141491
,R,REMOVED,BAXTERROBERTCLIFTONJR,ROBERTCLIFTONBAXTERJR,3949CUNIONRIDGERD,WHITE,NL,NOTHISPANICorNOTLATINO,,,82.0,5091964.0,AgeOver66,
,A,ACTIVE,BAXTERSHIRLIEWILLIAMSON,SHIRLIEWILLIAMSONBAXTER,307SUNSETDR,WHITE,NL,NOTHISPANICorNOTLATINO,,DEMOCRATIC,78.0,5161964.0,AgeOver66,
,A,ACTIVE,BAXTERTAMMYLYNN,TAMMYLYNNBAXTER,546CIRCLEDR1,WHITE,NL,NOTHISPANICorNOTLATINO,UNA,UNAFFILIATED,27.0,4152009.0,Age2640,AA136140
,A,ACTIVE,BAYBICKARIJUDAH,ARIJUDAHBAYBICK,709EHAGGARDAVEH,WHITE,NL,NOTHISPANICorNOTLATINO,REP,REPUBLICAN,26.0,10312008.0,Age2640,AA162264
,A,ACTIVE,BAYERMEREDITHMARGARET,,614EHAGGARDAVEC,WHITE,NL,NOTHISPANICorNOTLATINO,,DEMOCRATIC,19.0,,,AA176866
,A,ACTIVE,BAYLESSKATHERINEVINCENT,KATHERINEVINCENTBAYLESS,371BOUNDARYST,WHITE,NL,NOTHISPANICorNOTLATINO,,DEMOCRATIC,66.0,5261992.0,AgeOver66,AA81402
,A,ACTIVE,BAYLIFFFAYEHURDLE,FAYEHURDLEBAYLIFF,,WHITE,NL,NOTHISPANICorNOTLATINO,,DEMOCRATIC,67.0,4131968.0,AgeOver66,
,A,ACTIVE,BAYLIFFHENRYLEFOY,HENRYLEFOYBAYLIFF,758MARTINAVE,WHITE,NL,NOTHISPANICorNOTLATINO,REP,REPUBLICAN,70.0,,AgeOver66,AA103447
,A,ACTIVE,BAYLIFFJAMESDOUGLAS,JAMESDOUGLASBAYLIFF,508WEAVERWAY,WHITE,NL,NOTHISPANICorNOTLATINO,UNA,UNAFFILIATED,75.0,,AgeOver66,AA88240
,R,REMOVED,BAYLIFFJAMESMICHAEL,JAMESMICHAELBAYLIFF,304MILLST,WHITE,NL,NOTHISPANICorNOTLATINO,REP,REPUBLICAN,,2212008.0,Age4165,AL160056
,A,ACTIVE,BAYLIFFJERRYGREEN,JERRYGREENBAYLIFF,,WHITE,NL,NOTHISPANICorNOTLATINO,,DEMOCRATIC,68.0,4131968.0,AgeOver66,
,R,REMOVED,BAYLIFFMARGARETGANT,,216BANKSSTT,WHITE,NL,NOTHISPANICorNOTLATINO,,DEMOCRATIC,95.0,6202002.0,AgeOver66,AA126651
,A,ACTIVE,BAYLIFFMARKDOUGLAS,,304MILLST,WHITE,NL,NOTHISPANICorNOTLATINO,UNA,UNAFFILIATED,43.0,6142011.0,Age4165,AA168728
,R,REMOVED,BAYLIFFMILFORDLEE,,1753ALTAMAHAWUNIONRIDGERD,WHITE,UN,UNDESIGNATED,,DEMOCRATIC,74.0,,AgeOver66,
,I,INACTIVE,BAYLIFFROSEWINDLEY,ROSEWINDLEYBAYLIFF,412MILLST,WHITE,NL,NOTHISPANICorNOTLATINO,,DEMOCRATIC,83.0,1051979.0,AgeOver66,
,A,ACTIVE,BAYLIFFTILLMANLORRAINE,TILLMANLORRAINEBAYLIFF,525GRAHAMDR,WHITE,NL,NOTHISPANICorNOTLATINO,UNA,UNAFFILIATED,22.0,,,DZ59300
,A,ACTIVE,BAYLIFFWANDABRADSHAW,WANDABRADSHAWBAYLIFF,1753ALTAMAHAWUNIONRIDGERD,WHITE,NL,NOTHISPANICorNOTLATINO,UNA,UNAFFILIATED,71.0,8011995.0,AgeOver66,AA94886
,A,ACTIVE,BAYNARDJOSEPHSCOTTJR,JOSEPHSCOTTBAYNARDJR,1340WDAVISST,WHITE,NL,NOTHISPANICorNOTLATINO,REP,REPUBLICAN,80.0,11022010.0,AgeOver66,DN28995
,A,ACTIVE,BAYNARDBROTHERTONFRANCESDEBORA,FRANCESDEBORABAYNARDBROTHERTON,1340WDAVISST,WHITE,UN,UNDESIGNATED,REP,REPUBLICAN,54.0,8311987.0,Age4165,AA61907
,A,ACTIVE,BAYNEMICHAELLYNDONII,,,WHITE,NL,NOTHISPANICorNOTLATINO,REP,REPUBLICAN,20.0,11302009.0,,AA165052
,A,ACTIVE,BAYNESANNETTEGRAY,ANNETTEGRAYBAYNES,371JUDGESHARPERD,BLACKorAFRICANAMERICAN,UN,UNDESIGNATED,,DEMOCRATIC,53.0,12042000.0,Age4165,AA122018
,A,ACTIVE,BAYNESDOROTHYGRAVES,DOROTHYGRAVESBAYNES,633HOLLYST,BLACKorAFRICANAMERICAN,NL,NOTHISPANICorNOTLATINO,,DEMOCRATIC,76.0,10241964.0,AgeOver66,
,A,ACTIVE,BAYNESERVIN(NMN),ERVIN(NMN)BAYNES,2459WILLIEPACERD,BLACKorAFRICANAMERICAN,NL,NOTHISPANICorNOTLATINO,,DEMOCRATIC,91.0,10261968.0,AgeOver66,
,A,ACTIVE,BAYNESIDEALIAVANHOOK,IDEALIAVANHOOKBAYNES,2459WILLIEPACERD,BLACKorAFRICANAMERICAN,NL,NOTHISPANICorNOTLATINO,,,88.0,10261968.0,AgeOver66,
,A,ACTIVE,BAYNESJAMELL,JAMELLBAYNES,706HUFFMANMILLRDH4,BLACKorAFRICANAMERICAN,UN,UNDESIGNATED,,,30.0,8012012.0,Age2640,AA173737
,A,ACTIVE,BAYNESJAMESLAMAR,JAMESLAMARBAYNES,706HUFFMANMILLRDH4,BLACKorAFRICANAMERICAN,NL,NOTHISPANICorNOTLATINO,,,30.0,,Age2640,DE225526
,R,REMOVED,BAYNESJAMESLAMAR,JAMESLAMARBAYNES,602TRACYDRE,BLACKorAFRICANAMERICAN,NL,NOTHISPANICorNOTLATINO,,,30.0,7272000.0,Age2640,AA118793
,A,ACTIVE,BAYNESJAMESLAMONT,JAMESLAMONTBAYNES,371JUDGESHARPERD,WHITE,NL,NOTHISPANICorNOTLATINO,,,54.0,5261998.0,Age4165,AA110417
,A,ACTIVE,BAYNESOPHELIAWILEY,OPHELIAWILEYBAYNES,1261NNCHWY49,BLACKorAFRICANAMERICAN,NL,NOTHISPANICorNOTLATINO,,,91.0,5121956.0,AgeOver66,
,A,ACTIVE,BAYNESSAMUELALLEN,SAMUELALLENBAYNES,633HOLLYST,BLACKorAFRICANAMERICAN,NL,NOTHISPANICorNOTLATINO,,,80.0,,AgeOver66,
,A,ACTIVE,BAYNESVICKIEBAKER,VICKIEBAKERBAYNES,1345SPRINGDALEDR,WHITE,NL,NOTHISPANICorNOTLATINO,REP,REPUBLICAN,58.0,9191980.0,Age4165,
,A,ACTIVE,BAYNESVIRGINIA,VIRGINIABAYNES,1616EWEBBAVE,BLACKorAFRICANAMERICAN,NL,NOTHISPANICorNOTLATINO,,,79.0,11032012.0,AgeOver66,AA178804
,A,ACTIVE,BAYRONJASON,JASONBAYRON,1924TRAILTWO5A,OTHER,HL,HISPANICorLATINO,UNA,UNAFFILIATED,31.0,7062006.0,Age2640,AA146952
,A,ACTIVE,BAYRONLATOSHAKIMBER,LATOSHAKIMBERBAYRON,136STONEHAMRD,BLACKorAFRICANAMERICAN,NL,NOTHISPANICorNOTLATINO,,,36.0,4172001.0,Age2640,AA123353
,A,ACTIVE,BAYRONMIGUELANGELII,,136STONEHAMRD,OTHER,HL,HISPANICorLATINO,,,34.0,8231999.0,Age2640,AA114892
,A,ACTIVE,BAYRONTAMEKIAANNETTE,TAMEKIAANNETTEBAYRON,608CENTERAVED,BLACKorAFRICANAMERICAN,UN,UNDESIGNATED,UNA,UNAFFILIATED,32.0,5062008.0,Age2640,AA154772
,A,ACTIVE,BAYSHEATHERANN,HEATHERANNBAYS,6250NPREACHERROBERSONRD,WHITE,NL,NOTHISPANICorNOTLATINO,REP,REPUBLICAN,25.0,8282008.0,,AA156531
,A,ACTIVE,BAYSJOANNLESTER,JOANNLESTERBAYS,6250NPREACHERROBERSONRD,WHITE,NL,NOTHISPANICorNOTLATINO,REP,REPUBLICAN,,8191994.0,Age4165,AA90783
,A,ACTIVE,BAYSKELLINICOLE,KELLINICOLEBAYS,1921FAIRWINDDR,UNDESIGNATED,NL,NOTHISPANICorNOTLATINO,REP,REPUBLICAN,21.0,12022009.0,,AA165108
,A,ACTIVE,BAYSLELANDFENTEN,LELANDFENTENBAYS,6250NPREACHERROBERSONRD,WHITE,NL,NOTHISPANICorNOTLATINO,REP,REPUBLICAN,,6121998.0,Age4165,AA110562
,A,ACTIVE,BAYSRYANMICHAEL,RYANMICHAELBAYS,611GREGSONCT,WHITE,NL,NOTHISPANICorNOTLATINO,UNA,UNAFFILIATED,34.0,6212001.0,Age2640,AA123714
,A,ACTIVE,BAYSSANDRADAVIS,SANDRADAVISBAYS,611GREGSONCT,WHITE,NL,NOTHISPANICorNOTLATINO,UNA,UNAFFILIATED,36.0,6051996.0,Age2640,AA99455
,A,ACTIVE,BAYSASTEVENALLENJR,STEVENALLENBAYSAJR,810PARKWOODST,TWOorMORERACES,NL,NOTHISPANICorNOTLATINO,UNA,UNAFFILIATED,37.0,8182004.0,Age2640,AA135893
,A,ACTIVE,BAYSATEVINWOODS,TEVINWOODSBAYSA,810PARKWOODST,WHITE,UN,UNDESIGNATED,,,19.0,10302012.0,,AA178566
,I,INACTIVE,BAYSDENGWENDOLYNGLOSSON,GWENDOLYNGLOSSONBAYSDEN,6771WHITNEYRD,WHITE,NL,NOTHISPANICorNOTLATINO,,,87.0,10081984.0,AgeOver66,
,A,ACTIVE,BAYSDENPAULANTHONYJR,PAULANTHONYBAYSDENJR,4146STONECRESTDRB1,WHITE,UN,UNDESIGNATED,UNA,UNAFFILIATED,25.0,11022012.0,,DS88344
,A,ACTIVE,BAYSDONLARRYWORTH,LARRYWORTHBAYSDON,3569HUBMILLRD,WHITE,NL,NOTHISPANICorNOTLATINO,UNA,UNAFFILIATED,71.0,10051996.0,AgeOver66,AA102849
,A,ACTIVE,BAYSDONLARRYJOSEPH,LARRYJOSEPHBAYSDON,3311BELLEMONTMTHERMONRD37,WHITE,NL,NOTHISPANICorNOTLATINO,REP,REPUBLICAN,41.0,6021995.0,Age4165,AA94272
,A,ACTIVE,BAYSDONSHERRYIRELAND,SHERRYIRELANDBAYSDON,1643PAYNERD,WHITE,NL,NOTHISPANICorNOTLATINO,REP,REPUBLICAN,40.0,5211999.0,Age2640,AA114357
,A,ACTIVE,BAYSINGERJACQUELYNDAWN,JACQUELYNDAWNBAYSINGER,714SYCAMORERD,WHITE,NL,NOTHISPANICorNOTLATINO,UNA,UNAFFILIATED,33.0,11032012.0,Age2640,EH742187
,A,ACTIVE,BAYYATCHARLESALEXANDER,CHARLESALEXANDERBAYYAT,7456ZACHARYLN,WHITE,NL,NOTHISPANICorNOTLATINO,,,18.0,4132012.0,,AA171440
,A,ACTIVE,BAZALDAVIDWILLIAM,DAVIDWILLIAMBAZAL,1824BASINCREEKRD,WHITE,NL,NOTHISPANICorNOTLATINO,REP,REPUBLICAN,63.0,,Age4165,AA61395
,I,INACTIVE,BAZANJOEANGEL,JOEANGELBAZAN,,OTHER,HL,HISPANICorLATINO,UNA,UNAFFILIATED,28.0,10242002.0,Age2640,AA128507
,A,ACTIVE,BAZANVANESSA,VANESSABAZAN,,OTHER,HL,HISPANICorLATINO,UNA,UNAFFILIATED,22.0,4112008.0,,AA153758
,R,REMOVED,BAZELOUISBERNARD,,2427MICHELLEDR,BLACKorAFRICANAMERICAN,NL,NOTHISPANICorNOTLATINO,UNA,UNAFFILIATED,71.0,10011988.0,AgeOver66,AA66893
,A,ACTIVE,BAZETIFFANYDENISE,TIFFANYDENISEBAZE,2427MICHELLEDR,BLACKorAFRICANAMERICAN,NL,NOTHISPANICorNOTLATINO,,,28.0,9102004.0,Age2640,AA138175
,A,ACTIVE,BAZETONIDENISE,TONIDENISEBAZE,2427MICHELLEDR,BLACKorAFRICANAMERICAN,NL,NOTHISPANICorNOTLATINO,,,58.0,9161991.0,Age4165,AA78445
,A,ACTIVE,BAZEMORECLEOEVANS,CLEOEVANSBAZEMORE,,BLACKorAFRICANAMERICAN,UN,UNDESIGNATED,,DEMOCRATIC,71.0,4192011.0,AgeOver66,BL311397
,A,ACTIVE,BAZEMOREJANEKIVETT,JANEKIVETTBAZEMORE,2214SOMERSAVE,WHITE,NL,NOTHISPANICorNOTLATINO,,DEMOCRATIC,70.0,4061968.0,AgeOver66,
,A,ACTIVE,BAZEMORETANESHANICOLE,TANESHANICOLEBAZEMORE,1720OLDSTMARK'SCHURCHRD31A,BLACKorAFRICANAMERICAN,UN,UNDESIGNATED,,DEMOCRATIC,28.0,10022009.0,Age2640,BY483581
,A,ACTIVE,BAZEMORETHOMASRUSSELLJR,THOMASRUSSELLBAZEMOREJR,2214SOMERSAVE,WHITE,NL,NOTHISPANICorNOTLATINO,,DEMOCRATIC,74.0,4061968.0,AgeOver66,
,I,INACTIVE,BAZEYJEANNEELIZABETH,JEANNEELIZABETHBAZEY,,WHITE,NL,NOTHISPANICorNOTLATINO,,DEMOCRATIC,51.0,,Age4165,AA161306
,A,ACTIVE,BAZURTOERIKA,ERIKABAZURTO,2008SMEBANEST2111A,UNDESIGNATED,HL,HISPANICorLATINO,REP,REPUBLICAN,23.0,,,AA177084
,A,ACTIVE,BEABERMARKALAN,,402WELMST,WHITE,NL,NOTHISPANICorNOTLATINO,UNA,UNAFFILIATED,57.0,9082010.0,Age4165,AA166756
,A,ACTIVE,BEABERVERONICAANITA,VERONICAANITABEABER,402WELMST,WHITE,UN,UNDESIGNATED,,DEMOCRATIC,59.0,1152008.0,Age4165,AA151817
,I,INACTIVE,BEACHDALELAWRENCE,DALELAWRENCEBEACH,304DOGGETTDR,WHITE,NL,NOTHISPANICorNOTLATINO,,DEMOCRATIC,43.0,,Age4165,AA131857
,I,INACTIVE,BEACHJENNIFERSTEPHENS,JENNIFERSTEPHENSBEACH,304DOGGETTDR,WHITE,UN,UNDESIGNATED,,DEMOCRATIC,37.0,7132004.0,Age2640,AA135747
,A,ACTIVE,BEACHKEVINEDWARD,KEVINEDWARDBEACH,451STATIONCIR,WHITE,NL,NOTHISPANICorNOTLATINO,,DEMOCRATIC,22.0,,,AA178093
,A,ACTIVE,BEACHRALPHEDWIN,RALPHEDWINBEACH,3551FORESTDALEDRAT,WHITE,UN,UNDESIGNATED,,DEMOCRATIC,66.0,8012012.0,AgeOver66,AA173738
,R,REMOVED,BEACHRICHARDLEE,RICHARDLEEBEACH,317ATWOODDR,WHITE,UN,UNDESIGNATED,REP,REPUBLICAN,54.0,9182008.0,Age4165,EP44603
,A,ACTIVE,BEACHUMESTHERBIVENS,ESTHERBIVENSBEACHUM,,WHITE,NL,NOTHISPANICorNOTLATINO,,DEMOCRATIC,91.0,9182008.0,AgeOver66,AA156796
,A,ACTIVE,BEADDLESDELLAJONES,DELLAJONESBEADDLES,506NCARRST,WHITE,NL,NOTHISPANICorNOTLATINO,REP,REPUBLICAN,68.0,10061973.0,AgeOver66,
,A,ACTIVE,BEADDLESDONALLEN,DONALLENBEADDLES,1712JONESDR,WHITE,NL,NOTHISPANICorNOTLATINO,REP,REPUBLICAN,,9101991.0,Age4165,AA78362
,A,ACTIVE,BEADDLESHANNAHPAIGE,HANNAHPAIGEBEADDLES,1712JONESDR,WHITE,NL,NOTHISPANICorNOTLATINO,REP,REPUBLICAN,18.0,3092012.0,,AA170673
,R,REMOVED,BEADDLESJACKCHALMER,JACKCHALMERBEADDLES,506NCARRST,WHITE,NL,NOTHISPANICorNOTLATINO,REP,REPUBLICAN,69.0,10061973.0,AgeOver66,
,A,ACTIVE,BEADDLESJOSHUAALLEN,JOSHUAALLENBEADDLES,1712JONESDR,WHITE,NL,NOTHISPANICorNOTLATINO,REP,REPUBLICAN,21.0,1262010.0,,AA165328
,R,REMOVED,BEADDLESMARKRANDELL,,,WHITE,NL,NOTHISPANICorNOTLATINO,,DEMOCRATIC,,5131988.0,Age4165,AA64970
,A,ACTIVE,BEADDLESSANDRASTANCELL,SANDRASTANCELLBEADDLES,1712JONESDR,WHITE,NL,NOTHISPANICorNOTLATINO,,DEMOCRATIC,,4091984.0,Age4165,
,A,ACTIVE,BEADDLESTONYAWHITT,TONYAWHITTBEADDLES,8718SYLVANRD,WHITE,NL,NOTHISPANICorNOTLATINO,UNA,UNAFFILIATED,31.0,8182011.0,Age2640,DD103331
,R,REMOVED,BEADDLESTRACYAPPLE,TRACYAPPLEBEADDLES,,WHITE,NL,NOTHISPANICorNOTLATINO,REP,REPUBLICAN,43.0,12151992.0,Age4165,AA85989
,I,INACTIVE,BEADNELLMATTHEWALAN,,302DHOOKDORM,WHITE,NL,NOTHISPANICorNOTLATINO,,DEMOCRATIC,29.0,,Age2640,AA124743
,,ACTIVE,BEAGLEMELISSABAME,,705ALAMANCEST,WHITE,UN,UNDESIGNATED,REP,REPUBLICAN,39.0,11012012.0,Age2640,AT20598
,R,REMOVED,BEAGLEROBERTBRUCE,ROBERTBRUCEBEAGLE,501PARISST,WHITE,NL,NOTHISPANICorNOTLATINO,,DEMOCRATIC,88.0,12231991.0,AgeOver66,AA79148
,,ACTIVE,BEAKLEYAPRILMAE,APRILMAEBEAKLEY,,WHITE,NL,NOTHISPANICorNOTLATINO,UNA,UNAFFILIATED,25.0,9122005.0,,AA144572
,,ACTIVE,BEALCRYSTALANN,CRYSTALANNBEAL,1425BIRKDALECIR,WHITE,NL,NOTHISPANICorNOTLATINO,REP,REPUBLICAN,29.0,12312007.0,Age2640,AA151694
,,ACTIVE,BEALDAVIDWAYNE,DAVIDWAYNEBEAL,707EMAINST,WHITE,NL,NOTHISPANICorNOTLATINO,REP,REPUBLICAN,44.0,10262000.0,Age4165,AA122019
,A,ACTIVE,BEALDONALDTHOMAS,DONALDTHOMASBEAL,7416MCBANEMILLRD,WHITE,UN,UNDESIGNATED,UNA,UNAFFILIATED,69.0,5082012.0,AgeOver66,AA171704
,A,ACTIVE,BEALDYLANROBERT,DYLANROBERTBEAL,1425BIRKDALECIR,WHITE,NL,NOTHISPANICorNOTLATINO,UNA,UNAFFILIATED,30.0,10302008.0,Age2640,AA162119
,I,INACTIVE,BEALFRANCESGENTRY,FRANCESGENTRYBEAL,703CENTRALDR,WHITE,NL,NOTHISPANICorNOTLATINO,,DEMOCRATIC,62.0,10051987.0,Age4165,AA62405
,A,ACTIVE,BEALHERBERTWAYNEJR,HERBERTWAYNEBEALJR,325OAKLANDDR,WHITE,NL,NOTHISPANICorNOTLATINO,,DEMOCRATIC,81.0,5071960.0,AgeOver66,
,A,ACTIVE,BEALJIMMYMILLARD,JIMMYMILLARDBEAL,703CENTRALDR,WHITE,NL,NOTHISPANICorNOTLATINO,,DEMOCRATIC,66.0,10021976.0,AgeOver66,
,A,ACTIVE,BEALKATHYMCKINNEY,KATHYMCKINNEYBEAL,703CENTRALDR,WHITE,UN,UNDESIGNATED,,DEMOCRATIC,59.0,8261997.0,Age4165,AA107218
,A,ACTIVE,BEALKENTONEDMUND,KENTONEDMUNDBEAL,123BALLPARKAVE,WHITE,NL,NOTHISPANICorNOTLATINO,REP,REPUBLICAN,21.0,,,AA176490
,I,INACTIVE,BEALMARIAHKIMBERLY,,307AVALONDR,WHITE,NL,NOTHISPANICorNOTLATINO,UNA,UNAFFILIATED,30.0,1302006.0,Age2640,AA145871
,A,ACTIVE,BEALSANDRARUSH,SANDRARUSHBEAL,325OAKLANDDR,WHITE,NL,NOTHISPANICorNOTLATINO,REP,REPUBLICAN,76.0,5161964.0,AgeOver66,
,A,ACTIVE,BEALEANGELAHENSLEY,ANGELAHENSLEYBEALE,5724NSPRINGFLOWERSDR,WHITE,NL,NOTHISPANICorNOTLATINO,UNA,UNAFFILIATED,44.0,5021994.0,Age4165,AA89999
,A,ACTIVE,BEALEANTHONYEUGENE,ANTHONYEUGENEBEALE,5724NSPRINGFLOWERSDR,WHITE,NL,NOTHISPANICorNOTLATINO,UNA,UNAFFILIATED,40.0,1211994.0,Age2640,AA89106
,A,ACTIVE,BEALEBECKYANN,BECKYANNBEALE,1248CAROLINAST,WHITE,NL,NOTHISPANICorNOTLATINO,,DEMOCRATIC,66.0,9231976.0,AgeOver66,
,A,ACTIVE,BEALEGARLANDLEROYJR,GARLANDLEROYBEALEJR,3009GWYNRD,WHITE,UN,UNDESIGNATED,UNA,UNAFFILIATED,68.0,6142012.0,AgeOver66,AA172923
,R,REMOVED,BEALEGEOFFREYPAUL,GEOFFREYPAULBEALE,1515SHERWOODDR,WHITE,NL,NOTHISPANICorNOTLATINO,,DEMOCRATIC,66.0,7191976.0,AgeOver66,
,A,ACTIVE,BEALEGEOFFREYPAULII,GEOFFREYPAULBEALEII,1610OLDEBEECHWOODCT,WHITE,NL,NOTHISPANICorNOTLATINO,REP,REPUBLICAN,41.0,10312008.0,Age4165,CJ95895
,A,ACTIVE,BEALEGEORGEBAKER,GEORGEBAKERBEALE,2422SNCHWY119?,WHITE,NL,NOTHISPANICorNOTLATINO,,DEMOCRATIC,55.0,6251996.0,Age4165,AA100267
,A,ACTIVE,BEALEGEORGEOWEN,GEORGEOWENBEALE,2422SNCHWY119,WHITE,NL,NOTHISPANICorNOTLATINO,,DEMOCRATIC,18.0,3092012.0,,AA170674
,R,REMOVED,BEALEJASONMARK,JASONMARKBEALE,1515SHERWOODDR,WHITE,NL,NOTHISPANICorNOTLATINO,REP,REPUBLICAN,36.0,3231994.0,Age2640,AA89637
,A,ACTIVE,BEALEJOSEPHINEBARKER,JOSEPHINEBARKERBEALE,,WHITE,NL,NOTHISPANICorNOTLATINO,,DEMOCRATIC,89.0,5101952.0,AgeOver66,
,A,ACTIVE,BEALEKIMBERLYNICOLE,KIMBERLYNICOLEBEALE,5724NSPRINGFLOWERSDR,WHITE,UN,UNDESIGNATED,UNA,UNAFFILIATED,18.0,8092012.0,,AA174256
,R,REMOVED,BEALELLOYDGEORGE,,519CENTRALAVE,WHITE,NL,NOTHISPANICorNOTLATINO,,DEMOCRATIC,96.0,5101952.0,AgeOver66,
,A,ACTIVE,BEALELOUANN,,5129NEIGHBORSRD,WHITE,NL,NOTHISPANICorNOTLATINO,,DEMOCRATIC,28.0,9162011.0,Age2640,AA169328
,A,ACTIVE,BEALEMARYRUTH,,3009GWYNRD,WHITE,UN,UNDESIGNATED,UNA,UNAFFILIATED,75.0,6222012.0,AgeOver66,AA172924
,A,ACTIVE,BEALEREBECCANEWLIN,REBECCANEWLINBEALE,1515SHERWOODDR,WHITE,NL,NOTHISPANICorNOTLATINO,,DEMOCRATIC,64.0,7191976.0,Age4165,
,I,INACTIVE,BEALLCHARLESRYONJR,CHARLESRYONBEALLJR,2404MCGREGORRD,WHITE,NL,NOTHISPANICorNOTLATINO,UNA,UNAFFILIATED,50.0,8092002.0,Age4165,AA127422
,A,ACTIVE,BEALLJAMIEMARIE,JAMIEMARIEBEALL,672EGREENSBOROCHAPELHILLRD,WHITE,NL,NOTHISPANICorNOTLATINO,REP,REPUBLICAN,30.0,9202000.0,Age2640,AA120072
,A,ACTIVE,BEALLJEANNIELEE,JEANNIELEEBEALL,7944BETHELSOUTHFORKRD,WHITE,NL,NOTHISPANICorNOTLATINO,REP,REPUBLICAN,28.0,2252004.0,Age2640,AA133139
,A,ACTIVE,BEALSDONALDARTHUR,DONALDARTHURBEALS,506EDOGWOODDR,WHITE,NL,NOTHISPANICorNOTLATINO,UNA,UNAFFILIATED,59.0,9212001.0,Age4165,AA124468
,A,ACTIVE,BEAMALANWAYNE,ALANWAYNEBEAM,,WHITE,NL,NOTHISPANICorNOTLATINO,,,58.0,7211978.0,Age4165,
,A,ACTIVE,BEAMANGELAMARIE,ANGELAMARIEBEAM,2008SMEBANEST740,WHITE,NL,NOTHISPANICorNOTLATINO,UNA,UNAFFILIATED,27.0,9252008.0,Age2640,AA158012
,A,ACTIVE,BEAMBARBARASMITH,BARBARASMITHBEAM,2941RUSSELLMCPHERSONRD,WHITE,NL,NOTHISPANICorNOTLATINO,UNA,UNAFFILIATED,,7162007.0,Age4165,AA150146
,A,ACTIVE,BEAMBRENDATAYLOR,BRENDATAYLORBEAM,,WHITE,NL,NOTHISPANICorNOTLATINO,,,59.0,9251978.0,Age4165,
,A,ACTIVE,BEAMDAVIDWAYNE,DAVIDWAYNEBEAM,1606WOODAVE,WHITE,NL,NOTHISPANICorNOTLATINO,REP,REPUBLICAN,39.0,6112007.0,Age2640,AA149800
,A,ACTIVE,BEAMDAVIDRANDOLPH,DAVIDRANDOLPHBEAM,2909UNIONRIDGERD,WHITE,UN,UNDESIGNATED,REP,REPUBLICAN,57.0,10072004.0,Age4165,AA140283
,A,ACTIVE,BEAMDENISEWINECOFF,DENISEWINECOFFBEAM,500MONROEHOLTRD,WHITE,NL,NOTHISPANICorNOTLATINO,UNA,UNAFFILIATED,39.0,5092008.0,Age2640,AA154940
,I,INACTIVE,BEAMDONALDJR,DONALDBEAMJR,353HARDENST,WHITE,NL,NOTHISPANICorNOTLATINO,UNA,UNAFFILIATED,53.0,10062008.0,Age4165,BR127223
,A,ACTIVE,BEAMHOWARDEUGENE,HOWARDEUGENEBEAM,2941RUSSELLMCPHERSONRD,WHITE,NL,NOTHISPANICorNOTLATINO,,,,3081994.0,Age4165,AA89494
,I,INACTIVE,BEAMJANICEDELPHINE,JANICEDELPHINEBEAM,609RIVERSIDEDR,WHITE,NL,NOTHISPANICorNOTLATINO,REP,REPUBLICAN,61.0,2102005.0,Age4165,AA142926
,A,ACTIVE,BEAMKARENMCKINNEY,KARENMCKINNEYBEAM,1606WOODAVE,WHITE,NL,NOTHISPANICorNOTLATINO,REP,REPUBLICAN,,6212005.0,Age4165,AA143897
,A,ACTIVE,BEAMLINDABARBER,LINDABARBERBEAM,353HARDENST,WHITE,UN,UNDESIGNATED,UNA,UNAFFILIATED,57.0,10062008.0,Age4165,BR129933
,R,REMOVED,BEAMMILDREDHENDERSON,,3904MUHLENBERGCT,WHITE,NL,NOTHISPANICorNOTLATINO,UNA,UNAFFILIATED,98.0,10071996.0,AgeOver66,AA102828
,R,REMOVED,BEAMMILDREDH,,1617WYCLIFFCT,WHITE,UN,UNDESIGNATED,UNA,UNAFFILIATED,98.0,2262008.0,AgeOver66,AA152458
,A,ACTIVE,BEAMMYRNAANDREWS,MYRNAANDREWSBEAM,413EMOREHEADSTB,WHITE,UN,UNDESIGNATED,,,62.0,,Age4165,AA140302
,A,ACTIVE,BEAMANCAROLYNMINTON,CAROLYNMINTONBEAMAN,1521GEORGEBASONRD,WHITE,NL,NOTHISPANICorNOTLATINO,REP,REPUBLICAN,72.0,10261968.0,AgeOver66,
,A,ACTIVE,BEAMANFRANKIESTEELMAN,FRANKIESTEELMANBEAMAN,5008WINDSORCT,WHITE,NL,NOTHISPANICorNOTLATINO,REP,REPUBLICAN,74.0,9281970.0,AgeOver66,AA21526
,A,ACTIVE,BEAMANMARKSTEVEN,,9256PERRYRD,WHITE,NL,NOTHISPANICorNOTLATINO,REP,REPUBLICAN,,8181992.0,Age4165,AA82470
,A,ACTIVE,BEAMANMYLESSTANFIELD,MYLESSTANFIELDBEAMAN,1521GEORGEBASONRD,WHITE,NL,NOTHISPANICorNOTLATINO,REP,REPUBLICAN,72.0,10261968.0,AgeOver66,
,A,ACTIVE,BEAMANPHILLIPLEO,PHILLIPLEOBEAMAN,5008WINDSORCT,WHITE,NL,NOTHISPANICorNOTLATINO,UNA,UNAFFILIATED,77.0,7291998.0,AgeOver66,AA111103
,A,ACTIVE,BEAMANSTEPHANIENICOLE,STEPHANIENICOLEBEAMAN,1521GEORGEBASONRD,WHITE,NL,NOTHISPANICorNOTLATINO,REP,REPUBLICAN,21.0,2142011.0,,AA168056
,R,REMOVED,BEAMONANNKUKEL,ANNKUKELBEAMON,610GLENWOODAVE,WHITE,NL,NOTHISPANICorNOTLATINO,UNA,UNAFFILIATED,60.0,10061972.0,Age4165,AA36046
,A,ACTIVE,BEAMONDODIMANN,DODIMANNBEAMON,407HAZELWOODDR,WHITE,NL,NOTHISPANICorNOTLATINO,UNA,UNAFFILIATED,37.0,4232004.0,Age2640,AA133920
,A,ACTIVE,BEAMONPATRICKBRENT,PATRICKBRENTBEAMON,518FOUNTAINPL,WHITE,NL,NOTHISPANICorNOTLATINO,,,35.0,2041996.0,Age2640,AA97583
,A,ACTIVE,BEAMONWILLIAMMICHAEL,WILLIAMMICHAELBEAMON,610GLENWOODAVE,WHITE,NL,NOTHISPANICorNOTLATINO,,,65.0,,Age4165,
,A,ACTIVE,BEAMONWILLIAMMICHAELJR,WILLIAMMICHAELBEAMONJR,407HAZELWOODDR,WHITE,NL,NOTHISPANICorNOTLATINO,UNA,UNAFFILIATED,37.0,11012000.0,Age2640,AA122021
,A,ACTIVE,BEANALEXANDERWADE,ALEXANDERWADEBEAN,,WHITE,NL,NOTHISPANICorNOTLATINO,UNA,UNAFFILIATED,19.0,7062011.0,,AA168823
,A,ACTIVE,BEANALLENWADE,ALLENWADEBEAN,,WHITE,NL,NOTHISPANICorNOTLATINO,,,53.0,10251983.0,Age4165,
,A,ACTIVE,BEANASHLIN,ASHLINBEAN,,WHITE,NL,NOTHISPANICorNOTLATINO,,,22.0,2042008.0,,AA152033
,R,REMOVED,BEANBERNIECLETUS,BERNIECLETUSBEAN,300WENTWORTHCIR,WHITE,UN,UNDESIGNATED,REP,REPUBLICAN,82.0,3042004.0,AgeOver66,AA133208
,R,REMOVED,BEANCAROLYNLOFTIS,CAROLYNLOFTISBEAN,300WENTWORTHCIR,WHITE,UN,UNDESIGNATED,REP,REPUBLICAN,82.0,3042004.0,AgeOver66,AA133210
,A,ACTIVE,BEANDELBERTALLEN,DELBERTALLENBEAN,700TOWNBRANCHRD,WHITE,NL,NOTHISPANICorNOTLATINO,REP,REPUBLICAN,76.0,10021980.0,AgeOver66,
,A,ACTIVE,BEANELIZABETHBRADDY,ELIZABETHBRADDYBEAN,,WHITE,NL,NOTHISPANICorNOTLATINO,,,51.0,10281983.0,Age4165,
,I,INACTIVE,BEANLETTIEPOPE,LETTIEPOPEBEAN,5749WHITNEYRD,WHITE,NL,NOTHISPANICorNOTLATINO,,,86.0,10031996.0,AgeOver66,AA102619
,A,ACTIVE,BEANNAOMILYNN,NAOMILYNNBEAN,722ARDENST,WHITE,NL,NOTHISPANICorNOTLATINO,,,29.0,2162007.0,Age2640,AA148941
,A,ACTIVE,BEANPAULINEDIX,PAULINEDIXBEAN,700TOWNBRANCHRD,WHITE,NL,NOTHISPANICorNOTLATINO,,,76.0,10031980.0,AgeOver66,
,A,ACTIVE,BEANRONALDWAYNE,RONALDWAYNEBEAN,5287THOMPSONMILLRD1,WHITE,NL,NOTHISPANICorNOTLATINO,,,64.0,4162009.0,Age4165,AA163714
,A,ACTIVE,BEANEADAMJOSEPH,ADAMJOSEPHBEANE,604BROOKFIELDDR,WHITE,NL,NOTHISPANICorNOTLATINO,REP,REPUBLICAN,25.0,8072008.0,,AA156421
,A,ACTIVE,BEANEBRENDAKAREN,BRENDAKARENBEANE,604BROOKFIELDDR,WHITE,NL,NOTHISPANICorNOTLATINO,REP,REPUBLICAN,51.0,10041988.0,Age4165,AA66896
,R,REMOVED,BEANECHARLESBRIAN,CHARLESBRIANBEANE,408QUAKERCREEKDR,WHITE,NL,NOTHISPANICorNOTLATINO,REP,REPUBLICAN,37.0,7242001.0,Age2640,AA123972
,R,REMOVED,BEANECHRISTYRAYNE,CHRISTYRAYNEBEANE,408QUAKERCREEKDR,WHITE,NL,NOTHISPANICorNOTLATINO,REP,REPUBLICAN,32.0,7192001.0,Age2640,AA123999
,R,REMOVED,BEANEDONALDPAUL,DONALDPAULBEANE,604BROOKFIELDDR,WHITE,NL,NOTHISPANICorNOTLATINO,REP,REPUBLICAN,53.0,10081988.0,Age4165,AA67317
,I,INACTIVE,BEANERJ,RJBEANE,313SHADOWBROOKDR,WHITE,NL,NOTHISPANICorNOTLATINO,REP,REPUBLICAN,97.0,,AgeOver66,
,D,DENIED,BEANERICKYEVERETTE,RICKYEVERETTEBEANE,1721MEBANEOAKSRD,WHITE,NL,NOTHISPANICorNOTLATINO,UNA,UNAFFILIATED,41.0,4051995.0,Age4165,AA93562
,A,ACTIVE,BEANERICKYEVERETTE,RICKYEVERETTEBEANE,6201WILDHORSECANYONRD,WHITE,NL,NOTHISPANICorNOTLATINO,UNA,UNAFFILIATED,41.0,6132008.0,Age4165,DN98667
,A,ACTIVE,BEANETAMMYLEIGH,TAMMYLEIGHBEANE,709PATTONCT,WHITE,UN,UNDESIGNATED,,,42.0,4101995.0,Age4165,AA93563
,A,ACTIVE,BEANETARAFAYE,TARAFAYEBEANE,6201WILDHORSECANYONRD,WHITE,NL,NOTHISPANICorNOTLATINO,UNA,UNAFFILIATED,38.0,,Age2640,DN98668
,A,ACTIVE,BEARDBILLYDEFON,BILLYDEFONBEARD,405EDOGWOODDR,TWOorMORERACES,UN,UNDESIGNATED,,,40.0,7311996.0,Age2640,AA101220
,A,ACTIVE,BEARDCHARLESLEEJR,CHARLESLEEBEARDJR,525RIVERSIDEDR,WHITE,NL,NOTHISPANICorNOTLATINO,,,57.0,9021976.0,Age4165,
,A,ACTIVE,BEARDCHARLOTTEWALKER,CHARLOTTEWALKERBEARD,2835DELANEYDR,WHITE,NL,NOTHISPANICorNOTLATINO,REP,REPUBLICAN,64.0,1111979.0,Age4165,
,I,INACTIVE,BEARDFLORAELIZABETH,FLORAELIZABETHBEARD,15STYLESTHOMPSONRD,BLACKorAFRICANAMERICAN,NL,NOTHISPANICorNOTLATINO,,,38.0,7292004.0,Age2640,AA136142
,R,REMOVED,BEARDHUGHJOSEPHSR,HUGHJOSEPHBEARDSR,3727WADECOBLEDR305,WHITE,NL,NOTHISPANICorNOTLATINO,REP,REPUBLICAN,93.0,4021970.0,AgeOver66,
,I,INACTIVE,BEARDLEOLAWILBORN,LEOLAWILBORNBEARD,507EVERETTST320B,WHITE,NL,NOTHISPANICorNOTLATINO,,,80.0,3042003.0,AgeOver66,AA129645
,A,ACTIVE,BEARDLISASINK,,2165HARRISONDR,WHITE,NL,NOTHISPANICorNOTLATINO,UNA,UNAFFILIATED,,1171997.0,Age4165,AA104578
,A,ACTIVE,BEARDLISAMARIE,,70DENISEDR70,BLACKorAFRICANAMERICAN,NL,NOTHISPANICorNOTLATINO,,,42.0,9192012.0,Age4165,AA174824
,I,INACTIVE,BEARDLOISMARSH,,434HALEST,WHITE,NL,NOTHISPANICorNOTLATINO,REP,REPUBLICAN,82.0,10301991.0,AgeOver66,AA78757
,A,ACTIVE,BEARDMCDANIELLEWIS,,2835DELANEYDR,WHITE,NL,NOTHISPANICorNOTLATINO,REP,REPUBLICAN,65.0,10041978.0,Age4165,
,A,ACTIVE,BEARDMELODIEANN,,1940ARBORDR,WHITE,NL,NOTHISPANICorNOTLATINO,REP,REPUBLICAN,60.0,8262002.0,Age4165,AA127511
,I,INACTIVE,BEARDRACHELLNICHOLE,RACHELLNICHOLEBEARD,1012FIXST,BLACKorAFRICANAMERICAN,UN,UNDESIGNATED,,,37.0,3142000.0,Age2640,AA117491
,A,ACTIVE,BEARDROBERTDWIGHT,ROBERTDWIGHTBEARD,909WASHINGTONSTA,BLACKorAFRICANAMERICAN,NL,NOTHISPANICorNOTLATINO,,,22.0,9212011.0,,BN371944
,A,ACTIVE,BEARDRONALDTYREE,RONALDTYREEBEARD,2165HARRISONDR,WHITE,NL,NOTHISPANICorNOTLATINO,UNA,UNAFFILIATED,59.0,1151997.0,Age4165,AA104581
,A,ACTIVE,BEARDSHREDWINALEXANDERJR,SHREDWINALEXANDERBEARDJR,2310WILLIEPACERD,BLACKorAFRICANAMERICAN,UN,UNDESIGNATED,UNA,UNAFFILIATED,43.0,,Age4165,AA159677
,D,DENIED,BEARDVIOLETMICHELE,VIOLETMICHELEBEARD,,BLACKorAFRICANAMERICAN,NL,NOTHISPANICorNOTLATINO,,,54.0,1082001.0,Age4165,AA122022
,A,ACTIVE,BEARDENCLAIRE,CLAIREBEARDEN,509FIELDSTONEDR,UNDESIGNATED,UN,UNDESIGNATED,,,18.0,9182012.0,,AA174718
,A,ACTIVE,BEARDENDONNAFRITZ,DONNAFRITZBEARDEN,509FIELDSTONEDR,WHITE,NL,NOTHISPANICorNOTLATINO,,,,12211992.0,Age4165,AA85990
,A,ACTIVE,BEARDENROBERTALAN,ROBERTALANBEARDEN,509FIELDSTONEDR,WHITE,UN,UNDESIGNATED,,,55.0,1151993.0,Age4165,AA86177
,A,ACTIVE,BEASLEYANNETRAIL,ANNETRAILBEASLEY,1349SHAMROCKDR,WHITE,NL,NOTHISPANICorNOTLATINO,UNA,UNAFFILIATED,76.0,10011976.0,AgeOver66,
,A,ACTIVE,BEASLEYANTHONYEUGENE,ANTHONYEUGENEBEASLEY,5268GEORGEMILESRD,BLACKorAFRICANAMERICAN,NL,NOTHISPANICorNOTLATINO,,,33.0,9222000.0,Age2640,AA120081
,A,ACTIVE,BEASLEYBEVERLYCOBLE,BEVERLYCOBLEBEASLEY,208ORANGEDR,WHITE,NL,NOTHISPANICorNOTLATINO,UNA,UNAFFILIATED,65.0,12161992.0,Age4165,AA86277
,R,REMOVED,BEASLEYCAROLPARKER,CAROLPARKERBEASLEY,5268GEORGEMILESRD,BLACKorAFRICANAMERICAN,NL,NOTHISPANICorNOTLATINO,,,61.0,7171976.0,Age4165,
,I,INACTIVE,BEASLEYCODYLEE,CODYLEEBEASLEY,1404JACKSONST,BLACKorAFRICANAMERICAN,NL,NOTHISPANICorNOTLATINO,UNA,UNAFFILIATED,19.0,2232011.0,,AA168109
,A,ACTIVE,BEASLEYCYNTHIAMICHELLE,CYNTHIAMICHELLEBEASLEY,405MALLARDCREEKDR,BLACKorAFRICANAMERICAN,NL,NOTHISPANICorNOTLATINO,,,,3012011.0,Age4165,AA168152
,R,REMOVED,BEASLEYDANNYCARL,DANNYCARLBEASLEY,7636BETHELSOUTHFORKRD,WHITE,NL,NOTHISPANICorNOTLATINO,,,62.0,6171997.0,Age4165,AA106490
,R,REMOVED,BEASLEYDAVIDFULTON,DAVIDFULTONBEASLEY,324WLEBANONAVE,WHITE,UN,UNDESIGNATED,UNA,UNAFFILIATED,24.0,9232008.0,,AL202988
,A,ACTIVE,BEASLEYDAVIDJEROME,DAVIDJEROMEBEASLEY,405MALLARDCREEKDR,BLACKorAFRICANAMERICAN,NL,NOTHISPANICorNOTLATINO,,,,12202005.0,Age4165,AA145358
,A,ACTIVE,BEASLEYDENISESHOFFNER,DENISESHOFFNERBEASLEY,201CHRISST,BLACKorAFRICANAMERICAN,NL,NOTHISPANICorNOTLATINO,,,,7191991.0,Age4165,AA77915
,A,ACTIVE,BEASLEYDONALDJAMAL,DONALDJAMALBEASLEY,126SBEAUMONTAVE3,BLACKorAFRICANAMERICAN,UN,UNDESIGNATED,,,24.0,10022008.0,,AA158910
,R,REMOVED,BEASLEYDONALDJEFFREY,DONALDJEFFREYBEASLEY,126SBEAUMONTAVEAPT3,BLACKorAFRICANAMERICAN,UN,UNDESIGNATED,,,,7022008.0,Age4165,AA155136
,A,ACTIVE,BEASLEYEDWARDEUGENE,EDWARDEUGENEBEASLEY,5268GEORGEMILESRD,BLACKorAFRICANAMERICAN,NL,NOTHISPANICorNOTLATINO,,,61.0,5241995.0,Age4165,AA94104
,A,ACTIVE,BEASLEYFAYEJEANNE,FAYEJEANNEBEASLEY,718MANNINGAVE,BLACKorAFRICANAMERICAN,NL,NOTHISPANICorNOTLATINO,,,53.0,4051996.0,Age4165,AA98705
,A,ACTIVE,BEASLEYJAMESFENNELL,JAMESFENNELLBEASLEY,208ORANGEDR,WHITE,NL,NOTHISPANICorNOTLATINO,REP,REPUBLICAN,65.0,11061973.0,Age4165,
,A,ACTIVE,BEASLEYJANICECORAL,JANICECORALBEASLEY,,BLACKorAFRICANAMERICAN,NL,NOTHISPANICorNOTLATINO,,,50.0,10302008.0,Age4165,AA162120
,A,ACTIVE,BEASLEYJERRYWAYNE,JERRYWAYNEBEASLEY,504ASHLEYTRCE,WHITE,NL,NOTHISPANICorNOTLATINO,REP,REPUBLICAN,60.0,,Age4165,AA67556
,R,REMOVED,BEASLEYJESSICALYNN,JESSICALYNNBEASLEY,4184STONECRESTDR207,WHITE,UN,UNDESIGNATED,UNA,UNAFFILIATED,28.0,9032008.0,Age2640,BL334283
,A,ACTIVE,BEASLEYJOANARTHUR,JOANARTHURBEASLEY,2712WOODBURYDR,WHITE,NL,NOTHISPANICorNOTLATINO,,,57.0,10282010.0,Age4165,DB38575
,A,ACTIVE,BEASLEYJOELSTEVEN,JOELSTEVENBEASLEY,2342USHWY70,WHITE,NL,NOTHISPANICorNOTLATINO,REP,REPUBLICAN,44.0,9082003.0,Age4165,AA131330
,A,ACTIVE,BEASLEYJOHNBRASDELL,JOHNBRASDELLBEASLEY,1349SHAMROCKDR,WHITE,NL,NOTHISPANICorNOTLATINO,UNA,UNAFFILIATED,76.0,10011976.0,AgeOver66,
,A,ACTIVE,BEASLEYJOHNBRASDELLJR,JOHNBRASDELLBEASLEYJR,2442LACYST,WHITE,NL,NOTHISPANICorNOTLATINO,REP,REPUBLICAN,53.0,12011992.0,Age4165,AA85991
,I,INACTIVE,BEASLEYJOLENEELLIS,JOLENEELLISBEASLEY,6810WOODYRIDGERD,WHITE,NL,NOTHISPANICorNOTLATINO,,,34.0,4122002.0,Age2640,AA126165
,A,ACTIVE,BEASLEYJORETTASCOTT,JORETTASCOTTBEASLEY,2971ELDERLN,WHITE,NL,NOTHISPANICorNOTLATINO,REP,REPUBLICAN,56.0,3221980.0,Age4165,
,D,DENIED,BEASLEYJOSEPHNATHANIEL,JOSEPHNATHANIELBEASLEY,406ALBRIGHTAVE,WHITE,NL,NOTHISPANICorNOTLATINO,UNA,UNAFFILIATED,19.0,10272011.0,,AA169575
,A,ACTIVE,BEASLEYJOYCEANN,JOYCEANNBEASLEY,,BLACKorAFRICANAMERICAN,UN,UNDESIGNATED,,,,11022004.0,Age4165,AA141494
,A,ACTIVE,BEASLEYJUSTINALAN,JUSTINALANBEASLEY,612PEBBLEDR,WHITE,UN,UNDESIGNATED,,,30.0,10062000.0,Age2640,AA120712
,A,ACTIVE,BEASLEYKARENANNETTE,KARENANNETTEBEASLEY,2442LACYST,WHITE,NL,NOTHISPANICorNOTLATINO,UNA,UNAFFILIATED,53.0,2162005.0,Age4165,AA143030
,A,ACTIVE,BEASLEYKEVINDWAYNE,KEVINDWAYNEBEASLEY,201CHRISST,BLACKorAFRICANAMERICAN,NL,NOTHISPANICorNOTLATINO,,,44.0,9242008.0,Age4165,AA157833
,A,ACTIVE,BEASLEYLINDADEATON,LINDADEATONBEASLEY,1918HUNTLEYWAY,WHITE,NL,NOTHISPANICorNOTLATINO,UNA,UNAFFILIATED,66.0,6201997.0,AgeOver66,AA106818
,I,INACTIVE,BEASLEYMARYMAGDALINE,,311APPLEST,BLACKorAFRICANAMERICAN,NL,NOTHISPANICorNOTLATINO,,,,5082008.0,Age4165,AA154941
,A,ACTIVE,BEASLEYNATALIEQUINN,NATALIEQUINNBEASLEY,2971ELDERLN,WHITE,NL,NOTHISPANICorNOTLATINO,REP,REPUBLICAN,19.0,8282012.0,,AA174430
,A,ACTIVE,BEASLEYNEDSCOTT,NEDSCOTTBEASLEY,2971ELDERLN,WHITE,NL,NOTHISPANICorNOTLATINO,REP,REPUBLICAN,21.0,8282012.0,,AA174429
,A,ACTIVE,BEASLEYOLIVIALYSAKOWSKI,OLIVIALYSAKOWSKIBEASLEY,1895ELMWOODDR,WHITE,NL,NOTHISPANICorNOTLATINO,UNA,UNAFFILIATED,29.0,8212003.0,Age2640,AA131159
,A,ACTIVE,BEASLEYROBERTJEFFREY,ROBERTJEFFREYBEASLEY,607EELMST,BLACKorAFRICANAMERICAN,NL,NOTHISPANICorNOTLATINO,UNA,UNAFFILIATED,44.0,5062008.0,Age4165,AA154942
,A,ACTIVE,BEASLEYROBERTSTEVEN,ROBERTSTEVENBEASLEY,1918HUNTLEYWAY,WHITE,NL,NOTHISPANICorNOTLATINO,UNA,UNAFFILIATED,64.0,6201997.0,Age4165,AA106819
,A,ACTIVE,BEASLEYSUSANSTAFFORD,SUSANSTAFFORDBEASLEY,7636BETHELSOUTHFORKRD,WHITE,NL,NOTHISPANICorNOTLATINO,,,60.0,10061972.0,Age4165,AA24327
,A,ACTIVE,BEASLEYTASWANARASHAYLE,TASWANARASHAYLEBEASLEY,610PINEST,BLACKorAFRICANAMERICAN,NL,NOTHISPANICorNOTLATINO,,,24.0,11172011.0,,DR106656
,A,ACTIVE,BEASLEYTEMEKIALASHON,TEMEKIALASHONBEASLEY,2416ESIMPSONRD,BLACKorAFRICANAMERICAN,NL,NOTHISPANICorNOTLATINO,,,38.0,8272003.0,Age2640,AA131100
,A,ACTIVE,BEASLEYTERESAJOHNSON,TERESAJOHNSONBEASLEY,504ASHLEYTRCE,WHITE,NL,NOTHISPANICorNOTLATINO,REP,REPUBLICAN,59.0,,Age4165,AA69936
,A,ACTIVE,BEASLEYTERRISHALASHAYLE,TERRISHALASHAYLEBEASLEY,612SPENCEST,BLACKorAFRICANAMERICAN,NL,NOTHISPANICorNOTLATINO,UNA,UNAFFILIATED,22.0,7312008.0,,AA155977
,R,REMOVED,BEASLEYTONYLAMONT,TONYLAMONTBEASLEY,718MANNINGAVE,BLACKorAFRICANAMERICAN,NL,NOTHISPANICorNOTLATINO,,,37.0,4051996.0,Age2640,AA98707
,A,ACTIVE,BEASLEYVICTORIABROOKE,VICTORIABROOKEBEASLEY,504ASHLEYTRCE,WHITE,UN,UNDESIGNATED,,,26.0,7222004.0,Age2640,AA135748
,A,ACTIVE,BEATONCHRISTOPHER,CHRISTOPHERBEATON,3821BILLLOYDR,WHITE,NL,NOTHISPANICorNOTLATINO,,,20.0,,,AA177089
,A,ACTIVE,BEATSONMELISSALYNN,,2954ETHANPOINTEDR4303,WHITE,UN,UNDESIGNATED,,,31.0,7072012.0,Age2640,AA173274
,A,ACTIVE,BEATTYCLELANDHAYDEN,CLELANDHAYDENBEATTY,2148WOODLANDAVE,WHITE,NL,NOTHISPANICorNOTLATINO,UNA,UNAFFILIATED,83.0,5141960.0,AgeOver66,
,A,ACTIVE,BEATTYCREIGHTONCLAY,CREIGHTONCLAYBEATTY,2700CREEKBENDCT,WHITE,NL,NOTHISPANICorNOTLATINO,REP,REPUBLICAN,55.0,6062007.0,Age4165,AE22525
,A,ACTIVE,BEATTYDEBORAHANN,DEBORAHANNBEATTY,2700CREEKBENDCT,WHITE,NL,NOTHISPANICorNOTLATINO,REP,REPUBLICAN,59.0,6062007.0,Age4165,AE19060
,A,ACTIVE,BEATTYHOWARDJAMES,HOWARDJAMESBEATTY,5315NCHWY54,WHITE,NL,NOTHISPANICorNOTLATINO,REP,REPUBLICAN,65.0,10071983.0,Age4165,
,A,ACTIVE,BEATTYJOANBEIGLER,JOANBEIGLERBEATTY,3757SHEPHERDRD,WHITE,UN,UNDESIGNATED,REP,REPUBLICAN,82.0,4022008.0,AgeOver66,AA153294
,A,ACTIVE,BEATTYJOSHUAWJR,JOSHUAWBEATTYJR,3757SHEPHERDRD,WHITE,NL,NOTHISPANICorNOTLATINO,REP,REPUBLICAN,84.0,11192007.0,AgeOver66,AA151104
,A,ACTIVE,BEATTYLUCILLEPAYNE,,763BULLARDLN,WHITE,NL,NOTHISPANICorNOTLATINO,REP,REPUBLICAN,84.0,1111954.0,AgeOver66,AA7625
,A,ACTIVE,BEATTYMARGARETLONG,,2148WOODLANDAVE,WHITE,NL,NOTHISPANICorNOTLATINO,UNA,UNAFFILIATED,80.0,5141960.0,AgeOver66,
,A,ACTIVE,BEATTYREBECCAJENKINS,REBECCAJENKINSBEATTY,204BRIARWOODDR,WHITE,NL,NOTHISPANICorNOTLATINO,,,55.0,7241997.0,Age4165,AA106976
,A,ACTIVE,BEATTYTINESHA,TINESHABEATTY,2008SMEBANEST740J,BLACKorAFRICANAMERICAN,NL,NOTHISPANICorNOTLATINO,,,30.0,9292012.0,Age2640,AA175831
,A,ACTIVE,BEAUCHAMPDREAMADIANE,DREAMADIANEBEAUCHAMP,,WHITE,NL,NOTHISPANICorNOTLATINO,UNA,UNAFFILIATED,44.0,7182008.0,Age4165,AA155580
,D,DENIED,BEAUCHAMPDREAMADIANE,DREAMADIANEBEAUCHAMP,1514STANDREWSDR,WHITE,NL,NOTHISPANICorNOTLATINO,UNA,UNAFFILIATED,44.0,12292004.0,Age4165,AA142591
,R,REMOVED,BEAUCHESNEREBECCAALLEN,REBECCAALLENBEAUCHESNE,1523EMAINST,WHITE,NL,NOTHISPANICorNOTLATINO,REP,REPUBLICAN,63.0,10051992.0,Age4165,AA83754
,R,REMOVED,BEAUCHESNEROGERJOHN,ROGERJOHNBEAUCHESNE,2522PITTRD,WHITE,NL,NOTHISPANICorNOTLATINO,,,91.0,4291950.0,AgeOver66,
,A,ACTIVE,BEAUDETFREDERICKNEIL,FREDERICKNEILBEAUDET,2202STERLINGCT,WHITE,NL,NOTHISPANICorNOTLATINO,REP,REPUBLICAN,69.0,,AgeOver66,
,A,ACTIVE,BEAUDETJEANNETTEIRBY,JEANNETTEIRBYBEAUDET,2202STERLINGCT,WHITE,NL,NOTHISPANICorNOTLATINO,REP,REPUBLICAN,68.0,2071984.0,AgeOver66,
,I,INACTIVE,BEAUDINLESTERGERALD,LESTERGERALDBEAUDIN,4660SALEMCHURCHRD,WHITE,NL,NOTHISPANICorNOTLATINO,,,65.0,7031995.0,Age4165,AA94630
,A,ACTIVE,BEAUDOINMARGARETMCCARLEY,,3508GARDENRDJ6,WHITE,NL,NOTHISPANICorNOTLATINO,REP,REPUBLICAN,56.0,10262011.0,Age4165,CE12009
,A,ACTIVE,BEAUDOINRAYMONDLYNN,RAYMONDLYNNBEAUDOIN,3508GARDENRDK4,WHITE,NL,NOTHISPANICorNOTLATINO,,,57.0,10011998.0,Age4165,AA111536
,A,ACTIVE,BEAUDOINROBERTMARK,ROBERTMARKBEAUDOIN,3508GARDENRDJ6,WHITE,UN,UNDESIGNATED,REP,REPUBLICAN,65.0,8232012.0,Age4165,CE12276
,A,ACTIVE,BEAUDRYCAROLINEEVANS,CAROLINEEVANSBEAUDRY,1415EHARDENST,WHITE,NL,NOTHISPANICorNOTLATINO,,,51.0,12012000.0,Age4165,AA122024
,A,ACTIVE,BEAUDRYCHARLESFRANCIS,CHARLESFRANCISBEAUDRY,1415EHARDENST,WHITE,NL,NOTHISPANICorNOTLATINO,,,52.0,4121984.0,Age4165,
,A,ACTIVE,BEAUDRYJEANETTEELAINE,JEANETTEELAINEBEAUDRY,308EHARDENST,WHITE,NL,NOTHISPANICorNOTLATINO,,,59.0,10281972.0,Age4165,
,A,ACTIVE,BEAUDRYJOHNSTEWART,JOHNSTEWARTBEAUDRY,3827REDBUDRD,WHITE,NL,NOTHISPANICorNOTLATINO,,,56.0,9081976.0,Age4165,
,A,ACTIVE,BEAUDRYKRISTINAELIZABETH,KRISTINAELIZABETHBEAUDRY,3827REDBUDRD,WHITE,UN,UNDESIGNATED,,,31.0,8282003.0,Age2640,AA131176
,A,ACTIVE,BEAUDRYLAURAASHLEY,LAURAASHLEYBEAUDRY,3827REDBUDRD,WHITE,NL,NOTHISPANICorNOTLATINO,,,27.0,2132008.0,Age2640,DE204212
,R,REMOVED,BEAUDRYLAURAFRY,LAURAFRYBEAUDRY,1423EHARDENST,WHITE,NL,NOTHISPANICorNOTLATINO,,,82.0,10241964.0,AgeOver66,
,A,ACTIVE,BEAUDRYSANDRAMEEK,SANDRAMEEKBEAUDRY,3827REDBUDRD,WHITE,NL,NOTHISPANICorNOTLATINO,,,59.0,10041979.0,Age4165,
,A,ACTIVE,BEAVERAILEENMARIE,AILEENMARIEBEAVER,700EHAGGARDAVE103B,UNDESIGNATED,UN,UNDESIGNATED,UNA,UNAFFILIATED,19.0,9212012.0,,AA175157
,A,ACTIVE,BEAVERALEXANDERMICHAEL,ALEXANDERMICHAELBEAVER,1003HAYNOKEDR,WHITE,UN,UNDESIGNATED,REP,REPUBLICAN,18.0,11022012.0,,AA178749
,A,ACTIVE,BEAVERANDYJOSEPH,ANDYJOSEPHBEAVER,2219WIGGINSST,WHITE,NL,NOTHISPANICorNOTLATINO,REP,REPUBLICAN,36.0,4121994.0,Age2640,AA90145
,A,ACTIVE,BEAVERANTHONYDALE,ANTHONYDALEBEAVER,2704NNCHWY87,WHITE,NL,NOTHISPANICorNOTLATINO,REP,REPUBLICAN,,10262010.0,Age4165,AA167277
,R,REMOVED,BEAVERCHRISTINEALDRID,CHRISTINEALDRIDBEAVER,512NFIRSTST,WHITE,NL,NOTHISPANICorNOTLATINO,UNA,UNAFFILIATED,84.0,11161993.0,AgeOver66,AA88564
,A,ACTIVE,BEAVERCHRISTOPHERLEE,CHRISTOPHERLEEBEAVER,2704NNCHWY87,WHITE,NL,NOTHISPANICorNOTLATINO,REP,REPUBLICAN,27.0,10262010.0,Age2640,AA167276
,A,ACTIVE,BEAVERDALECHRISTOPHERLEE,DALECHRISTOPHERLEEBEAVER,2704NNCHWY87,WHITE,NL,NOTHISPANICorNOTLATINO,REP,REPUBLICAN,27.0,,Age2640,AA167619
,A,ACTIVE,BEAVERJAMESCONRAD,JAMESCONRADBEAVER,503STOKESRD,WHITE,NL,NOTHISPANICorNOTLATINO,REP,REPUBLICAN,82.0,1171959.0,AgeOver66,
,A,ACTIVE,BEAVERKEITHCONRAD,KEITHCONRADBEAVER,315GRAHAMRD,WHITE,NL,NOTHISPANICorNOTLATINO,REP,REPUBLICAN,55.0,2282000.0,Age4165,AA117003
,A,ACTIVE,BEAVERMAXVANJR,,3213CREEKWOODDR,WHITE,NL,NOTHISPANICorNOTLATINO,UNA,UNAFFILIATED,57.0,3181980.0,Age4165,
,A,ACTIVE,BEAVERMICHAELBENNETT,,1003HAYNOKEDR,WHITE,NL,NOTHISPANICorNOTLATINO,,,,,Age4165,AA91639
,A,ACTIVE,BEAVERSTEPHANIENICOLE,STEPHANIENICOLEBEAVER,315GRAHAMRD,WHITE,NL,NOTHISPANICorNOTLATINO,REP,REPUBLICAN,23.0,11062007.0,,AA151242
,A,ACTIVE,BEAVERSUSANCRAWFORD,SUSANCRAWFORDBEAVER,3213CREEKWOODDR,WHITE,NL,NOTHISPANICorNOTLATINO,UNA,UNAFFILIATED,57.0,10061984.0,Age4165,AA57777
,,ACTIVE,BEAVERTANYAMARIE,TANYAMARIEBEAVER,1011AVONAVE,WHITE,NL,NOTHISPANICorNOTLATINO,,,31.0,7102008.0,Age2640,AA155781
,I,INACTIVE,BEAVERTARALAPHAM,TARALAPHAMBEAVER,1003HAYNOKEDR,WHITE,UN,UNDESIGNATED,REP,REPUBLICAN,43.0,4271988.0,Age4165,AA65114
,A,ACTIVE,BEAVERTERRIEAST,TERRIEASTBEAVER,2691SPRINGGARDENRD,WHITE,NL,NOTHISPANICorNOTLATINO,UNA,UNAFFILIATED,35.0,9222010.0,Age2640,AA166834
,A,ACTIVE,BEAVERTROYDAVID,TROYDAVIDBEAVER,700EHAGGARDAVE202B,UNDESIGNATED,UN,UNDESIGNATED,REP,REPUBLICAN,18.0,10052012.0,,AA176324
,A,ACTIVE,BEAVERZACHARYMARLOW,ZACHARYMARLOWBEAVER,2691SPRINGGARDENRD,WHITE,NL,NOTHISPANICorNOTLATINO,UNA,UNAFFILIATED,38.0,9222010.0,Age2640,AA166835
,A,ACTIVE,BEAVERSAPRILJOYCE,APRILJOYCEBEAVERS,3098CREEKPOINTRD,WHITE,NL,NOTHISPANICorNOTLATINO,UNA,UNAFFILIATED,40.0,11082006.0,Age2640,BY292823
,A,ACTIVE,BEAVERSGREGORYSCOTT,GREGORYSCOTTBEAVERS,3098CREEKPOINTRD,WHITE,NL,NOTHISPANICorNOTLATINO,REP,REPUBLICAN,42.0,11062006.0,Age4165,BY435515
,A,ACTIVE,BEAZERCOREYTROY,COREYTROYBEAZER,511BORDERST,BLACKorAFRICANAMERICAN,UN,UNDESIGNATED,,,38.0,11022004.0,Age2640,AA141499
,A,ACTIVE,BEAZERJAPONICALYNN,JAPONICALYNNBEAZER,2324DUCKCROSSINGDR,UNDESIGNATED,UN,UNDESIGNATED,,,,1282008.0,Age4165,AA151930
,I,INACTIVE,BEAZERLOUISEHOLLIDAY,,511BORDERST,BLACKorAFRICANAMERICAN,NL,NOTHISPANICorNOTLATINO,,,73.0,1151984.0,AgeOver66,
,A,ACTIVE,BEAZERRANDYTYRONE,RANDYTYRONEBEAZER,511BORDERST,BLACKorAFRICANAMERICAN,NL,NOTHISPANICorNOTLATINO,,,39.0,5311991.0,Age2640,AA77424
,,ACTIVE,BECERRAVIDALANESMITH,VIDALANESMITHBECERRA,816RAUHUTST,UNDESIGNATED,HL,HISPANICorLATINO,,,44.0,9292004.0,Age4165,AA138622
,R,REMOVED,BECHERERDALEJOSEPH,DALEJOSEPHBECHERER,131NSTJOHNST,WHITE,NL,NOTHISPANICorNOTLATINO,,,53.0,12151995.0,Age4165,AA96783
,,ACTIVE,BECHTKATHRYNJOAN,KATHRYNJOANBECHT,6601BEALERD,WHITE,NL,NOTHISPANICorNOTLATINO,,,52.0,9201992.0,Age4165,AA83028
,R,REMOVED,BECHTELJACKEUGENE,JACKEUGENEBECHTEL,2203CANTERBURYDR,WHITE,NL,NOTHISPANICorNOTLATINO,REP,REPUBLICAN,71.0,3291980.0,AgeOver66,
,,ACTIVE,BECHTELJOHNEARL,JOHNEARLBECHTEL,709VANDERFORDST,WHITE,NL,NOTHISPANICorNOTLATINO,REP,REPUBLICAN,51.0,5022012.0,Age4165,DT78706
,I,INACTIVE,BECHTELREBECCACARTER,REBECCACARTERBECHTEL,1902QUAKENBUSHRD,WHITE,NL,NOTHISPANICorNOTLATINO,,,41.0,,Age4165,AA140314
,R,REMOVED,BECHTELSUSANELIZABETH,SUSANELIZABETHBECHTEL,2203CANTERBURYDR,WHITE,NL,NOTHISPANICorNOTLATINO,REP,REPUBLICAN,68.0,3291980.0,AgeOver66,
,I,INACTIVE,BECHTELWILLIAMKIV,WILLIAMKBECHTELIV,523WARDST,WHITE,NL,NOTHISPANICorNOTLATINO,UNA,UNAFFILIATED,61.0,,Age4165,AA96223
,,ACTIVE,BECKABIGAILJANE,ABIGAILJANEBECK,314DRIFTWOODDR,WHITE,NL,NOTHISPANICorNOTLATINO,REP,REPUBLICAN,19.0,3222012.0,,AA171053
,,ACTIVE,BECKALLENDICKERSON,ALLENDICKERSONBECK,714MILLPOINTEWAY,WHITE,NL,NOTHISPANICorNOTLATINO,REP,REPUBLICAN,,8261996.0,Age4165,AA101487
,,ACTIVE,BECKAMANDAMARAE,AMANDAMARAEBECK,203EWHITSETTST,WHITE,NL,NOTHISPANICorNOTLATINO,UNA,UNAFFILIATED,30.0,5062008.0,Age2640,AA154943
,R,REMOVED,BECKAMYBLAIR,AMYBLAIRBECK,314DRIFTWOODDR,WHITE,NL,NOTHISPANICorNOTLATINO,REP,REPUBLICAN,26.0,8022004.0,Age2640,AA135773
,I,INACTIVE,BECKAUGUSTJOSEPHSR,AUGUSTJOSEPHBECKSR,5528LTHOMPSONMILLRD,WHITE,UN,UNDESIGNATED,REP,REPUBLICAN,42.0,9132004.0,Age4165,AA137408
,,ACTIVE,BECKBAOTRANMY,BAOTRANMYBECK,3654LIBERTYDR,ASIAN,NL,NOTHISPANICorNOTLATINO,REP,REPUBLICAN,34.0,9142004.0,Age2640,AA137530
,R,REMOVED,BECKBARBARAWHEELER,BARBARAWHEELERBECK,317STONEWYCKDR,WHITE,NL,NOTHISPANICorNOTLATINO,UNA,UNAFFILIATED,65.0,1161987.0,Age4165,AA61397
,R,REMOVED,BECKBOBBYGENE,BOBBYGENEBECK,1518SHADYLAWNDR,WHITE,NL,NOTHISPANICorNOTLATINO,REP,REPUBLICAN,81.0,4201968.0,AgeOver66,
,A,ACTIVE,BECKCALVINRAY,CALVINRAYBECK,648BRASSFIELDDR,UNDESIGNATED,UN,UNDESIGNATED,UNA,UNAFFILIATED,28.0,,Age2640,BN319910
,A,ACTIVE,BECKCHARLESJOSEPH,CHARLESJOSEPHBECK,2048PAISLEYDR,WHITE,NL,NOTHISPANICorNOTLATINO,REP,REPUBLICAN,,7202000.0,Age4165,AA118794
,I,INACTIVE,BECKDAVIDEPHRAIM,DAVIDEPHRAIMBECK,2233DEEPCREEKCHURCHRD,WHITE,UN,UNDESIGNATED,REP,REPUBLICAN,33.0,7182003.0,Age2640,AA130789
,A,ACTIVE,BECKELIZABETHANNE,ELIZABETHANNEBECK,314DRIFTWOODDR,WHITE,NL,NOTHISPANICorNOTLATINO,REP,REPUBLICAN,19.0,3222012.0,,AA171052
,A,ACTIVE,BECKGAILHEATH,GAILHEATHBECK,314DRIFTWOODDR,WHITE,NL,NOTHISPANICorNOTLATINO,REP,REPUBLICAN,56.0,8131996.0,Age4165,AA101012
,A,ACTIVE,BECKHENRYCLAYJR,HENRYCLAYBECKJR,3643OSCEOLARD,WHITE,NL,NOTHISPANICorNOTLATINO,REP,REPUBLICAN,43.0,,Age4165,AA104602
,A,ACTIVE,BECKJACINDABROOKS,JACINDABROOKSBECK,902JOHNSTONCT,WHITE,NL,NOTHISPANICorNOTLATINO,REP,REPUBLICAN,43.0,6291999.0,Age4165,AA114653
,R,REMOVED,BECKJACOBCLARK,JACOBCLARKBECK,2414HUNTINGTONRDC,WHITE,NL,NOTHISPANICorNOTLATINO,REP,REPUBLICAN,29.0,,Age2640,AA131674
,A,ACTIVE,BECKJAMESERNEST,JAMESERNESTBECK,622RIVERSIDEDR,WHITE,NL,NOTHISPANICorNOTLATINO,REP,REPUBLICAN,,,Age4165,AA121307
,A,ACTIVE,BECKJAMESMONROEJR,JAMESMONROEBECKJR,902JOHNSTONCT,WHITE,NL,NOTHISPANICorNOTLATINO,REP,REPUBLICAN,42.0,11051998.0,Age4165,AA112345
,A,ACTIVE,BECKJAMESSIMONPETERIV,JAMESSIMONPETERBECKIV,3654LIBERTYDR,WHITE,NL,NOTHISPANICorNOTLATINO,REP,REPUBLICAN,37.0,6231995.0,Age2640,AA94491
,A,ACTIVE,BECKJAMESSIMONIII,JAMESSIMONBECKIII,1708BROWNAVE,WHITE,NL,NOTHISPANICorNOTLATINO,REP,REPUBLICAN,60.0,3151990.0,Age4165,AA70898
,A,ACTIVE,BECKJAMIELYN,JAMIELYNBECK,2048PAISLEYDR,WHITE,NL,NOTHISPANICorNOTLATINO,REP,REPUBLICAN,40.0,7202000.0,Age2640,AA118795
,A,ACTIVE,BECKJANEWRIKE,JANEWRIKEBECK,1910SHIRLEYDR,WHITE,NL,NOTHISPANICorNOTLATINO,DEM,DEMOCRATIC,77.0,3231972.0,AgeOver66,
,R,REMOVED,BECKJESSICAELIZABETH,JESSICAELIZABETHBECK,,WHITE,UN,UNDESIGNATED,DEM,DEMOCRATIC,24.0,4112008.0,,AA154344
,I,INACTIVE,BECKJUDYFORTENBERRY,JUDYFORTENBERRYBECK,504CAMERONRD,WHITE,NL,NOTHISPANICorNOTLATINO,REP,REPUBLICAN,59.0,10241996.0,Age4165,AA104605
,A,ACTIVE,BECKJUNEHERRING,JUNEHERRINGBECK,5528THOMPSONMILLRDF,WHITE,NL,NOTHISPANICorNOTLATINO,REP,REPUBLICAN,42.0,5081990.0,Age4165,AA71870
,A,ACTIVE,BECKKATHYFOGLEMAN,KATHYFOGLEMANBECK,,WHITE,NL,NOTHISPANICorNOTLATINO,UNA,UNAFFILIATED,53.0,3061996.0,Age4165,AA97920
,A,ACTIVE,BECKKENNETHCECIL,KENNETHCECILBECK,,WHITE,NL,NOTHISPANICorNOTLATINO,DEM,DEMOCRATIC,41.0,5182005.0,Age4165,AA143618
,A,ACTIVE,BECKKIMBERLYDAWN,KIMBERLYDAWNBECK,3643OSCEOLARD,WHITE,NL,NOTHISPANICorNOTLATINO,REP,REPUBLICAN,41.0,10311989.0,Age4165,AA70150
,A,ACTIVE,BECKLETCHERCONLYSR,LETCHERCONLYBECKSR,1811LOWERHOPEDALERD,WHITE,NL,NOTHISPANICorNOTLATINO,UNA,UNAFFILIATED,63.0,12101979.0,Age4165,
,A,ACTIVE,BECKLINDAHAZLETT,LINDAHAZLETTBECK,2946WILDBERRYCT,WHITE,NL,NOTHISPANICorNOTLATINO,UNA,UNAFFILIATED,64.0,3251994.0,Age4165,AA89763
,,ACTIVE,BECKMARTHABILISOLY,,1708BROWNAVE,WHITE,NL,NOTHISPANICorNOTLATINO,REP,REPUBLICAN,60.0,1141992.0,Age4165,AA79399
,,ACTIVE,BECKMICHAELDAVID,,2029SMEBANEST,WHITE,NL,NOTHISPANICorNOTLATINO,DEM,DEMOCRATIC,58.0,2011991.0,Age4165,AA76525
,,ACTIVE,BECKMICHAELJOSEPH,,314DRIFTWOODDR,WHITE,NL,NOTHISPANICorNOTLATINO,REP,REPUBLICAN,23.0,10242007.0,,AA151009
,,ACTIVE,BECKMICHAELDALE,,,WHITE,NL,NOTHISPANICorNOTLATINO,REP,REPUBLICAN,22.0,10242008.0,,AA161723
,,ACTIVE,BECKNANCYBASS,NANCYBASSBECK,1518SHADYLAWNDR,WHITE,NL,NOTHISPANICorNOTLATINO,REP,REPUBLICAN,79.0,4201968.0,AgeOver66,
,,ACTIVE,BECKPATRICIAFRANCES,PATRICIAFRANCESBECK,1626MOORE'SCHAPELCEMETARYRD,WHITE,NL,NOTHISPANICorNOTLATINO,DEM,DEMOCRATIC,62.0,,Age4165,AA67199
,,ACTIVE,BECKPATRICIAB,PATRICIABBECK,622RIVERSIDEDR,WHITE,NL,NOTHISPANICorNOTLATINO,REP,REPUBLICAN,,7262000.0,Age4165,AA118796
,,ACTIVE,BECKSARAHJAROSAK,SARAHJAROSAKBECK,648BRASSFIELDDR,WHITE,NL,NOTHISPANICorNOTLATINO,DEM,DEMOCRATIC,29.0,6162009.0,Age2640,BY375172
,,ACTIVE,BECKSHANNONG,SHANNONGBECK,714MILLPOINTEWAY,WHITE,NL,NOTHISPANICorNOTLATINO,UNA,UNAFFILIATED,,6041996.0,Age4165,AA99267
,R,REMOVED,BECKSHARONLEAH,SHARONLEAHBECK,3229CALLOWAYDR,WHITE,NL,NOTHISPANICorNOTLATINO,REP,REPUBLICAN,,8081990.0,Age4165,AA72826
,,ACTIVE,BECKSTEPHENLIGHTFOOT,STEPHENLIGHTFOOTBECK,314DRIFTWOODDR,WHITE,NL,NOTHISPANICorNOTLATINO,REP,REPUBLICAN,56.0,5311996.0,Age4165,AA99994
,,ACTIVE,BECKTAMMYRENEE,TAMMYRENEEBECK,2029SMEBANEST,WHITE,NL,NOTHISPANICorNOTLATINO,REP,REPUBLICAN,,12071995.0,Age4165,AA96784
,,ACTIVE,BECKVIRGINIASNIDER,VIRGINIASNIDERBECK,507EVERETTST112A,WHITE,UN,UNDESIGNATED,REP,REPUBLICAN,78.0,10261968.0,AgeOver66,
,,ACTIVE,BECKWALTERWRIKE,WALTERWRIKEBECK,,WHITE,NL,NOTHISPANICorNOTLATINO,REP,REPUBLICAN,51.0,9051990.0,Age4165,AA73198
,I,INACTIVE,BECKWILLIAMEUGENEJR,WILLIAMEUGENEBECKJR,317STONEWYCKDR,WHITE,NL,NOTHISPANICorNOTLATINO,UNA,UNAFFILIATED,65.0,1161987.0,Age4165,AA61398
,,ACTIVE,BECKZACHARYALLEN,ZACHARYALLENBECK,,WHITE,NL,NOTHISPANICorNOTLATINO,UNA,UNAFFILIATED,18.0,10252012.0,,AA178314
,,ACTIVE,BECKENCINDYLEE,CINDYLEEBECKEN,5040SNCHWY62,WHITE,UN,UNDESIGNATED,REP,REPUBLICAN,57.0,1121998.0,Age4165,AA108809
,,ACTIVE,BECKERANNAMARIE,ANNAMARIEBECKER,706HUFFMANMILLRDE9,WHITE,NL,NOTHISPANICorNOTLATINO,UNA,UNAFFILIATED,,2152002.0,Age4165,AA125671
,,ACTIVE,BECKERBRITTANY,BRITTANYBECKER,752SHARPERD,BLACKorAFRICANAMERICAN,UN,UNDESIGNATED,DEM,DEMOCRATIC,22.0,4102008.0,,AA154043
,D,DENIED,BECKERCRYSTALMARIE,CRYSTALMARIEBECKER,,WHITE,UN,UNDESIGNATED,UNA,UNAFFILIATED,32.0,4012008.0,Age2640,AA163960
,,ACTIVE,BECKERDONNAWHEELER,DONNAWHEELERBECKER,,WHITE,NL,NOTHISPANICorNOTLATINO,UNA,UNAFFILIATED,55.0,6132008.0,Age4165,AA154945
,,ACTIVE,BECKERJASPERBENOITIII,JASPERBENOITBECKERIII,,WHITE,NL,NOTHISPANICorNOTLATINO,UNA,UNAFFILIATED,54.0,10021997.0,Age4165,AA107764
,,ACTIVE,BECKERKATIESUEHARRY,KATIESUEHARRYBECKER,,WHITE,NL,NOTHISPANICorNOTLATINO,DEM,DEMOCRATIC,69.0,10061980.0,AgeOver66,
,D,DENIED,BECKERLAWRENCEAUSTIN,LAWRENCEAUSTINBECKER,2008SMEBANESTK,BLACKorAFRICANAMERICAN,UN,UNDESIGNATED,DEM,DEMOCRATIC,19.0,6062012.0,,AA173098
,I,INACTIVE,BECKERLESLIEANN,LESLIEANNBECKER,,WHITE,NL,NOTHISPANICorNOTLATINO,DEM,DEMOCRATIC,35.0,11232011.0,Age2640,AA169738
,,ACTIVE,BECKERMARVASINES,,149CARDENPLACEDRG,WHITE,NL,NOTHISPANICorNOTLATINO,DEM,DEMOCRATIC,57.0,1231998.0,Age4165,AA108918
,,ACTIVE,BECKERMICHAELSTEVEN,,,WHITE,NL,NOTHISPANICorNOTLATINO,DEM,DEMOCRATIC,70.0,10061980.0,AgeOver66,
,,ACTIVE,BECKERSIMONE,SIMONEBECKER,700EHAGGARDAVE202P,UNDESIGNATED,UN,UNDESIGNATED,REP,REPUBLICAN,19.0,10012012.0,,AA176256
,,ACTIVE,BECKERDITEJUNEDRIVER,JUNEDRIVERBECKERDITE,514PEELESTB,WHITE,NL,NOTHISPANICorNOTLATINO,REP,REPUBLICAN,75.0,12011998.0,AgeOver66,AA112346
,,ACTIVE,BECKHAMDEANNADODSON,DEANNADODSONBECKHAM,3348NESTER'SCT,WHITE,NL,NOTHISPANICorNOTLATINO,DEM,DEMOCRATIC,38.0,10051992.0,Age2640,AA84300
,,ACTIVE,BECKHAMGEORGEALVIN,GEORGEALVINBECKHAM,152SHADOWRIDGEDR,WHITE,NL,NOTHISPANICorNOTLATINO,REP,REPUBLICAN,60.0,1172008.0,Age4165,AA151844
,R,REMOVED,BECKHAMGLENDAJOYCE,GLENDAJOYCEBECKHAM,152SHADOWRIDGEDR,WHITE,NL,NOTHISPANICorNOTLATINO,REP,REPUBLICAN,61.0,,Age4165,AA151010
,,ACTIVE,BECKHAMJOECLIFTON,JOECLIFTONBECKHAM,,WHITE,NL,NOTHISPANICorNOTLATINO,REP,REPUBLICAN,41.0,,Age4165,AA140286
,,ACTIVE,BECKHAMLAURENTAYLOR,LAURENTAYLORBECKHAM,700EHAGGARDAVE,BLACKorAFRICANAMERICAN,UN,UNDESIGNATED,DEM,DEMOCRATIC,24.0,4092008.0,,AA154084
,,ACTIVE,BECKLERGLENDALIGON,GLENDALIGONBECKLER,,WHITE,NL,NOTHISPANICorNOTLATINO,DEM,DEMOCRATIC,68.0,10022008.0,AgeOver66,AA157877
,,ACTIVE,BECKNELLEVERETTC,EVERETTCBECKNELL,4033COPELANDTER,UNDESIGNATED,UN,UNDESIGNATED,REP,REPUBLICAN,39.0,9162004.0,Age2640,AA137744
,,ACTIVE,BECKNELLGRETCHENRIGHT,GRETCHENRIGHTBECKNELL,4033COPELANDTER,WHITE,NL,NOTHISPANICorNOTLATINO,UNA,UNAFFILIATED,33.0,9152004.0,Age2640,AA137626
,,ACTIVE,BECKNERBETTYKLINE,BETTYKLINEBECKNER,308WLAKETRL,WHITE,NL,NOTHISPANICorNOTLATINO,REP,REPUBLICAN,82.0,4181998.0,AgeOver66,AA109998
,,ACTIVE,BECKNERJANICEMOORE,JANICEMOOREBECKNER,397WLAKETRL,WHITE,UN,UNDESIGNATED,REP,REPUBLICAN,,10071996.0,Age4165,AA102829
,,ACTIVE,BECKNERSTEVENKLINE,STEVENKLINEBECKNER,397WLAKETRL,WHITE,NL,NOTHISPANICorNOTLATINO,REP,REPUBLICAN,61.0,10071996.0,Age4165,AA104178
,R,REMOVED,BECKNERWINIFREDEDWARD,WINIFREDEDWARDBECKNER,211NSIXTHST,WHITE,NL,NOTHISPANICorNOTLATINO,REP,REPUBLICAN,85.0,4181998.0,AgeOver66,AA109999
,,ACTIVE,BECKOMANGELAJACQUELINE,ANGELAJACQUELINEBECKOM,866MANNINGAVE,WHITE,NL,NOTHISPANICorNOTLATINO,UNA,UNAFFILIATED,38.0,10072004.0,Age2640,AA140878
,I,INACTIVE,BECKOMANNIEM,ANNIEMBECKOM,507EVERETTST314B,WHITE,NL,NOTHISPANICorNOTLATINO,UNA,UNAFFILIATED,88.0,9291973.0,AgeOver66,
,A,ACTIVE,BECKOMBENCECIL,BENCECILBECKOM,1618GERRINGERMILLRD,WHITE,NL,NOTHISPANICorNOTLATINO,DEM,DEMOCRATIC,75.0,,AgeOver66,
,A,ACTIVE,BECKOMBENJAMINGETTIS,BENJAMINGETTISBECKOM,3443OSCEOLARD,WHITE,UN,UNDESIGNATED,UNA,UNAFFILIATED,20.0,6232010.0,,AA165830
,A,ACTIVE,BECKOMBETTYMOSER,BETTYMOSERBECKOM,3172MANSFIELDRD,WHITE,NL,NOTHISPANICorNOTLATINO,DEM,DEMOCRATIC,67.0,10291966.0,AgeOver66,AA9106
,A,ACTIVE,BECKOMBILLYANDREWJR,BILLYANDREWBECKOMJR,3056BELLEMONTMTHERMONRD,WHITE,NL,NOTHISPANICorNOTLATINO,UNA,UNAFFILIATED,54.0,1211994.0,Age4165,AA89107
,R,REMOVED,BECKOMERNESTCURTISJR,ERNESTCURTISBECKOMJR,3315BURCHBRIDGERD,WHITE,NL,NOTHISPANICorNOTLATINO,REP,REPUBLICAN,79.0,11111997.0,AgeOver66,AA108573
,R,REMOVED,BECKOMHELENJOHNSON,HELENJOHNSONBECKOM,3172MANSFIELDRD,WHITE,NL,NOTHISPANICorNOTLATINO,DEM,DEMOCRATIC,66.0,12281995.0,AgeOver66,AA96785
,R,REMOVED,BECKOMJANET,JANETBECKOM,1618GERRINGERMILLRD,WHITE,NL,NOTHISPANICorNOTLATINO,DEM,DEMOCRATIC,74.0,,AgeOver66,
,A,ACTIVE,BECKOMJERRYARTHUR,JERRYARTHURBECKOM,3172MANSFIELDRD,WHITE,NL,NOTHISPANICorNOTLATINO,DEM,DEMOCRATIC,68.0,,AgeOver66,
,A,ACTIVE,BECKOMJOHNDEE,JOHNDEEBECKOM,1302BOONERD,WHITE,NL,NOTHISPANICorNOTLATINO,DEM,DEMOCRATIC,85.0,2091983.0,AgeOver66,
,A,ACTIVE,BECKOMLOUISEM,,2057ROUTHRD,WHITE,NL,NOTHISPANICorNOTLATINO,UNA,UNAFFILIATED,73.0,11232011.0,AgeOver66,DN99647
,R,REMOVED,BECKOMMARGARETDANIELEY,,3172MANSFIELDRD,WHITE,NL,NOTHISPANICorNOTLATINO,REP,REPUBLICAN,99.0,8251956.0,AgeOver66,
,R,REMOVED,BECKOMMARGARETMOZELLE,,2875MINECREEKRD,WHITE,NL,NOTHISPANICorNOTLATINO,DEM,DEMOCRATIC,96.0,8111956.0,AgeOver66,
,A,ACTIVE,BECKOMMARGARETRUMLEY,,3965BURCHBRIDGERD,WHITE,NL,NOTHISPANICorNOTLATINO,DEM,DEMOCRATIC,90.0,5091946.0,AgeOver66,
,A,ACTIVE,BECKOMMARLEEWILSON,,1005INGLEST,WHITE,NL,NOTHISPANICorNOTLATINO,DEM,DEMOCRATIC,40.0,3262012.0,Age2640,BJ31335
,R,REMOVED,BECKOMMARLEEWILSON,,1470NNCHWY87,WHITE,NL,NOTHISPANICorNOTLATINO,DEM,DEMOCRATIC,40.0,3201996.0,Age2640,AA98349
,A,ACTIVE,BECKOMMARTHAWAGONER,,1302BOONERD,WHITE,NL,NOTHISPANICorNOTLATINO,REP,REPUBLICAN,76.0,5071960.0,AgeOver66,
,A,ACTIVE,BECKOMOSCARTHOMAS,OSCARTHOMASBECKOM,3965BURCHBRIDGERD,WHITE,NL,NOTHISPANICorNOTLATINO,DEM,DEMOCRATIC,90.0,,AgeOver66,
,A,ACTIVE,BECKOMRODNEYTHOMPSON,RODNEYTHOMPSONBECKOM,1005INGLEST,WHITE,NL,NOTHISPANICorNOTLATINO,REP,REPUBLICAN,40.0,8312012.0,Age2640,AA115916
,A,ACTIVE,BECKOMSAMMYRONALD,SAMMYRONALDBECKOM,866MANNINGAVE,WHITE,NL,NOTHISPANICorNOTLATINO,DEM,DEMOCRATIC,56.0,7171976.0,Age4165,
,A,ACTIVE,BECKOMTRACEYSTUTTS,TRACEYSTUTTSBECKOM,4007BURCHBRIDGERD,WHITE,NL,NOTHISPANICorNOTLATINO,DEM,DEMOCRATIC,39.0,,Age2640,AA78950
,A,ACTIVE,BECKOMWILLIAMTODD,WILLIAMTODDBECKOM,3443OSCEOLARD,WHITE,NL,NOTHISPANICorNOTLATINO,UNA,UNAFFILIATED,,11251998.0,Age4165,AA112349
,A,ACTIVE,BECKWITHASHLEYNICOLE,ASHLEYNICOLEBECKWITH,705SUMMITRIDGERD,WHITE,NL,NOTHISPANICorNOTLATINO,UNA,UNAFFILIATED,23.0,9302008.0,,AA158201
,A,ACTIVE,BECKWITHCARRIEKENNEDY,CARRIEKENNEDYBECKWITH,,WHITE,NL,NOTHISPANICorNOTLATINO,UNA,UNAFFILIATED,36.0,5032004.0,Age2640,AA134076
,A,ACTIVE,BECKWITHCHRISTINEANNETTE,CHRISTINEANNETTEBECKWITH,1616TROLLINGWOODRD9,WHITE,NL,NOTHISPANICorNOTLATINO,REP,REPUBLICAN,55.0,8181997.0,Age4165,AA107187
,A,ACTIVE,BECKWITHKENNETHMARK,KENNETHMARKBECKWITH,2343GWYNRD,WHITE,NL,NOTHISPANICorNOTLATINO,REP,REPUBLICAN,,1302009.0,Age4165,AA163359
,A,ACTIVE,BECKWITHMARKDAVID,,,WHITE,NL,NOTHISPANICorNOTLATINO,UNA,UNAFFILIATED,40.0,7311991.0,Age2640,AA77990
,A,ACTIVE,BECKWITHMELISSAKAYESHARPE,,704APPLEST,WHITE,UN,UNDESIGNATED,REP,REPUBLICAN,,10032005.0,Age4165,AA144811
,A,ACTIVE,BECKWITHSCOTTDOUGLAS,SCOTTDOUGLASBECKWITH,4412ALAMANCEBAPTISTCHURCHLOOP,WHITE,NL,NOTHISPANICorNOTLATINO,UNA,UNAFFILIATED,52.0,5312011.0,Age4165,AA168632
,A,ACTIVE,BECKWITHTONGUAHARRELL,TONGUAHARRELLBECKWITH,2343GWYNRD,WHITE,NL,NOTHISPANICorNOTLATINO,REP,REPUBLICAN,,6172011.0,Age4165,AA168748
,A,ACTIVE,BECKWITHTONYAWILSON,TONYAWILSONBECKWITH,213WARDST,WHITE,NL,NOTHISPANICorNOTLATINO,REP,REPUBLICAN,42.0,11042008.0,Age4165,AA162937
,A,ACTIVE,BECKWITHTROYDOUGLASJR,TROYDOUGLASBECKWITHJR,400CANNONST,WHITE,NL,NOTHISPANICorNOTLATINO,DEM,DEMOCRATIC,23.0,4082009.0,,AA163679
,A,ACTIVE,BECKWITHTROYDOUGLAS,TROYDOUGLASBECKWITH,2705WOODBURYDRB,WHITE,NL,NOTHISPANICorNOTLATINO,REP,REPUBLICAN,44.0,4132009.0,Age4165,AA163690
,A,ACTIVE,BECMERBRIANRAYMOND,BRIANRAYMONDBECMER,2275SUNBERRYDR,WHITE,NL,NOTHISPANICorNOTLATINO,UNA,UNAFFILIATED,41.0,2232009.0,Age4165,AA163476
,R,REMOVED,BECMERBRIANRAYMOND,BRIANRAYMONDBECMER,2004CHAPELHILLRD,WHITE,NL,NOTHISPANICorNOTLATINO,UNA,UNAFFILIATED,41.0,1101997.0,Age4165,AA104607
,A,ACTIVE,BECRAFTREGINALYNN,REGINALYNNBECRAFT,915LYNDONLN,WHITE,UN,UNDESIGNATED,DEM,DEMOCRATIC,43.0,8022004.0,Age4165,AA135774
,A,ACTIVE,BECTONDEBORAGREEN,DEBORAGREENBECTON,440CIRCLEDR,WHITE,NL,NOTHISPANICorNOTLATINO,REP,REPUBLICAN,57.0,1031995.0,Age4165,AA92626
,R,REMOVED,BECTONJOELTIMOTHY,JOELTIMOTHYBECTON,440CIRCLEDR,WHITE,NL,NOTHISPANICorNOTLATINO,REP,REPUBLICAN,63.0,11081983.0,Age4165,
,A,ACTIVE,BEDARDJENNIFERLYNN,JENNIFERLYNNBEDARD,2208MCGREGORRD,WHITE,UN,UNDESIGNATED,DEM,DEMOCRATIC,27.0,6042012.0,Age2640,AA172514
,A,ACTIVE,BEDDINGFIELDJENNIFERLYNN,JENNIFERLYNNBEDDINGFIELD,,WHITE,NL,NOTHISPANICorNOTLATINO,UNA,UNAFFILIATED,28.0,6242004.0,Age2640,AA135120
,A,ACTIVE,BEDDINGFIELDJESSIEWAYLON,JESSIEWAYLONBEDDINGFIELD,,WHITE,NL,NOTHISPANICorNOTLATINO,DEM,DEMOCRATIC,30.0,9172004.0,Age2640,AA137824
,A,ACTIVE,BEDDINGFIELDRHONDAF,RHONDAFBEDDINGFIELD,3009WINSTONDR100,WHITE,UN,UNDESIGNATED,REP,REPUBLICAN,,9202004.0,Age4165,AA137974
,A,ACTIVE,BEDELLDEANP,DEANPBEDELL,1523BENTWOODDR,WHITE,NL,NOTHISPANICorNOTLATINO,UNA,UNAFFILIATED,75.0,4121991.0,AgeOver66,AA77110
,A,ACTIVE,BEDELLDONALDHORRY,DONALDHORRYBEDELL,100WPARKERST,WHITE,NL,NOTHISPANICorNOTLATINO,REP,REPUBLICAN,69.0,3132001.0,AgeOver66,AA122883
,A,ACTIVE,BEDELLJENNIFERAUGUSTA,JENNIFERAUGUSTABEDELL,100WPARKERST,WHITE,NL,NOTHISPANICorNOTLATINO,REP,REPUBLICAN,32.0,3282002.0,Age2640,AA126069
,A,ACTIVE,BEDELLKIMBERLYMASON,KIMBERLYMASONBEDELL,,WHITE,NL,NOTHISPANICorNOTLATINO,REP,REPUBLICAN,50.0,3012001.0,Age4165,AA122884
,R,REMOVED,BEDELLKRISTINDANA,KRISTINDANABEDELL,2717CRESCENTHILLCT,WHITE,NL,NOTHISPANICorNOTLATINO,UNA,UNAFFILIATED,37.0,11231999.0,Age2640,AA116250
,A,ACTIVE,BEDELLRUTHWESTLUND,RUTHWESTLUNDBEDELL,100WPARKERST,WHITE,NL,NOTHISPANICorNOTLATINO,REP,REPUBLICAN,67.0,10062000.0,AgeOver66,AA120713
,A,ACTIVE,BEDELLSEANWILLIAM,SEANWILLIAMBEDELL,613CAMERONST,WHITE,NL,NOTHISPANICorNOTLATINO,DEM,DEMOCRATIC,37.0,,Age2640,AA178140
,A,ACTIVE,BEDELLWILLIAMALAN,WILLIAMALANBEDELL,,WHITE,NL,NOTHISPANICorNOTLATINO,REP,REPUBLICAN,,3302001.0,Age4165,AA123312
,A,ACTIVE,BEDNARD'ARCYELISABETH,D'ARCYELISABETHBEDNAR,2128HOLLANDAVE,WHITE,NL,NOTHISPANICorNOTLATINO,REP,REPUBLICAN,58.0,10081984.0,Age4165,AA58051
,A,ACTIVE,BEDWELLKATHLEENBURKE,KATHLEENBURKEBEDWELL,409WARDST,WHITE,NL,NOTHISPANICorNOTLATINO,DEM,DEMOCRATIC,,6182008.0,Age4165,BL292567
,A,ACTIVE,BEEDEBORAHSUE,DEBORAHSUEBEE,3072CALLOWAYDR,WHITE,NL,NOTHISPANICorNOTLATINO,UNA,UNAFFILIATED,52.0,5081997.0,Age4165,AA106058
,A,ACTIVE,BEEBEDRAYTONSCHINDEL,DRAYTONSCHINDELBEEBE,,WHITE,NL,NOTHISPANICorNOTLATINO,UNA,UNAFFILIATED,21.0,5032012.0,,CW878821
,A,ACTIVE,BEEBEHOLLENDWAYNE,HOLLENDWAYNEBEEBE,,WHITE,NL,NOTHISPANICorNOTLATINO,REP,REPUBLICAN,19.0,,,AA169525
,R,REMOVED,BEEBENICOLEMARIE,NICOLEMARIEBEEBE,188NGRAHAMHOPEDALERD,UNDESIGNATED,UN,UNDESIGNATED,UNA,UNAFFILIATED,33.0,,Age2640,AA141122
,A,ACTIVE,BEEDLEBARRYBERNARD,BARRYBERNARDBEEDLE,504NEESECT,WHITE,NL,NOTHISPANICorNOTLATINO,REP,REPUBLICAN,62.0,7151980.0,Age4165,
,A,ACTIVE,BEEDLEJENNIEARNER,JENNIEARNERBEEDLE,504NEESECT,WHITE,NL,NOTHISPANICorNOTLATINO,REP,REPUBLICAN,63.0,10031978.0,Age4165,
,A,ACTIVE,BEEKERDORTHEAAMANDA,DORTHEAAMANDABEEKER,1849SHAMROCKDR,WHITE,NL,NOTHISPANICorNOTLATINO,REP,REPUBLICAN,42.0,7301990.0,Age4165,AA72735
,A,ACTIVE,BEEKERFRANCESRICH,FRANCESRICHBEEKER,1849SHAMROCKDR,WHITE,NL,NOTHISPANICorNOTLATINO,REP,REPUBLICAN,73.0,9042009.0,AgeOver66,AA164646
,D,DENIED,BEEKERLISADAWN,,149CUTLERTR,WHITE,NL,NOTHISPANICorNOTLATINO,DEM,DEMOCRATIC,35.0,12041996.0,Age2640,AA104614
,A,ACTIVE,BEEKERMARVINBOYD,,1849SHAMROCKDR,WHITE,NL,NOTHISPANICorNOTLATINO,REP,REPUBLICAN,74.0,,AgeOver66,AA131859
,R,REMOVED,BEEKERPATRICIAJOANN,PATRICIAJOANNBEEKER,2627SAXAPAHAWBETHLEHEMCHURCHRDB,WHITE,NL,NOTHISPANICorNOTLATINO,UNA,UNAFFILIATED,51.0,9072010.0,Age4165,BL161623
,R,REMOVED,BEEKERSTEVENBOYD,STEVENBOYDBEEKER,,WHITE,NL,NOTHISPANICorNOTLATINO,REP,REPUBLICAN,52.0,9222000.0,Age4165,AA120199
,A,ACTIVE,BEELERJANICEM,JANICEMBEELER,,WHITE,UN,UNDESIGNATED,REP,REPUBLICAN,57.0,10042010.0,Age4165,AA167025
,A,ACTIVE,BEELERLEWISHSR,LEWISHBEELERSR,,WHITE,UN,UNDESIGNATED,REP,REPUBLICAN,57.0,10042010.0,Age4165,AA167026
,A,ACTIVE,BEELERLEWISHERBERTJR,LEWISHERBERTBEELERJR,,WHITE,NL,NOTHISPANICorNOTLATINO,REP,REPUBLICAN,31.0,9302010.0,Age2640,AA166959
,A,ACTIVE,BEELERTIMOTHYCRAIG,TIMOTHYCRAIGBEELER,1335GRANVILLEST,WHITE,NL,NOTHISPANICorNOTLATINO,DEM,DEMOCRATIC,51.0,1081992.0,Age4165,AA79400
,A,ACTIVE,BEELERWILLIAMDANIEL,WILLIAMDANIELBEELER,,WHITE,NL,NOTHISPANICorNOTLATINO,REP,REPUBLICAN,28.0,10042010.0,Age2640,AA167027
,A,ACTIVE,BEENMARYFRANCIS,,2171LONGDAIRYRD,WHITE,NL,NOTHISPANICorNOTLATINO,UNA,UNAFFILIATED,73.0,5112005.0,AgeOver66,AA143572
,D,DENIED,BEERSNEILADAM,NEILADAMBEERS,1613SAXAPAHAWBETHLEHEMCHURCHRDCSS101,WHITE,NL,NOTHISPANICorNOTLATINO,UNA,UNAFFILIATED,33.0,1272010.0,Age2640,AA165344
,A,ACTIVE,BEESONCARLAHAYES,CARLAHAYESBEESON,,WHITE,UN,UNDESIGNATED,UNA,UNAFFILIATED,,10272012.0,Age4165,DE251433
,A,ACTIVE,BEESONCHRISTOPHER,CHRISTOPHERBEESON,900EHAGGARDAVE,UNDESIGNATED,UN,UNDESIGNATED,REP,REPUBLICAN,24.0,10072008.0,,AW174620
,A,ACTIVE,BEHCHRISTINEB,CHRISTINEBBEH,3817ASBURYCT,WHITE,NL,NOTHISPANICorNOTLATINO,REP,REPUBLICAN,80.0,9262012.0,AgeOver66,AX49077
,A,ACTIVE,BEHNKEJOHNMORGAN,JOHNMORGANBEHNKE,,WHITE,NL,NOTHISPANICorNOTLATINO,UNA,UNAFFILIATED,55.0,7161998.0,Age4165,AA110565
,A,ACTIVE,BEHNKEMARTHACOLM,,,WHITE,NL,NOTHISPANICorNOTLATINO,DEM,DEMOCRATIC,53.0,,Age4165,AA112025
,I,INACTIVE,BEHRENSDONNAMARIE,DONNAMARIEBEHRENS,780BOONESTATIONDRA,WHITE,NL,NOTHISPANICorNOTLATINO,UNA,UNAFFILIATED,43.0,9282006.0,Age4165,AA147727
,I,INACTIVE,BEHRENSJOHNTHOMASJR,JOHNTHOMASBEHRENSJR,780BOONESTATIONDRA,WHITE,NL,NOTHISPANICorNOTLATINO,REP,REPUBLICAN,42.0,10042006.0,Age4165,AA147758
,A,ACTIVE,BEIERWALTESDOROTHYOSULLIVAN,DOROTHYOSULLIVANBEIERWALTES,1247STONEYCREEKCHURCHRD,WHITE,NL,NOTHISPANICorNOTLATINO,DEM,DEMOCRATIC,71.0,2201992.0,AgeOver66,AA79707
,A,ACTIVE,BEIERWALTESJOHNMORGAN,JOHNMORGANBEIERWALTES,1247STONEYCREEKCHURCHRD,WHITE,NL,NOTHISPANICorNOTLATINO,REP,REPUBLICAN,73.0,2241992.0,AgeOver66,AA79708
,A,ACTIVE,BEIRNEBRIANFRANCISJR,BRIANFRANCISBEIRNEJR,,WHITE,NL,NOTHISPANICorNOTLATINO,UNA,UNAFFILIATED,31.0,7262002.0,Age2640,AA127058
,A,ACTIVE,BEIRNEMEGANWITTENWYLER,,,WHITE,NL,NOTHISPANICorNOTLATINO,UNA,UNAFFILIATED,33.0,7252002.0,Age2640,AA127047
,A,ACTIVE,BEITMANLAURABAUMANN,LAURABAUMANNBEITMAN,,WHITE,NL,NOTHISPANICorNOTLATINO,REP,REPUBLICAN,63.0,10062005.0,Age4165,AA145011
,A,ACTIVE,BEJCEKANDREACHRISTINE,ANDREACHRISTINEBEJCEK,1405PLATINUMCT,WHITE,NL,NOTHISPANICorNOTLATINO,UNA,UNAFFILIATED,30.0,,Age2640,AA158906
,A,ACTIVE,BEJCEKANDREWEDWIN,ANDREWEDWINBEJCEK,1700QUAKERCREEKDR1704,WHITE,NL,NOTHISPANICorNOTLATINO,UNA,UNAFFILIATED,28.0,,Age2640,AA158907
,A,ACTIVE,BEJOSANTHONYDISMAS,ANTHONYDISMASBEJOS,,OTHER,UN,UNDESIGNATED,DEM,DEMOCRATIC,54.0,6232010.0,Age4165,AA165850
,A,ACTIVE,BEJOSELIZABETHA,ELIZABETHABEJOS,,WHITE,NL,NOTHISPANICorNOTLATINO,UNA,UNAFFILIATED,51.0,,Age4165,AA112350
,A,ACTIVE,BEJOSMIGUELANTHONY,,,WHITE,UN,UNDESIGNATED,UNA,UNAFFILIATED,21.0,6012009.0,Age1825,AA164150
,A,ACTIVE,BEJOSMIGUELADIB,,,WHITE,NL,NOTHISPANICorNOTLATINO,UNA,UNAFFILIATED,52.0,9192002.0,Age4165,AA127637
,A,ACTIVE,BEJTABAHRIJE,BAHRIJEBEJTA,303SFISHERST,WHITE,UN,UNDESIGNATED,DEM,DEMOCRATIC,35.0,10292008.0,Age2640,AA162018
,A,ACTIVE,BEJTAMENSUR,,303SFISHERST,WHITE,UN,UNDESIGNATED,REP,REPUBLICAN,37.0,12122006.0,Age2640,AA148146
ALAMANCE,A,ACTIVE,BEKHETFADI,FADIBEKHET,,WHITE,NL,NOTHISPANICorNOTLATINO,DEM,DEMOCRATIC,35.0,12152011.0,Age2640,BW45366
,R,REMOVED,BEKOESALLY,SALLYBEKOE,212WILLOWBROOKCT,OTHER,UN,UNDESIGNATED,UNA,UNAFFILIATED,34.0,4162004.0,Age2640,AA133979
ALAMANCE,A,ACTIVE,BELANDAMANDAHELEN,AMANDAHELENBELAND,,UNDESIGNATED,UN,UNDESIGNATED,REP,REPUBLICAN,18.0,10052012.0,,AA176325
ALAMANCE,I,INACTIVE,BELANGERKELLYLYNN,KELLYLYNNBELANGER,1624RIDGECRESTAVE,WHITE,NL,NOTHISPANICorNOTLATINO,DEM,DEMOCRATIC,37.0,2091995.0,Age2640,AA92627
ALAMANCE,A,ACTIVE,BELANGIACLYDEOSCARJR,CLYDEOSCARBELANGIAJR,4640FORESTLAKEDR,WHITE,NL,NOTHISPANICorNOTLATINO,DEM,DEMOCRATIC,67.0,4201968.0,AgeOver66,
ALAMANCE,A,ACTIVE,BELANGIAFREDERICKMACLEAN,FREDERICKMACLEANBELANGIA,4640FORESTLAKEDR,WHITE,NL,NOTHISPANICorNOTLATINO,UNA,UNAFFILIATED,29.0,8302004.0,Age2640,AA136964
ALAMANCE,A,ACTIVE,BELANGIAJOSEPHNELSON,JOSEPHNELSONBELANGIA,4118DICKEYMILLRDC,WHITE,NL,NOTHISPANICorNOTLATINO,UNA,UNAFFILIATED,39.0,,Age2640,AA147759
ALAMANCE,A,ACTIVE,BELANGIAJUSTINERACHEL,JUSTINERACHELBELANGIA,602ANNADR,WHITE,NL,NOTHISPANICorNOTLATINO,UNA,UNAFFILIATED,38.0,3171999.0,Age2640,AA144621
ALAMANCE,A,ACTIVE,BELANGIASUSANDUDLEY,SUSANDUDLEYBELANGIA,4640FORESTLAKEDR,WHITE,NL,NOTHISPANICorNOTLATINO,DEM,DEMOCRATIC,65.0,4201968.0,Age4165,
ALAMANCE,A,ACTIVE,BELARDOEZEQUIEL,EZEQUIELBELARDO,,OTHER,NL,NOTHISPANICorNOTLATINO,DEM,DEMOCRATIC,70.0,4162007.0,AgeOver66,AA149376
ALAMANCE,A,ACTIVE,BELARDOLYDIA,,,WHITE,HL,HISPANICorLATINO,DEM,DEMOCRATIC,64.0,6052008.0,Age4165,AA163821
ALAMANCE,A,ACTIVE,BELCHERADAMJABAR,ADAMJABARBELCHER,1616WHITEDR,BLACKorAFRICANAMERICAN,NL,NOTHISPANICorNOTLATINO,DEM,DEMOCRATIC,20.0,10072011.0,,AA169466
ALAMANCE,A,ACTIVE,BELCHERBARBARAWILLIAMS,BARBARAWILLIAMSBELCHER,1933SHIRLEYDR,WHITE,NL,NOTHISPANICorNOTLATINO,REP,REPUBLICAN,67.0,5301995.0,AgeOver66,AA94105
ALAMANCE,A,ACTIVE,BELCHERBETTYRUDD,BETTYRUDDBELCHER,204ROMARD,WHITE,NL,NOTHISPANICorNOTLATINO,DEM,DEMOCRATIC,77.0,5161964.0,AgeOver66,
ALAMANCE,I,INACTIVE,BELCHERBILLYGENE,BILLYGENEBELCHER,514OAKGROVEDR,BLACKorAFRICANAMERICAN,NL,NOTHISPANICorNOTLATINO,UNA,UNAFFILIATED,55.0,4202004.0,Age4165,AA133930
ALAMANCE,I,INACTIVE,BELCHERBRENDALOUISE,BRENDALOUISEBELCHER,373MCCRAYRDF,WHITE,NL,NOTHISPANICorNOTLATINO,REP,REPUBLICAN,,2072007.0,Age4165,AA148887
ALAMANCE,A,ACTIVE,BELCHERBRIANMCKINLEY,BRIANMCKINLEYBELCHER,329TRAILTHREE,WHITE,UN,UNDESIGNATED,UNA,UNAFFILIATED,27.0,11042008.0,Age2640,AA162487
ALAMANCE,A,ACTIVE,BELCHERCAITLANRYAN,CAITLANRYANBELCHER,312GREATSMOKEYMOUNTAINDR,WHITE,NL,NOTHISPANICorNOTLATINO,DEM,DEMOCRATIC,22.0,3202008.0,,AA152979
ALAMANCE,A,ACTIVE,BELCHERCHARLESBERNARD,CHARLESBERNARDBELCHER,204ROMARD,WHITE,NL,NOTHISPANICorNOTLATINO,DEM,DEMOCRATIC,78.0,5161964.0,AgeOver66,
ALAMANCE,A,ACTIVE,BELCHERCODYTYLER,CODYTYLERBELCHER,2229SADDLECLUBRD,WHITE,NL,NOTHISPANICorNOTLATINO,REP,REPUBLICAN,18.0,9252012.0,,AA175158
ALAMANCE,A,ACTIVE,BELCHERDANNYGREY,DANNYGREYBELCHER,1933SHIRLEYDR,WHITE,NL,NOTHISPANICorNOTLATINO,REP,REPUBLICAN,70.0,2051988.0,AgeOver66,AA63427
ALAMANCE,A,ACTIVE,BELCHERGERALDINEMCADAMS,GERALDINEMCADAMSBELCHER,,WHITE,NL,NOTHISPANICorNOTLATINO,REP,REPUBLICAN,67.0,,AgeOver66,
ALAMANCE,I,INACTIVE,BELCHERJESSICADYLAN,JESSICADYLANBELCHER,312GREATSMOKEYMOUNTAINDR,UNDESIGNATED,UN,UNDESIGNATED,DEM,DEMOCRATIC,19.0,8122011.0,,AA169149
ALAMANCE,A,ACTIVE,BELCHERKELLYHALL,KELLYHALLBELCHER,2242NCHWY54,WHITE,NL,NOTHISPANICorNOTLATINO,UNA,UNAFFILIATED,34.0,,Age2640,AA98689
ALAMANCE,A,ACTIVE,BELCHERKRISTINICOLE,KRISTINICOLEBELCHER,139LUNSFORDDR,TWOorMORERACES,NL,NOTHISPANICorNOTLATINO,DEM,DEMOCRATIC,29.0,,Age2640,BY360252
ALAMANCE,A,ACTIVE,BELCHERKRISTINAJOHNSON,KRISTINAJOHNSONBELCHER,312GREATSMOKEYMOUNTAINDR,WHITE,NL,NOTHISPANICorNOTLATINO,REP,REPUBLICAN,,9272002.0,Age4165,AA128129
ALAMANCE,A,ACTIVE,BELCHERLARRYRAY,LARRYRAYBELCHER,,WHITE,NL,NOTHISPANICorNOTLATINO,REP,REPUBLICAN,69.0,,AgeOver66,
ALAMANCE,A,ACTIVE,BELCHERMARKBRIAN,,329TRAILTHREE,WHITE,NL,NOTHISPANICorNOTLATINO,DEM,DEMOCRATIC,,12312002.0,Age4165,AA128510
ALAMANCE,A,ACTIVE,BELCHERPATRICIAKING,PATRICIAKINGBELCHER,350WOODHAVENDR,WHITE,NL,NOTHISPANICorNOTLATINO,DEM,DEMOCRATIC,,9212007.0,Age4165,AA150660
ALAMANCE,A,ACTIVE,BELCHERSHERILEA,SHERILEABELCHER,329TRAILTHREE,WHITE,NL,NOTHISPANICorNOTLATINO,DEM,DEMOCRATIC,26.0,3152012.0,Age2640,AA170960
ALAMANCE,A,ACTIVE,BELCHERTERESADAWN,TERESADAWNBELCHER,2216BORDEAUXDR,WHITE,NL,NOTHISPANICorNOTLATINO,DEM,DEMOCRATIC,55.0,4011978.0,Age4165,AA36038
ALAMANCE,A,ACTIVE,BELCHERTIMOTHYJOE,TIMOTHYJOEBELCHER,350WOODHAVENDR,WHITE,UN,UNDESIGNATED,DEM,DEMOCRATIC,43.0,12011999.0,Age4165,AA116251
ALAMANCE,A,ACTIVE,BELCHERTODDANDREW,TODDANDREWBELCHER,312GREATSMOKEYMOUNTAINDR,WHITE,NL,NOTHISPANICorNOTLATINO,REP,REPUBLICAN,,9102001.0,Age4165,AA124638
ALAMANCE,A,ACTIVE,BELCHERECHRISTINALYNN,CHRISTINALYNNBELCHERE,602EHAGGARDAVE,WHITE,NL,NOTHISPANICorNOTLATINO,UNA,UNAFFILIATED,22.0,,,AA159555
ALAMANCE,D,DENIED,BELFIELDMARYE,,,WHITE,NL,NOTHISPANICorNOTLATINO,DEM,DEMOCRATIC,,2081995.0,Age4165,AA92628
ALAMANCE,A,ACTIVE,BELFORDTRICIALYNN,TRICIALYNNBELFORD,780BOONESTATIONDRE,WHITE,NL,NOTHISPANICorNOTLATINO,UNA,UNAFFILIATED,39.0,8202001.0,Age2640,AA124235
ALAMANCE,I,INACTIVE,BELKROYEMMANUEL,ROYEMMANUELBELK,204JORDANCENTERF,BLACKorAFRICANAMERICAN,NL,NOTHISPANICorNOTLATINO,UNA,UNAFFILIATED,26.0,1312006.0,Age2640,AA145707
ALAMANCE,A,ACTIVE,BELLADAMJOSEPH,ADAMJOSEPHBELL,1720OLDSTMARK'SCHURCHRD102E,BLACKorAFRICANAMERICAN,NL,NOTHISPANICorNOTLATINO,DEM,DEMOCRATIC,25.0,10012012.0,,AA175914
ALAMANCE,A,ACTIVE,BELLALEXMICHAEL,ALEXMICHAELBELL,3122GWYNRD,WHITE,UN,UNDESIGNATED,REP,REPUBLICAN,24.0,,,AA159556
ALAMANCE,I,INACTIVE,BELLANNIETALLEY,ANNIETALLEYBELL,1712NMEBANEST,WHITE,NL,NOTHISPANICorNOTLATINO,REP,REPUBLICAN,82.0,10041988.0,AgeOver66,AA66922
ALAMANCE,A,ACTIVE,BELLASHLEYLYNN,ASHLEYLYNNBELL,2428WIMBLEDONCIR,BLACKorAFRICANAMERICAN,UN,UNDESIGNATED,DEM,DEMOCRATIC,24.0,4072008.0,,BY487296
ALAMANCE,A,ACTIVE,BELLBETHMETCALF,BETHMETCALFBELL,207SFOURTHST,WHITE,NL,NOTHISPANICorNOTLATINO,DEM,DEMOCRATIC,43.0,10042004.0,Age4165,AA139321
ALAMANCE,R,REMOVED,BELLBETTYDUNN,BETTYDUNNBELL,203EGREENST,WHITE,NL,NOTHISPANICorNOTLATINO,REP,REPUBLICAN,71.0,10061975.0,AgeOver66,
ALAMANCE,A,ACTIVE,BELLBRIALYNAE,BRIALYNAEBELL,,BLACKorAFRICANAMERICAN,UN,UNDESIGNATED,DEM,DEMOCRATIC,20.0,7252012.0,,AA173741
ALAMANCE,A,ACTIVE,BELLCARLOSEDWARD,CARLOSEDWARDBELL,,WHITE,NL,NOTHISPANICorNOTLATINO,REP,REPUBLICAN,65.0,9281992.0,Age4165,AA84040
ALAMANCE,A,ACTIVE,BELLCAROLYNGIBSON,CAROLYNGIBSONBELL,1005GIBSONRD,WHITE,NL,NOTHISPANICorNOTLATINO,DEM,DEMOCRATIC,70.0,9291982.0,AgeOver66,
ALAMANCE,A,ACTIVE,BELLCHARLESFREDERICK,CHARLESFREDERICKBELL,505ALAMANCERD107,WHITE,NL,NOTHISPANICorNOTLATINO,DEM,DEMOCRATIC,61.0,9052000.0,Age4165,AA119499
ALAMANCE,R,REMOVED,BELLCHARLOTTEANNE,CHARLOTTEANNEBELL,400QUAKERCREEKDR1,WHITE,NL,NOTHISPANICorNOTLATINO,REP,REPUBLICAN,37.0,11072001.0,Age2640,AA124902
ALAMANCE,A,ACTIVE,BELLCONNISDERWIN,CONNISDERWINBELL,2428WIMBLEDONCIR,BLACKorAFRICANAMERICAN,NL,NOTHISPANICorNOTLATINO,DEM,DEMOCRATIC,44.0,9152004.0,Age4165,AA138176
ALAMANCE,A,ACTIVE,BELLCYNTHIAALBRIGHT,CYNTHIAALBRIGHTBELL,612WWILLOWBROOKDR,WHITE,NL,NOTHISPANICorNOTLATINO,DEM,DEMOCRATIC,57.0,9041984.0,Age4165,
ALAMANCE,A,ACTIVE,BELLDAWNMICHELLE,DAWNMICHELLEBELL,,WHITE,NL,NOTHISPANICorNOTLATINO,DEM,DEMOCRATIC,44.0,3041988.0,Age4165,AA64037
ALAMANCE,R,REMOVED,BELLDAWNMICHELLE,DAWNMICHELLEBELL,2117COMBSST,WHITE,NL,NOTHISPANICorNOTLATINO,DEM,DEMOCRATIC,39.0,2232004.0,Age2640,AA133140
ALAMANCE,A,ACTIVE,BELLDEMARRR,DEMARRRBELL,726SHAWNEEDRC,BLACKorAFRICANAMERICAN,UN,UNDESIGNATED,UNA,UNAFFILIATED,27.0,7252012.0,Age2640,AA173742
ALAMANCE,A,ACTIVE,BELLDIANNEMCPHERSON,DIANNEMCPHERSONBELL,801STHIRDST,WHITE,NL,NOTHISPANICorNOTLATINO,DEM,DEMOCRATIC,69.0,10051972.0,AgeOver66,
ALAMANCE,A,ACTIVE,BELLDONALDRICHARD,DONALDRICHARDBELL,,WHITE,NL,NOTHISPANICorNOTLATINO,REP,REPUBLICAN,65.0,10011990.0,Age4165,AA74249
ALAMANCE,A,ACTIVE,BELLDONALDNORRISJR,DONALDNORRISBELLJR,,WHITE,NL,NOTHISPANICorNOTLATINO,DEM,DEMOCRATIC,42.0,3072012.0,Age4165,BY402515
ALAMANCE,A,ACTIVE,BELLEDNAMANN,EDNAMANNBELL,526EPARKERST,WHITE,NL,NOTHISPANICorNOTLATINO,DEM,DEMOCRATIC,72.0,3042005.0,AgeOver66,AA143225
ALAMANCE,A,ACTIVE,BELLEDWARDMICHAEL,EDWARDMICHAELBELL,207SFOURTHST,WHITE,NL,NOTHISPANICorNOTLATINO,REP,REPUBLICAN,44.0,6052001.0,Age4165,AA123715
ALAMANCE,A,ACTIVE,BELLEDWARDLEROY,EDWARDLEROYBELL,3031WINSTONDR305,WHITE,NL,NOTHISPANICorNOTLATINO,REP,REPUBLICAN,66.0,5141996.0,AgeOver66,AA99269
ALAMANCE,A,ACTIVE,BELLELIZABETHBOSLEY,ELIZABETHBOSLEYBELL,6645ADAVIDMOORERD,WHITE,NL,NOTHISPANICorNOTLATINO,UNA,UNAFFILIATED,51.0,10061980.0,Age4165,AA5841
ALAMANCE,A,ACTIVE,BELLELLENSHEPHERD,ELLENSHEPHERDBELL,3122GWYNRD,WHITE,UN,UNDESIGNATED,REP,REPUBLICAN,51.0,,Age4165,AA159557
ALAMANCE,A,ACTIVE,BELLELSIEWHITE,ELSIEWHITEBELL,2432EGREENSBOROCHAPELHILLRD,BLACKorAFRICANAMERICAN,NL,NOTHISPANICorNOTLATINO,DEM,DEMOCRATIC,70.0,10041976.0,AgeOver66,
ALAMANCE,A,ACTIVE,BELLEMILYANNE,EMILYANNEBELL,6645DAVIDMOORERDA,WHITE,NL,NOTHISPANICorNOTLATINO,UNA,UNAFFILIATED,19.0,5052012.0,,AA171670
ALAMANCE,A,ACTIVE,BELLFRANKEDWARD,FRANKEDWARDBELL,1411BOONERD,WHITE,NL,NOTHISPANICorNOTLATINO,DEM,DEMOCRATIC,73.0,,AgeOver66,
ALAMANCE,A,ACTIVE,BELLFRANKLINSCOTT,FRANKLINSCOTTBELL,1413BOONERD,WHITE,NL,NOTHISPANICorNOTLATINO,REP,REPUBLICAN,44.0,7251988.0,Age4165,AA65381
ALAMANCE,I,INACTIVE,BELLGAYLAMICHELLE,GAYLAMICHELLEBELL,515OAKWOODLN,BLACKorAFRICANAMERICAN,NL,NOTHISPANICorNOTLATINO,DEM,DEMOCRATIC,42.0,12122007.0,Age4165,AA151502
ALAMANCE,A,ACTIVE,BELLGEORGELEMLY,GEORGELEMLYBELL,2212LAKEVIEWTER,WHITE,NL,NOTHISPANICorNOTLATINO,DEM,DEMOCRATIC,85.0,5141960.0,AgeOver66,
ALAMANCE,A,ACTIVE,BELLGLEN,GLENBELL,,BLACKorAFRICANAMERICAN,NL,NOTHISPANICorNOTLATINO,DEM,DEMOCRATIC,52.0,11162011.0,Age4165,BY492563
ALAMANCE,A,ACTIVE,BELLGWENDOLYNCELESTE,GWENDOLYNCELESTEBELL,2608CAMBRIDGERD,WHITE,NL,NOTHISPANICorNOTLATINO,REP,REPUBLICAN,56.0,8192000.0,Age4165,AA119233
ALAMANCE,A,ACTIVE,BELLHOPELAVETTE,HOPELAVETTEBELL,1510SMEBANESTE,BLACKorAFRICANAMERICAN,UN,UNDESIGNATED,DEM,DEMOCRATIC,41.0,4222005.0,Age4165,AA143424
ALAMANCE,A,ACTIVE,BELLJACKKENNETH,JACKKENNETHBELL,1232COLLINSDR,WHITE,UN,UNDESIGNATED,REP,REPUBLICAN,78.0,9061958.0,AgeOver66,
ALAMANCE,A,ACTIVE,BELLJACKKENNETHII,JACKKENNETHBELLII,1606WEDGEWOODDR,WHITE,NL,NOTHISPANICorNOTLATINO,DEM,DEMOCRATIC,,1051982.0,Age4165,
ALAMANCE,A,ACTIVE,BELLJAMESWILSONJR,JAMESWILSONBELLJR,1005GIBSONRD,WHITE,NL,NOTHISPANICorNOTLATINO,DEM,DEMOCRATIC,76.0,10251985.0,AgeOver66,AA59223
ALAMANCE,A,ACTIVE,BELLJAMESGREGORY,JAMESGREGORYBELL,202HIGHLANDAVE,WHITE,NL,NOTHISPANICorNOTLATINO,UNA,UNAFFILIATED,51.0,9211990.0,Age4165,AA73796
ALAMANCE,R,REMOVED,BELLJAMESROBERT,JAMESROBERTBELL,2102HUNTINGTONRD,WHITE,NL,NOTHISPANICorNOTLATINO,DEM,DEMOCRATIC,68.0,,AgeOver66,
ALAMANCE,A,ACTIVE,BELLJASONDANIEL,JASONDANIELBELL,4531TROXLERMILLRD,WHITE,NL,NOTHISPANICorNOTLATINO,UNA,UNAFFILIATED,40.0,8272010.0,Age2640,CW486146
ALAMANCE,A,ACTIVE,BELLJASONLYNN,JASONLYNNBELL,127CARDENPLACEDRE,WHITE,NL,NOTHISPANICorNOTLATINO,UNA,UNAFFILIATED,39.0,9022008.0,Age2640,AA156532
ALAMANCE,A,ACTIVE,BELLJEFFREYTODD,JEFFREYTODDBELL,6645ADAVIDMOORERD,WHITE,NL,NOTHISPANICorNOTLATINO,DEM,DEMOCRATIC,52.0,3071984.0,Age4165,
ALAMANCE,A,ACTIVE,BELLJENNIFERMARIE,JENNIFERMARIEBELL,,BLACKorAFRICANAMERICAN,NL,NOTHISPANICorNOTLATINO,DEM,DEMOCRATIC,50.0,11162011.0,Age4165,BY492562
ALAMANCE,A,ACTIVE,BELLJERRYLEON,JERRYLEONBELL,3600DANIELEYWATERWHEELRD,WHITE,NL,NOTHISPANICorNOTLATINO,REP,REPUBLICAN,69.0,,AgeOver66,
ALAMANCE,R,REMOVED,BELLJOANNE,JOANNEBELL,1712NMEBANEST,WHITE,NL,NOTHISPANICorNOTLATINO,UNA,UNAFFILIATED,60.0,9021980.0,Age4165,
ALAMANCE,A,ACTIVE,BELLJOHNMORRIS,JOHNMORRISBELL,612WWILLOWBROOKDR,WHITE,NL,NOTHISPANICorNOTLATINO,REP,REPUBLICAN,58.0,9221984.0,Age4165,
ALAMANCE,A,ACTIVE,BELLJOHNENLY,JOHNENLYBELL,1518TROLLINGWOODHAWFIELDSRD,WHITE,NL,NOTHISPANICorNOTLATINO,UNA,UNAFFILIATED,33.0,2042009.0,Age2640,EH363527
ALAMANCE,A,ACTIVE,BELLJORDANFAITH,JORDANFAITHBELL,1510SMEBANESTE,BLACKorAFRICANAMERICAN,UN,UNDESIGNATED,DEM,DEMOCRATIC,20.0,,,AA177222
ALAMANCE,A,ACTIVE,BELLJOSEPHDAVIDJR,JOSEPHDAVIDBELLJR,2357LACYHOLTRD,WHITE,NL,NOTHISPANICorNOTLATINO,DEM,DEMOCRATIC,61.0,7291976.0,Age4165,
ALAMANCE,A,ACTIVE,BELLJUANITABUTLER,JUANITABUTLERBELL,870DEEPCREEKCHURCHRD,WHITE,NL,NOTHISPANICorNOTLATINO,DEM,DEMOCRATIC,78.0,5021964.0,AgeOver66,
ALAMANCE,A,ACTIVE,BELLJULIAWALKER,JULIAWALKERBELL,1411BOONERD,WHITE,NL,NOTHISPANICorNOTLATINO,DEM,DEMOCRATIC,72.0,,AgeOver66,
ALAMANCE,A,ACTIVE,BELLJULIANBOYD,JULIANBOYDBELL,5234WIDOWFOSTERRD,WHITE,NL,NOTHISPANICorNOTLATINO,REP,REPUBLICAN,62.0,5311984.0,Age4165,
ALAMANCE,A,ACTIVE,BELLKAITLYNMARIE,KAITLYNMARIEBELL,1606WEDGEWOODDR,WHITE,NL,NOTHISPANICorNOTLATINO,REP,REPUBLICAN,20.0,3182010.0,,AA165584
ALAMANCE,A,ACTIVE,BELLKATHERINETAYLOR,KATHERINETAYLORBELL,320BURLINGTONAVE,WHITE,NL,NOTHISPANICorNOTLATINO,DEM,DEMOCRATIC,32.0,7022009.0,Age2640,AA164281
ALAMANCE,A,ACTIVE,BELLKATHERINELASHLEY,KATHERINELASHLEYBELL,2715WESTCHESTERDR,WHITE,NL,NOTHISPANICorNOTLATINO,DEM,DEMOCRATIC,83.0,9301993.0,AgeOver66,AA88416
ALAMANCE,A,ACTIVE,BELLKATHRYNPOTTER,KATHRYNPOTTERBELL,1720OLDSTMARK'SCHURCHRD63F,WHITE,NL,NOTHISPANICorNOTLATINO,UNA,UNAFFILIATED,28.0,,Age2640,EG36575
ALAMANCE,A,ACTIVE,BELLKERRYBLYTHE,KERRYBLYTHEBELL,3866MAEDOUGLASDR,WHITE,UN,UNDESIGNATED,UNA,UNAFFILIATED,66.0,10062004.0,Age4165,AA139759
ALAMANCE,A,ACTIVE,BELLKRISTINMICHELE,KRISTINMICHELEBELL,,WHITE,NL,NOTHISPANICorNOTLATINO,UNA,UNAFFILIATED,40.0,1122012.0,Age2640,BL287813
ALAMANCE,A,ACTIVE,BELLLINDAJOHNSON,LINDAJOHNSONBELL,1251HANFORDHILLSRD,WHITE,NL,NOTHISPANICorNOTLATINO,REP,REPUBLICAN,58.0,3241972.0,Age4165,
ALAMANCE,A,ACTIVE,BELLLISAANN,,5234WIDOWFOSTERRD,WHITE,NL,NOTHISPANICorNOTLATINO,REP,REPUBLICAN,51.0,8181988.0,Age4165,AA65513
ALAMANCE,A,ACTIVE,BELLMACKENZIEROBYN,,1006ELONOAKSTRL205A,WHITE,NL,NOTHISPANICorNOTLATINO,DEM,DEMOCRATIC,25.0,10252008.0,,AA161747
ALAMANCE,A,ACTIVE,BELLMARYATKINS,,2917ALAMANCERD,WHITE,NL,NOTHISPANICorNOTLATINO,UNA,UNAFFILIATED,84.0,12151995.0,AgeOver66,AA96787
ALAMANCE,A,ACTIVE,BELLMATTHEWKRISTOPHER,,20BROWNBARKCT,WHITE,NL,NOTHISPANICorNOTLATINO,DEM,DEMOCRATIC,27.0,,Age2640,EH634867
ALAMANCE,A,ACTIVE,BELLMELISSADAWN,,711EDAVISST,WHITE,NL,NOTHISPANICorNOTLATINO,REP,REPUBLICAN,39.0,10031992.0,Age2640,AA83451
ALAMANCE,I,INACTIVE,BELLMICHAELLEON,,213WILLOWBROOKCT,BLACKorAFRICANAMERICAN,NL,NOTHISPANICorNOTLATINO,DEM,DEMOCRATIC,33.0,10302007.0,Age2640,AA151011
ALAMANCE,A,ACTIVE,BELLMONROEPATTERSON,MONROEPATTERSONBELL,2212LAKEVIEWTER,WHITE,NL,NOTHISPANICorNOTLATINO,REP,REPUBLICAN,50.0,4051980.0,Age4165,
ALAMANCE,A,ACTIVE,BELLNANCYGRISSOM,NANCYGRISSOMBELL,1289CANDLEWOODDR,WHITE,NL,NOTHISPANICorNOTLATINO,DEM,DEMOCRATIC,69.0,10241964.0,AgeOver66,
ALAMANCE,A,ACTIVE,BELLNATHANLEE,NATHANLEEBELL,2567SNCHWY11915,WHITE,NL,NOTHISPANICorNOTLATINO,UNA,UNAFFILIATED,21.0,4182012.0,,AA172207
ALAMANCE,A,ACTIVE,BELLOWENLEROY,OWENLEROYBELL,870DEEPCREEKCHURCHRD,WHITE,NL,NOTHISPANICorNOTLATINO,DEM,DEMOCRATIC,79.0,5021964.0,AgeOver66,
ALAMANCE,A,ACTIVE,BELLPATRICKSEANSR,PATRICKSEANBELLSR,505BROOKFIELDDR,WHITE,NL,NOTHISPANICorNOTLATINO,REP,REPUBLICAN,52.0,6221999.0,Age4165,AA114553
ALAMANCE,A,ACTIVE,BELLPATRICKSEANJR,PATRICKSEANBELLJR,505BROOKFIELDDR,WHITE,NL,NOTHISPANICorNOTLATINO,REP,REPUBLICAN,18.0,3062012.0,,AA170510
ALAMANCE,R,REMOVED,BELLPAULGREGORY,PAULGREGORYBELL,,WHITE,NL,NOTHISPANICorNOTLATINO,UNA,UNAFFILIATED,57.0,1151999.0,Age4165,AA113145
ALAMANCE,A,ACTIVE,BELLPHILIPTROLLINGER,PHILIPTROLLINGERBELL,3508GARDENRDJ3,WHITE,NL,NOTHISPANICorNOTLATINO,REP,REPUBLICAN,54.0,9242010.0,Age4165,
ALAMANCE,A,ACTIVE,BELLPRICILLAG,PRICILLAGBELL,3600DANIELEYWATERWHEELRD,WHITE,NL,NOTHISPANICorNOTLATINO,UNA,UNAFFILIATED,67.0,,AgeOver66,
ALAMANCE,A,ACTIVE,BELLQUINISHALE'AISA,QUINISHALE'AISABELL,2316HUNTINGTONRDA,BLACKorAFRICANAMERICAN,NL,NOTHISPANICorNOTLATINO,DEM,DEMOCRATIC,18.0,7262012.0,,AA173580
ALAMANCE,A,ACTIVE,BELLRAEELDER,RAEELDERBELL,2036NOTTINGHAMLN,WHITE,NL,NOTHISPANICorNOTLATINO,REP,REPUBLICAN,78.0,5141960.0,AgeOver66,
ALAMANCE,A,ACTIVE,BELLRAYMONDEDWARDJR,RAYMONDEDWARDBELLJR,801STHIRDST,WHITE,NL,NOTHISPANICorNOTLATINO,REP,REPUBLICAN,71.0,4051962.0,AgeOver66,
ALAMANCE,A,ACTIVE,BELLRAYTARSHAMONIC,RAYTARSHAMONICBELL,1710ELDERWAY,BLACKorAFRICANAMERICAN,NL,NOTHISPANICorNOTLATINO,UNA,UNAFFILIATED,32.0,8121999.0,Age2640,AA114894
ALAMANCE,A,ACTIVE,BELLREBECCAHOBBS,REBECCAHOBBSBELL,436TARLETONAVE,WHITE,NL,NOTHISPANICorNOTLATINO,REP,REPUBLICAN,85.0,4301960.0,AgeOver66,
ALAMANCE,A,ACTIVE,BELLRICHARDSAMUEL,RICHARDSAMUELBELL,436TARLETONAVE,WHITE,NL,NOTHISPANICorNOTLATINO,REP,REPUBLICAN,90.0,4301960.0,AgeOver66,
ALAMANCE,A,ACTIVE,BELLRICHARDTHOMAS,RICHARDTHOMASBELL,203EGREENST,WHITE,NL,NOTHISPANICorNOTLATINO,REP,REPUBLICAN,73.0,10261960.0,AgeOver66,
ALAMANCE,A,ACTIVE,BELLROBBIESPOON,ROBBIESPOONBELL,2357LACYHOLTRD,WHITE,NL,NOTHISPANICorNOTLATINO,DEM,DEMOCRATIC,59.0,7101975.0,Age4165,
ALAMANCE,A,ACTIVE,BELLROBERTFOWLER,ROBERTFOWLERBELL,3905MUHLENBERGCT,WHITE,NL,NOTHISPANICorNOTLATINO,DEM,DEMOCRATIC,79.0,11032009.0,AgeOver66,AA164859
ALAMANCE,A,ACTIVE,BELLROBERTRONDELL,ROBERTRONDELLBELL,311NPARKAVE,BLACKorAFRICANAMERICAN,UN,UNDESIGNATED,DEM,DEMOCRATIC,41.0,7252012.0,Age4165,AA173743
ALAMANCE,A,ACTIVE,BELLROBERTCHRISTOPHER,ROBERTCHRISTOPHERBELL,662HUNTINGDONST,WHITE,NL,NOTHISPANICorNOTLATINO,UNA,UNAFFILIATED,43.0,8102011.0,Age4165,AA169064
ALAMANCE,A,ACTIVE,BELLROBERTSTERLINGIV,ROBERTSTERLINGBELLIV,1401TORREYPINESCT,WHITE,NL,NOTHISPANICorNOTLATINO,DEM,DEMOCRATIC,36.0,3102012.0,Age2640,AA170900
ALAMANCE,A,ACTIVE,BELLRODLJR,RODLBELLJR,1716OLDCARRIAGECT,WHITE,NL,NOTHISPANICorNOTLATINO,REP,REPUBLICAN,,8312004.0,Age4165,AA136965
ALAMANCE,A,ACTIVE,BELLROTHAHAZEL,ROTHAHAZELBELL,315TRAILFOUR,BLACKorAFRICANAMERICAN,UN,UNDESIGNATED,DEM,DEMOCRATIC,71.0,9282006.0,AgeOver66,AA147623
ALAMANCE,A,ACTIVE,BELLRUTHMARIE,RUTHMARIEBELL,1501VONBORACT,WHITE,NL,NOTHISPANICorNOTLATINO,DEM,DEMOCRATIC,86.0,9221999.0,AgeOver66,AA115399
ALAMANCE,I,INACTIVE,BELLRYANPATRICK,RYANPATRICKBELL,706HUFFMANMILLRDJ7,WHITE,NL,NOTHISPANICorNOTLATINO,UNA,UNAFFILIATED,23.0,3062009.0,,AA163543
ALAMANCE,A,ACTIVE,BELLSALLYLONG,SALLYLONGBELL,1232COLLINSDR,WHITE,NL,NOTHISPANICorNOTLATINO,REP,REPUBLICAN,77.0,9061958.0,AgeOver66,
ALAMANCE,A,ACTIVE,BELLSCOTTMONTGOMERY,SCOTTMONTGOMERYBELL,5224BAKERBELLFARMRD,WHITE,NL,NOTHISPANICorNOTLATINO,REP,REPUBLICAN,,7181997.0,Age4165,AA106855
ALAMANCE,A,ACTIVE,BELLSHARIKAY,SHARIKAYBELL,1716OLDCARRIAGECT,WHITE,NL,NOTHISPANICorNOTLATINO,REP,REPUBLICAN,41.0,9282004.0,Age4165,AA140668
ALAMANCE,A,ACTIVE,BELLSHEILAHELEN,SHEILAHELENBELL,,WHITE,NL,NOTHISPANICorNOTLATINO,UNA,UNAFFILIATED,52.0,7281999.0,Age4165,AA114896
ALAMANCE,A,ACTIVE,BELLSTEVENGREGORY,STEVENGREGORYBELL,407ALAMANCEST,WHITE,NL,NOTHISPANICorNOTLATINO,REP,REPUBLICAN,28.0,10062008.0,Age2640,BP34781
ALAMANCE,I,INACTIVE,BELLSUSAN,SUSANBELL,1318MCCUISTONDR,WHITE,NL,NOTHISPANICorNOTLATINO,DEM,DEMOCRATIC,55.0,10062005.0,Age4165,AA144871
ALAMANCE,A,ACTIVE,BELLSUZANMURRAY,SUZANMURRAYBELL,202HIGHLANDAVE,WHITE,NL,NOTHISPANICorNOTLATINO,REP,REPUBLICAN,,4051991.0,Age4165,AA77153
ALAMANCE,A,ACTIVE,BELLSUZANNERINGER,SUZANNERINGERBELL,3905MUHLENBERGCT,WHITE,UN,UNDESIGNATED,DEM,DEMOCRATIC,79.0,11032009.0,AgeOver66,AA164853
ALAMANCE,A,ACTIVE,BELLSUZANNEHARROLD,SUZANNEHARROLDBELL,1401TORREYPINESCT,WHITE,NL,NOTHISPANICorNOTLATINO,DEM,DEMOCRATIC,31.0,4282011.0,Age2640,AA168449
ALAMANCE,A,ACTIVE,BELLTARARYAN,TARARYANBELL,1606WEDGEWOODDR,WHITE,NL,NOTHISPANICorNOTLATINO,REP,REPUBLICAN,,4041988.0,Age4165,AA64780
ALAMANCE,A,ACTIVE,BELLTERRYLYNN,TERRYLYNNBELL,309WATSONDR,WHITE,NL,NOTHISPANICorNOTLATINO,REP,REPUBLICAN,57.0,4251984.0,Age4165,
ALAMANCE,A,ACTIVE,BELLTHERESAFAUCETTE,THERESAFAUCETTEBELL,1413BOONERD,WHITE,NL,NOTHISPANICorNOTLATINO,REP,REPUBLICAN,,7251988.0,Age4165,AA65400
ALAMANCE,A,ACTIVE,BELLVICKIEHAMMOND,VICKIEHAMMONDBELL,,WHITE,NL,NOTHISPANICorNOTLATINO,REP,REPUBLICAN,63.0,9281992.0,Age4165,AA84043
ALAMANCE,I,INACTIVE,BELLAMYALANCLEOPHUSSR,ALANCLEOPHUSBELLAMYSR,219HIGHLANDAVE,BLACKorAFRICANAMERICAN,NL,NOTHISPANICorNOTLATINO,DEM,DEMOCRATIC,59.0,9091997.0,Age4165,AA107370
ALAMANCE,I,INACTIVE,BELLAMYALONZOANTONIO,ALONZOANTONIOBELLAMY,324HIGHLANDAVE,BLACKorAFRICANAMERICAN,UN,UNDESIGNATED,UNA,UNAFFILIATED,33.0,,Age2640,AA140316
ALAMANCE,A,ACTIVE,BELLAMYASHLEYDENISE,ASHLEYDENISEBELLAMY,,BLACKorAFRICANAMERICAN,NL,NOTHISPANICorNOTLATINO,DEM,DEMOCRATIC,24.0,4232012.0,,AA172227
ALAMANCE,D,DENIED,BELLAMYDELORESCECILIA,DELORESCECILIABELLAMY,453QUINTASAVE,BLACKorAFRICANAMERICAN,NL,NOTHISPANICorNOTLATINO,DEM,DEMOCRATIC,53.0,9061998.0,Age4165,AA112351
ALAMANCE,A,ACTIVE,BELLAMYDWAYNE,DWAYNEBELLAMY,916NMAINST,BLACKorAFRICANAMERICAN,UN,UNDESIGNATED,UNA,UNAFFILIATED,35.0,9282002.0,Age2640,AA128278
ALAMANCE,I,INACTIVE,BELLAMYELAINEBENSON,ELAINEBENSONBELLAMY,219HIGHLANDAVE,BLACKorAFRICANAMERICAN,NL,NOTHISPANICorNOTLATINO,DEM,DEMOCRATIC,,9091997.0,Age4165,AA107371
ALAMANCE,A,ACTIVE,BELLAMYESMERALDAZAPATA,ESMERALDAZAPATABELLAMY,916NMAINST,OTHER,HL,HISPANICorLATINO,DEM,DEMOCRATIC,33.0,9282002.0,Age2640,AA128280
ALAMANCE,A,ACTIVE,BELLAMYLATISHARANSOM,LATISHARANSOMBELLAMY,515GILMERST,BLACKorAFRICANAMERICAN,UN,UNDESIGNATED,REP,REPUBLICAN,34.0,1032000.0,Age2640,AA116734
ALAMANCE,A,ACTIVE,BELLAMYLINDACAROL,LINDACAROLBELLAMY,3003AMESBURYCT,WHITE,NL,NOTHISPANICorNOTLATINO,UNA,UNAFFILIATED,64.0,11092007.0,Age4165,BY328780
ALAMANCE,A,ACTIVE,BELLAMYRICHARDFRANKLIN,RICHARDFRANKLINBELLAMY,3003AMESBURYCT,WHITE,NL,NOTHISPANICorNOTLATINO,UNA,UNAFFILIATED,65.0,,Age4165,AA159177
ALAMANCE,A,ACTIVE,BELLAMYRICHARDFRANKLINJR,RICHARDFRANKLINBELLAMYJR,4480THOMPSONMILLRD,WHITE,NL,NOTHISPANICorNOTLATINO,REP,REPUBLICAN,37.0,4271993.0,Age2640,AA87291
ALAMANCE,A,ACTIVE,BELLAMYTRACYDAWN,TRACYDAWNBELLAMY,4480THOMPSONMILLRD,WHITE,NL,NOTHISPANICorNOTLATINO,REP,REPUBLICAN,40.0,6011992.0,Age2640,AA81839
ALAMANCE,A,ACTIVE,BELLAMYVERONICADANYLL,VERONICADANYLLBELLAMY,2245LONGDAIRYRD,BLACKorAFRICANAMERICAN,UN,UNDESIGNATED,DEM,DEMOCRATIC,32.0,,Age2640,AA147866
ALAMANCE,I,INACTIVE,BELLANGERDERRICKJOELSR,DERRICKJOELBELLANGERSR,128HUNTERAVE,BLACKorAFRICANAMERICAN,NL,NOTHISPANICorNOTLATINO,DEM,DEMOCRATIC,40.0,9112000.0,Age2640,AA119810
ALAMANCE,A,ACTIVE,BELLANGERLATRESCETORAIN,LATRESCETORAINBELLANGER,725FORDST,BLACKorAFRICANAMERICAN,NL,NOTHISPANICorNOTLATINO,DEM,DEMOCRATIC,43.0,9122000.0,Age4165,AA119813
ALAMANCE,A,ACTIVE,BELLEISLEJENNIFERANN,JENNIFERANNBELLEISLE,3292BLUEMOONTRL,WHITE,NL,NOTHISPANICorNOTLATINO,REP,REPUBLICAN,44.0,9282006.0,Age4165,AA147624
ALAMANCE,A,ACTIVE,BELLINGNICOLEPAIGE,NICOLEPAIGEBELLING,3511CORBETTRD,WHITE,NL,NOTHISPANICorNOTLATINO,DEM,DEMOCRATIC,,9151995.0,Age4165,AA95661
ALAMANCE,A,ACTIVE,BELLINGSCOTTSTEVEN,SCOTTSTEVENBELLING,3511CORBETTRD,WHITE,NL,NOTHISPANICorNOTLATINO,UNA,UNAFFILIATED,52.0,12062011.0,Age4165,AA110567
ALAMANCE,A,ACTIVE,BELLINGHAMANNLYNN,ANNLYNNBELLINGHAM,3410VARNALSCT,WHITE,NL,NOTHISPANICorNOTLATINO,UNA,UNAFFILIATED,,8232006.0,Age4165,AA147283
ALAMANCE,A,ACTIVE,BELLINGHAMJOHNROSS,JOHNROSSBELLINGHAM,3410VARNALSCT,WHITE,NL,NOTHISPANICorNOTLATINO,REP,REPUBLICAN,,3152006.0,Age4165,AA146081
ALAMANCE,A,ACTIVE,BELLINGHAMJOHNWILLIAM,JOHNWILLIAMBELLINGHAM,3410VARNALSCT,WHITE,NL,NOTHISPANICorNOTLATINO,REP,REPUBLICAN,23.0,7202007.0,,AA163961
ALAMANCE,A,ACTIVE,BELLMANBYRONLEE,BYRONLEEBELLMAN,201WINDRIFTDR,WHITE,NL,NOTHISPANICorNOTLATINO,UNA,UNAFFILIATED,32.0,2192010.0,Age2640,AA165424
ALAMANCE,A,ACTIVE,BELLMANLAURENSTANTON,LAURENSTANTONBELLMAN,201WINDRIFTDR,WHITE,NL,NOTHISPANICorNOTLATINO,UNA,UNAFFILIATED,34.0,2192010.0,Age2640,AA166424
ALAMANCE,A,ACTIVE,BELLOMYJACOBMATTHEW,JACOBMATTHEWBELLOMY,,WHITE,NL,NOTHISPANICorNOTLATINO,REP,REPUBLICAN,28.0,4222008.0,Age2640,AA154514
ALAMANCE,A,ACTIVE,BELLOMYJENNIFERFARLOW,JENNIFERFARLOWBELLOMY,,WHITE,NL,NOTHISPANICorNOTLATINO,REP,REPUBLICAN,29.0,11082010.0,Age2640,AL211593
ALAMANCE,A,ACTIVE,BELLUCCIJUSTINALAN,JUSTINALANBELLUCCI,725EHAGGARDAVE,UNDESIGNATED,UN,UNDESIGNATED,UNA,UNAFFILIATED,21.0,5092012.0,,AA173529
ALAMANCE,R,REMOVED,BELMONTERIKPAUL,ERIKPAULBELMONT,1720OLDSTMARK'SCHURCHRD23B,WHITE,UN,UNDESIGNATED,DEM,DEMOCRATIC,28.0,9302008.0,Age2640,BY501011
ALAMANCE,A,ACTIVE,BELMONTSTANLEY,STANLEYBELMONT,719SBROADST,BLACKorAFRICANAMERICAN,NL,NOTHISPANICorNOTLATINO,DEM,DEMOCRATIC,,,Age4165,CW830306
ALAMANCE,A,ACTIVE,BELMONTVICTORIAMONIQUE,VICTORIAMONIQUEBELMONT,719SBROADST,BLACKorAFRICANAMERICAN,NL,NOTHISPANICorNOTLATINO,UNA,UNAFFILIATED,24.0,3112009.0,,AA163557
ALAMANCE,A,ACTIVE,BELONGEJUDYANN,JUDYANNBELONGE,,WHITE,UN,UNDESIGNATED,LIB,LIBERTARIAN,66.0,11042008.0,AgeOver66,AA162946
ALAMANCE,I,INACTIVE,BELTMICHAELRAY,,1852HAWRIVERHOPEDALERD2,WHITE,UN,UNDESIGNATED,REP,REPUBLICAN,,4102008.0,Age4165,AA154046
ALAMANCE,A,ACTIVE,BELTONCHARLESJOSEPH,CHARLESJOSEPHBELTON,819JEFFRIESCROSSRD,WHITE,NL,NOTHISPANICorNOTLATINO,REP,REPUBLICAN,,8042008.0,Age4165,AT14386
ALAMANCE,A,ACTIVE,BELTONDARLENESHOTWELL,DARLENESHOTWELLBELTON,2639MABLETONDR,WHITE,NL,NOTHISPANICorNOTLATINO,REP,REPUBLICAN,,8231990.0,Age4165,AA73078
ALAMANCE,A,ACTIVE,BELTONDOUGLASREIDJR,DOUGLASREIDBELTONJR,612NFISHERST,BLACKorAFRICANAMERICAN,NL,NOTHISPANICorNOTLATINO,DEM,DEMOCRATIC,61.0,10041976.0,Age4165,
ALAMANCE,A,ACTIVE,BELTONDOUGLASREIDIII,DOUGLASREIDBELTONIII,612NFISHERST,BLACKorAFRICANAMERICAN,NL,NOTHISPANICorNOTLATINO,DEM,DEMOCRATIC,29.0,8102004.0,Age2640,AA136036
ALAMANCE,A,ACTIVE,BELTONESTELLEFOUST,ESTELLEFOUSTBELTON,612NFISHERST,BLACKorAFRICANAMERICAN,NL,NOTHISPANICorNOTLATINO,DEM,DEMOCRATIC,96.0,9131958.0,AgeOver66,
ALAMANCE,A,ACTIVE,BELTONJAYNEPALMER,JAYNEPALMERBELTON,309CHEEKSLN,WHITE,NL,NOTHISPANICorNOTLATINO,UNA,UNAFFILIATED,63.0,2231996.0,Age4165,AA97776
ALAMANCE,A,ACTIVE,BELTONJOEHAROLD,JOEHAROLDBELTON,309CHEEKSLN,WHITE,NL,NOTHISPANICorNOTLATINO,REP,REPUBLICAN,74.0,1201998.0,AgeOver66,AA108919
ALAMANCE,A,ACTIVE,BELTONKELLIEMARTIN,KELLIEMARTINBELTON,612NFISHERST,BLACKorAFRICANAMERICAN,NL,NOTHISPANICorNOTLATINO,DEM,DEMOCRATIC,63.0,3251972.0,Age4165,
ALAMANCE,R,REMOVED,BELTONMABELHAITH,,302SMELVILLEST,BLACKorAFRICANAMERICAN,NL,NOTHISPANICorNOTLATINO,DEM,DEMOCRATIC,99.0,1011900.0,AgeOver66,
ALAMANCE,A,ACTIVE,BELTONMARTHAWILLIAMS,,3235HERITAGELN,WHITE,UN,UNDESIGNATED,REP,REPUBLICAN,61.0,5062008.0,Age4165,AA154946
ALAMANCE,A,ACTIVE,BELTONNANCYCAROL,NANCYCAROLBELTON,2411PINEWAYDR,WHITE,NL,NOTHISPANICorNOTLATINO,REP,REPUBLICAN,69.0,10041976.0,AgeOver66,
ALAMANCE,A,ACTIVE,BELTONPERRYTHOMAS,PERRYTHOMASBELTON,1334DURHAMMEADOWSDR,TWOorMORERACES,NL,NOTHISPANICorNOTLATINO,UNA,UNAFFILIATED,53.0,9081995.0,Age4165,AA95459
ALAMANCE,A,ACTIVE,BELTONRICHARDL,RICHARDLBELTON,2411PINEWAYDR,WHITE,NL,NOTHISPANICorNOTLATINO,REP,REPUBLICAN,72.0,4101980.0,AgeOver66,
ALAMANCE,A,ACTIVE,BELTONRICHIEDAREN,RICHIEDARENBELTON,2639MABLETONDR,WHITE,NL,NOTHISPANICorNOTLATINO,REP,REPUBLICAN,,5021983.0,Age4165,
ALAMANCE,A,ACTIVE,BELTONSHELBYSAUNDERS,SHELBYSAUNDERSBELTON,154BOONERD,WHITE,NL,NOTHISPANICorNOTLATINO,DEM,DEMOCRATIC,75.0,9171982.0,AgeOver66,
ALAMANCE,A,ACTIVE,BELTONSHELLYOAKLEY,SHELLYOAKLEYBELTON,819JEFFRIESCROSSRD,WHITE,NL,NOTHISPANICorNOTLATINO,REP,REPUBLICAN,43.0,10312008.0,Age4165,AA162211
ALAMANCE,A,ACTIVE,BELTONTERRANCEDEVON,TERRANCEDEVONBELTON,,BLACKorAFRICANAMERICAN,NL,NOTHISPANICorNOTLATINO,DEM,DEMOCRATIC,30.0,1052012.0,Age2640,DE194326
ALAMANCE,A,ACTIVE,BELTONTHOMASARTHUR,THOMASARTHURBELTON,3235HERITAGELN,WHITE,NL,NOTHISPANICorNOTLATINO,REP,REPUBLICAN,65.0,7022007.0,Age4165,AA150033
ALAMANCE,A,ACTIVE,BELTONBLACKSTACYAUCHEL,STACYAUCHELBELTONBLACK,,BLACKorAFRICANAMERICAN,UN,UNDESIGNATED,DEM,DEMOCRATIC,28.0,4102012.0,Age2640,AA171397
ALAMANCE,A,ACTIVE,BELTONEVANSMAMIEGENOVA,,612NFISHERST,BLACKorAFRICANAMERICAN,NL,NOTHISPANICorNOTLATINO,DEM,DEMOCRATIC,71.0,10052000.0,AgeOver66,AA120714
ALAMANCE,A,ACTIVE,BELTRANPAPSDORFTANIABEATRIZ,TANIABEATRIZBELTRANPAPSDORF,612WATERBURYCT,UNDESIGNATED,HL,HISPANICorLATINO,DEM,DEMOCRATIC,33.0,,Age2640,AA177977
ALAMANCE,A,ACTIVE,BELUENATHANSCOTT,NATHANSCOTTBELUE,4003CULLENCT,WHITE,NL,NOTHISPANICorNOTLATINO,REP,REPUBLICAN,38.0,2202007.0,Age2640,BP35638
ALAMANCE,A,ACTIVE,BELUETARAALLISON,TARAALLISONBELUE,4003CULLENCT,WHITE,UN,UNDESIGNATED,REP,REPUBLICAN,35.0,9302008.0,Age2640,BP35639
ALAMANCE,A,ACTIVE,BELVINAVISYVONNE,AVISYVONNEBELVIN,1709CARRIAGERUNCT,BLACKorAFRICANAMERICAN,NL,NOTHISPANICorNOTLATINO,DEM,DEMOCRATIC,58.0,9242010.0,Age4165,AA166874
ALAMANCE,A,ACTIVE,BELVINJAMESJR,JAMESBELVINJR,1709CARRIAGERUNCT,BLACKorAFRICANAMERICAN,NL,NOTHISPANICorNOTLATINO,DEM,DEMOCRATIC,60.0,9242010.0,Age4165,AA166875
ALAMANCE,A,ACTIVE,BELVINTAKEIASIMONE,TAKEIASIMONEBELVIN,1709CARRIAGERUNCT,BLACKorAFRICANAMERICAN,UN,UNDESIGNATED,DEM,DEMOCRATIC,22.0,10012012.0,,AA175460
ALAMANCE,A,ACTIVE,BELVINTIFFINYSHAWNTELL,TIFFINYSHAWNTELLBELVIN,1709CARRIAGERUNCT,BLACKorAFRICANAMERICAN,NL,NOTHISPANICorNOTLATINO,DEM,DEMOCRATIC,30.0,9152010.0,Age2640,AA166772
ALAMANCE,R,REMOVED,BEMISJULIACARRINGTON,JULIACARRINGTONBEMIS,,WHITE,NL,NOTHISPANICorNOTLATINO,REP,REPUBLICAN,70.0,7181990.0,AgeOver66,AA72515
ALAMANCE,A,ACTIVE,BENBENCIBRAHIMKADIR,BRAHIMKADIRBENBENCI,2823SNCHWY8791,TWOorMORERACES,HL,HISPANICorLATINO,DEM,DEMOCRATIC,32.0,10052004.0,Age2640,AA139644
ALAMANCE,A,ACTIVE,BENBAHMEDSALIM,SALIMBENBAHMED,1920FAIRWINDDR,WHITE,NL,NOTHISPANICorNOTLATINO,UNA,UNAFFILIATED,64.0,10252010.0,Age4165,AA167262
ALAMANCE,A,ACTIVE,BENBASSATERNESTORAUL,ERNESTORAULBENBASSAT,,WHITE,UN,UNDESIGNATED,UNA,UNAFFILIATED,60.0,10032002.0,Age4165,AA127880
ALAMANCE,A,ACTIVE,BENBASSATESTHERTORRESAGUERO,ESTHERTORRESAGUEROBENBASSAT,,WHITE,HL,HISPANICorLATINO,UNA,UNAFFILIATED,58.0,10032002.0,Age4165,AA127881
ALAMANCE,A,ACTIVE,BENBASSATSABRINA,SABRINABENBASSAT,,WHITE,NL,NOTHISPANICorNOTLATINO,UNA,UNAFFILIATED,21.0,8122009.0,,AA164533
ALAMANCE,A,ACTIVE,BENBASSATVICTORIA,VICTORIABENBASSAT,,WHITE,UN,UNDESIGNATED,DEM,DEMOCRATIC,23.0,4112008.0,,AA154058
ALAMANCE,A,ACTIVE,BENBENULATINAMARIE,LATINAMARIEBENBENU,2833SNCHWY8793,BLACKorAFRICANAMERICAN,HL,HISPANICorLATINO,DEM,DEMOCRATIC,28.0,10072008.0,Age2640,AA159761
ALAMANCE,A,ACTIVE,BENBOWDOROTHYMAE,DOROTHYMAEBENBOW,301WWASHINGTONST121,UNDESIGNATED,UN,UNDESIGNATED,DEM,DEMOCRATIC,54.0,,Age4165,AA177224
ALAMANCE,A,ACTIVE,BENBOWISAIAH,ISAIAHBENBOW,2156JAMESBOSWELLRD20,UNDESIGNATED,UN,UNDESIGNATED,DEM,DEMOCRATIC,79.0,,AgeOver66,AA177223
ALAMANCE,A,ACTIVE,BENBOWLAVORISMARIE,LAVORISMARIEBENBOW,303WALKERDR,BLACKorAFRICANAMERICAN,UN,UNDESIGNATED,DEM,DEMOCRATIC,,10032002.0,Age4165,AA127882
ALAMANCE,A,ACTIVE,BENBOWLAWRENCELEE,LAWRENCELEEBENBOW,303WALKERDR,BLACKorAFRICANAMERICAN,UN,UNDESIGNATED,DEM,DEMOCRATIC,53.0,10032002.0,Age4165,AA127883
ALAMANCE,I,INACTIVE,BENCSIKJENNIFERKAY,JENNIFERKAYBENCSIK,1871WHITNEYBURCHETRL,WHITE,NL,NOTHISPANICorNOTLATINO,REP,REPUBLICAN,60.0,2012002.0,Age4165,AA125588
ALAMANCE,A,ACTIVE,BENDERSONALLANJOSEPH,ALLANJOSEPHBENDERSON,,WHITE,NL,NOTHISPANICorNOTLATINO,DEM,DEMOCRATIC,75.0,5112007.0,AgeOver66,AA149584
ALAMANCE,A,ACTIVE,BENDERSONMARKLOUIS,,,WHITE,NL,NOTHISPANICorNOTLATINO,DEM,DEMOCRATIC,,1122007.0,Age4165,AA148632
ALAMANCE,A,ACTIVE,BENDERSONMARYELLEN,,,WHITE,NL,NOTHISPANICorNOTLATINO,DEM,DEMOCRATIC,70.0,5112007.0,AgeOver66,AA149585
ALAMANCE,R,REMOVED,BENEFIELDTRENTD,TRENTDBENEFIELD,,BLACKorAFRICANAMERICAN,NL,NOTHISPANICorNOTLATINO,DEM,DEMOCRATIC,57.0,10012004.0,Age4165,AA139147
ALAMANCE,A,ACTIVE,BENESCATHY,CATHYBENES,1407EGILBREATHST,WHITE,NL,NOTHISPANICorNOTLATINO,DEM,DEMOCRATIC,,7021999.0,Age4165,AA114770
ALAMANCE,A,ACTIVE,BENESJEFFREYPAUL,JEFFREYPAULBENES,1407EGILBREATHST,WHITE,NL,NOTHISPANICorNOTLATINO,REP,REPUBLICAN,58.0,1061994.0,Age4165,AA88975
ALAMANCE,A,ACTIVE,BENESJENNIFERLEIGH,JENNIFERLEIGHBENES,1407EGILBREATHST,UNDESIGNATED,UN,UNDESIGNATED,UNA,UNAFFILIATED,28.0,9272002.0,Age2640,AA127884
ALAMANCE,D,DENIED,BENESMICHAELWILLIAMJR,,219MOFFITTHALL,WHITE,NL,NOTHISPANICorNOTLATINO,DEM,DEMOCRATIC,37.0,,Age2640,AA104115
ALAMANCE,A,ACTIVE,BENESCHANTHONYJOSEPH,ANTHONYJOSEPHBENESCH,1755OLDARBORWAY,WHITE,NL,NOTHISPANICorNOTLATINO,REP,REPUBLICAN,65.0,3301972.0,Age4165,
ALAMANCE,R,REMOVED,BENESCHBRITTNEEYVETTE,BRITTNEEYVETTEBENESCH,1755OLDARBORWAY,WHITE,NL,NOTHISPANICorNOTLATINO,REP,REPUBLICAN,35.0,4091996.0,Age2640,AA98940
ALAMANCE,A,ACTIVE,BENESCHDARLENEBEAMON,DARLENEBEAMONBENESCH,1230CHERRYLN,WHITE,NL,NOTHISPANICorNOTLATINO,REP,REPUBLICAN,59.0,,Age4165,AA68040
ALAMANCE,A,ACTIVE,BENESCHDOLLYJORDAN,DOLLYJORDANBENESCH,1755OLDARBORWAY,WHITE,NL,NOTHISPANICorNOTLATINO,REP,REPUBLICAN,63.0,10061972.0,Age4165,
ALAMANCE,A,ACTIVE,BENESCHMICHAELTROYRUSSELL,,1230CHERRYLN,WHITE,NL,NOTHISPANICorNOTLATINO,REP,REPUBLICAN,58.0,,Age4165,AA68051
ALAMANCE,A,ACTIVE,BENESCHSTEVENALISTAIR,STEVENALISTAIRBENESCH,1230CHERRYLN,WHITE,NL,NOTHISPANICorNOTLATINO,UNA,UNAFFILIATED,30.0,3302000.0,Age2640,AA117633
ALAMANCE,R,REMOVED,BENESCHTAITYMKYNSEY,TAITYMKYNSEYBENESCH,1755OLDARBORWAY,WHITE,NL,NOTHISPANICorNOTLATINO,REP,REPUBLICAN,33.0,11251998.0,Age2640,AA112353
ALAMANCE,A,ACTIVE,BENFIELDALANGRAY,ALANGRAYBENFIELD,3027CHEROKEEDR,WHITE,UN,UNDESIGNATED,REP,REPUBLICAN,20.0,3302010.0,,AA165675
ALAMANCE,A,ACTIVE,BENFIELDBRADEUGENE,BRADEUGENEBENFIELD,2511GIBSONVILLEOSSIPEERD,WHITE,NL,NOTHISPANICorNOTLATINO,REP,REPUBLICAN,,,Age4165,AA68053
ALAMANCE,A,ACTIVE,BENFIELDDAVIDSEBASTIAN,DAVIDSEBASTIANBENFIELD,1607COPPERCIR,WHITE,UN,UNDESIGNATED,UNA,UNAFFILIATED,36.0,10022010.0,Age2640,BL254462
ALAMANCE,I,INACTIVE,BENFIELDHEATHERALTMAN,HEATHERALTMANBENFIELD,1472KNOLLWOODDR,WHITE,NL,NOTHISPANICorNOTLATINO,DEM,DEMOCRATIC,34.0,4172008.0,Age2640,AA154948
ALAMANCE,A,ACTIVE,BENFIELDKRISTINNICOLE,KRISTINNICOLEBENFIELD,1607COPPERCIR,UNDESIGNATED,UN,UNDESIGNATED,UNA,UNAFFILIATED,31.0,6122012.0,Age2640,BL322006
ALAMANCE,A,ACTIVE,BENFIELDLESLIEANN,LESLIEANNBENFIELD,1602EDOGWOODDR,WHITE,NL,NOTHISPANICorNOTLATINO,DEM,DEMOCRATIC,26.0,5042012.0,Age2640,DE245906
ALAMANCE,I,INACTIVE,BENFIELDPENNYDIANE,PENNYDIANEBENFIELD,3027CHEROKEEDR,WHITE,NL,NOTHISPANICorNOTLATINO,UNA,UNAFFILIATED,42.0,5121997.0,Age4165,AA106215
ALAMANCE,A,ACTIVE,BENFIELDSUZANNEH,SUZANNEHBENFIELD,1607COPPERCIR,UNDESIGNATED,UN,UNDESIGNATED,UNA,UNAFFILIATED,59.0,12012008.0,Age4165,AA162488
ALAMANCE,A,ACTIVE,BENFIELDTRACYSHEPHERD,TRACYSHEPHERDBENFIELD,2511GIBSONVILLEOSSIPEERD,WHITE,NL,NOTHISPANICorNOTLATINO,REP,REPUBLICAN,42.0,7231998.0,Age4165,AA110568
ALAMANCE,A,ACTIVE,BENFORDCHRISTYLPATTERSON,CHRISTYLPATTERSONBENFORD,1720OLDSTMARK'SCHURCHRD101E,BLACKorAFRICANAMERICAN,NL,NOTHISPANICorNOTLATINO,DEM,DEMOCRATIC,37.0,5022008.0,Age2640,AA154740
ALAMANCE,R,REMOVED,BENFORDLARRAN,LARRANBENFORD,1720OLDSTMARK'SCHURCHRD101E,BLACKorAFRICANAMERICAN,NL,NOTHISPANICorNOTLATINO,DEM,DEMOCRATIC,37.0,5022008.0,Age2640,AA154741
ALAMANCE,A,ACTIVE,BENGECAROLWEBB,CAROLWEBBBENGE,2022STONEBROOKDR,WHITE,NL,NOTHISPANICorNOTLATINO,UNA,UNAFFILIATED,62.0,11011989.0,Age4165,AA70035
ALAMANCE,A,ACTIVE,BENGEDAVIDLEE,DAVIDLEEBENGE,2022STONEBROOKDR,WHITE,NL,NOTHISPANICorNOTLATINO,UNA,UNAFFILIATED,61.0,11011989.0,Age4165,AA70036
ALAMANCE,R,REMOVED,BENGEDRINDAELAINE,DRINDAELAINEBENGE,907HILLCRESTAVE,WHITE,NL,NOTHISPANICorNOTLATINO,DEM,DEMOCRATIC,40.0,1211998.0,Age2640,AA108920
ALAMANCE,A,ACTIVE,BENGEJORDANDAVID,JORDANDAVIDBENGE,2022STONEBROOKDR,WHITE,NL,NOTHISPANICorNOTLATINO,UNA,UNAFFILIATED,20.0,3052010.0,,AA165491
ALAMANCE,A,ACTIVE,BENGELGEOFREYKEVINSR,GEOFREYKEVINBENGELSR,,UNDESIGNATED,UN,UNDESIGNATED,REP,REPUBLICAN,53.0,11042008.0,Age4165,AA163276
ALAMANCE,A,ACTIVE,BENGELGEOFREYKEVINJR,GEOFREYKEVINBENGELJR,,WHITE,NL,NOTHISPANICorNOTLATINO,REP,REPUBLICAN,27.0,9301997.0,Age2640,AA107672
ALAMANCE,A,ACTIVE,BENGELVIVIANKNAUER,VIVIANKNAUERBENGEL,,WHITE,NL,NOTHISPANICorNOTLATINO,UNA,UNAFFILIATED,58.0,9301997.0,Age4165,AA107673
ALAMANCE,A,ACTIVE,BENGITCODYHOWARD,CODYHOWARDBENGIT,214WHAGGARDAVE,UNDESIGNATED,UN,UNDESIGNATED,UNA,UNAFFILIATED,21.0,10012012.0,,AA176263
ALAMANCE,R,REMOVED,BENHAMDANIELLE,DANIELLEBENHAM,95DENISEDRD,WHITE,UN,UNDESIGNATED,DEM,DEMOCRATIC,26.0,8042004.0,Age2640,AA136854
ALAMANCE,I,INACTIVE,BENHAMJOHN,JOHNBENHAM,529EHARDENST,WHITE,UN,UNDESIGNATED,REP,REPUBLICAN,60.0,10042004.0,Age4165,AA139324
ALAMANCE,R,REMOVED,BENHAMMEGAN,,95DENISEDRD,WHITE,UN,UNDESIGNATED,DEM,DEMOCRATIC,29.0,8042004.0,Age2640,AA136855
ALAMANCE,I,INACTIVE,BENISZMICHAELJ,,234JUDGESHARPERD,WHITE,NL,NOTHISPANICorNOTLATINO,REP,REPUBLICAN,60.0,7122004.0,Age4165,AA136145
ALAMANCE,D,DENIED,BENITEZANDREWPATRICKII,ANDREWPATRICKBENITEZII,137HAZELDR,WHITE,UN,UNDESIGNATED,REP,REPUBLICAN,20.0,8172012.0,,AA174405
ALAMANCE,A,ACTIVE,BENITEZELDARUTH,ELDARUTHBENITEZ,1914CEDARRIDGEDR,UNDESIGNATED,HL,HISPANICorLATINO,DEM,DEMOCRATIC,,,Age4165,AA169576
ALAMANCE,R,REMOVED,BENITEZJORGEALBERTOJR,JORGEALBERTOBENITEZJR,1914TRAILTWO3F,OTHER,NL,NOTHISPANICorNOTLATINO,UNA,UNAFFILIATED,43.0,7261998.0,Age4165,AA110569
ALAMANCE,A,ACTIVE,BENITEZKATHERINENICOLE,KATHERINENICOLEBENITEZ,709ELLENDR,WHITE,NL,NOTHISPANICorNOTLATINO,REP,REPUBLICAN,29.0,5022012.0,Age2640,BY370850
ALAMANCE,R,REMOVED,BENITEZMARIAELIZABETH,,144LUNSFORDDR,OTHER,HL,HISPANICorLATINO,DEM,DEMOCRATIC,42.0,8182002.0,Age4165,AA127795
ALAMANCE,A,ACTIVE,BENITEZSUSANCAROLE,SUSANCAROLEBENITEZ,,WHITE,NL,NOTHISPANICorNOTLATINO,DEM,DEMOCRATIC,55.0,4212011.0,Age4165,AA168416
ALAMANCE,A,ACTIVE,BENITEZVICTORIAPATTERSON,VICTORIAPATTERSONBENITEZ,3313SNCHWY11911,WHITE,UN,UNDESIGNATED,REP,REPUBLICAN,51.0,12102001.0,Age4165,AA125209
ALAMANCE,A,ACTIVE,BENJAMINAYANNALOUISE,AYANNALOUISEBENJAMIN,901DEERFIELDTRCE,BLACKorAFRICANAMERICAN,NL,NOTHISPANICorNOTLATINO,UNA,UNAFFILIATED,19.0,8122011.0,,AA169079
ALAMANCE,A,ACTIVE,BENJAMINDEBORAHANN,DEBORAHANNBENJAMIN,2005NASHLANDDR,WHITE,NL,NOTHISPANICorNOTLATINO,UNA,UNAFFILIATED,60.0,9012006.0,Age4165,AA147345
ALAMANCE,A,ACTIVE,BENJAMINEARLJR,EARLBENJAMINJR,4119STONECRESTDRB4,BLACKorAFRICANAMERICAN,NL,NOTHISPANICorNOTLATINO,UNA,UNAFFILIATED,53.0,12082009.0,Age4165,AA165094
ALAMANCE,R,REMOVED,BENJAMINJANICEMARIE,JANICEMARIEBENJAMIN,,WHITE,NL,NOTHISPANICorNOTLATINO,DEM,DEMOCRATIC,56.0,,Age4165,AA159457
ALAMANCE,A,ACTIVE,BENJAMINJEREMIAHNYGEL,JEREMIAHNYGELBENJAMIN,4119STONECRESTDR107,BLACKorAFRICANAMERICAN,NL,NOTHISPANICorNOTLATINO,DEM,DEMOCRATIC,20.0,6232010.0,,AA165835
ALAMANCE,A,ACTIVE,BENJAMINJOSHUAKYLE,JOSHUAKYLEBENJAMIN,,WHITE,NL,NOTHISPANICorNOTLATINO,DEM,DEMOCRATIC,31.0,8082007.0,Age2640,AA150348
ALAMANCE,A,ACTIVE,BENJAMINJUDYVANESSA,JUDYVANESSABENJAMIN,901DEERFIELDTRCE,BLACKorAFRICANAMERICAN,NL,NOTHISPANICorNOTLATINO,DEM,DEMOCRATIC,43.0,12022009.0,Age4165,DE181954
ALAMANCE,A,ACTIVE,BENJAMINKARENMARIE,KARENMARIEBENJAMIN,1614BROADWAYDR,WHITE,NL,NOTHISPANICorNOTLATINO,REP,REPUBLICAN,26.0,10032012.0,Age2640,BL357567
ALAMANCE,I,INACTIVE,BENJAMINKYMVALEASE,KYMVALEASEBENJAMIN,4119STONECRESTDR107,BLACKorAFRICANAMERICAN,NL,NOTHISPANICorNOTLATINO,DEM,DEMOCRATIC,52.0,6232010.0,Age4165,AA165840
ALAMANCE,I,INACTIVE,BENJAMINLAQUISHADANIELLE,LAQUISHADANIELLEBENJAMIN,1623MAPLEAVE,BLACKorAFRICANAMERICAN,UN,UNDESIGNATED,UNA,UNAFFILIATED,26.0,9292004.0,Age2640,AA138667
ALAMANCE,R,REMOVED,BENJAMINSARAELIZABETH,SARAELIZABETHBENJAMIN,,WHITE,NL,NOTHISPANICorNOTLATINO,DEM,DEMOCRATIC,39.0,10052001.0,Age2640,AA124675
ALAMANCE,A,ACTIVE,BENKOROBERTGERARD,ROBERTGERARDBENKO,514PARKVIEWDR,WHITE,NL,NOTHISPANICorNOTLATINO,UNA,UNAFFILIATED,,1162002.0,Age4165,AA125589
ALAMANCE,A,ACTIVE,BENKOSKYBRIANALEXANDER,BRIANALEXANDERBENKOSKY,2370DEEPCREEKCHURCHRD,WHITE,NL,NOTHISPANICorNOTLATINO,UNA,UNAFFILIATED,61.0,6162011.0,Age4165,AA168754
ALAMANCE,A,ACTIVE,BENKOSKYCHRISTOPHERTODD,CHRISTOPHERTODDBENKOSKY,2360DEEPCREEKCHURCHRD,WHITE,UN,UNDESIGNATED,UNA,UNAFFILIATED,42.0,,Age4165,AA176949
ALAMANCE,A,ACTIVE,BENKOSKYJENNIFERLYNN,JENNIFERLYNNBENKOSKY,2360DEEPCREEKCHURCHRD,WHITE,UN,UNDESIGNATED,UNA,UNAFFILIATED,40.0,,Age2640,AA176948
ALAMANCE,A,ACTIVE,BENNETTALANAALEXANDRIA,ALANAALEXANDRIABENNETT,1301TORREYPINESCT,BLACKorAFRICANAMERICAN,NL,NOTHISPANICorNOTLATINO,DEM,DEMOCRATIC,30.0,10042012.0,Age2640,CM42848
ALAMANCE,I,INACTIVE,BENNETTALICEFAYE,ALICEFAYEBENNETT,4870RABBITRUNDR,UNDESIGNATED,UN,UNDESIGNATED,UNA,UNAFFILIATED,66.0,7092007.0,AgeOver66,AA150087
ALAMANCE,A,ACTIVE,BENNETTALONZOJAMES,ALONZOJAMESBENNETT,2450SUSANNEDR,BLACKorAFRICANAMERICAN,NL,NOTHISPANICorNOTLATINO,DEM,DEMOCRATIC,69.0,2052008.0,AgeOver66,AA152027
ALAMANCE,A,ACTIVE,BENNETTAMBERD,AMBERDBENNETT,,UNDESIGNATED,UN,UNDESIGNATED,UNA,UNAFFILIATED,23.0,6122012.0,,AA172812
ALAMANCE,A,ACTIVE,BENNETTANTHONYEDWARD,ANTHONYEDWARDBENNETT,3224ALEXFAYEDR,WHITE,NL,NOTHISPANICorNOTLATINO,REP,REPUBLICAN,40.0,8031992.0,Age2640,AA82270
ALAMANCE,I,INACTIVE,BENNETTAPRILDAWN,APRILDAWNBENNETT,259LAKELATHAMRD,WHITE,NL,NOTHISPANICorNOTLATINO,UNA,UNAFFILIATED,31.0,7212004.0,Age2640,AA136148
ALAMANCE,I,INACTIVE,BENNETTARDENWAYNEJR,ARDENWAYNEBENNETTJR,736KECKRD,WHITE,NL,NOTHISPANICorNOTLATINO,REP,REPUBLICAN,,,Age4165,AA108038
ALAMANCE,A,ACTIVE,BENNETTBEATRICERHEW,BEATRICERHEWBENNETT,911LYNDONLN,WHITE,NL,NOTHISPANICorNOTLATINO,UNA,UNAFFILIATED,40.0,8302002.0,Age2640,AA127512
ALAMANCE,R,REMOVED,BENNETTBEVERLYTAYLOR,BEVERLYTAYLORBENNETT,1619COPPERCIR,WHITE,NL,NOTHISPANICorNOTLATINO,DEM,DEMOCRATIC,79.0,9072007.0,AgeOver66,AA150558
ALAMANCE,R,REMOVED,BENNETTBOBBYEDWARD,BOBBYEDWARDBENNETT,1933FARMINGTONLN,WHITE,NL,NOTHISPANICorNOTLATINO,REP,REPUBLICAN,76.0,4081988.0,AgeOver66,AA64947
ALAMANCE,A,ACTIVE,BENNETTBRANDONRAYVON,BRANDONRAYVONBENNETT,624GREGSONCT,WHITE,UN,UNDESIGNATED,UNA,UNAFFILIATED,24.0,,,AA159559
ALAMANCE,A,ACTIVE,BENNETTBRIANEMANUEL,BRIANEMANUELBENNETT,151CARDENPLACEDRJ,BLACKorAFRICANAMERICAN,NL,NOTHISPANICorNOTLATINO,DEM,DEMOCRATIC,27.0,8142012.0,Age2640,BY381715
ALAMANCE,A,ACTIVE,BENNETTCALERYAN,CALERYANBENNETT,225WOODLAWNRD,WHITE,NL,NOTHISPANICorNOTLATINO,UNA,UNAFFILIATED,39.0,12012006.0,Age2640,AA148147
ALAMANCE,A,ACTIVE,BENNETTCARRIEEDWARDS,CARRIEEDWARDSBENNETT,1609BRAMBLETONCT,WHITE,NL,NOTHISPANICorNOTLATINO,REP,REPUBLICAN,35.0,2271996.0,Age2640,AA97879
ALAMANCE,A,ACTIVE,BENNETTCHANNELL,CHANNELLBENNETT,,BLACKorAFRICANAMERICAN,NL,NOTHISPANICorNOTLATINO,DEM,DEMOCRATIC,29.0,6272008.0,Age2640,AA154949
ALAMANCE,A,ACTIVE,BENNETTCHRISTOPHERMIGUEL,CHRISTOPHERMIGUELBENNETT,909TRAILEIGHT,BLACKorAFRICANAMERICAN,UN,UNDESIGNATED,DEM,DEMOCRATIC,24.0,10022008.0,,AA158908
ALAMANCE,A,ACTIVE,BENNETTCHRISTOPHERALAN,CHRISTOPHERALANBENNETT,1934DORSETTST,WHITE,NL,NOTHISPANICorNOTLATINO,REP,REPUBLICAN,53.0,8171988.0,Age4165,AA65514
ALAMANCE,A,ACTIVE,BENNETTCLAYTONRAYVON,CLAYTONRAYVONBENNETT,624GREGSONCT,WHITE,UN,UNDESIGNATED,REP,REPUBLICAN,60.0,11052002.0,Age4165,AA128921
ALAMANCE,A,ACTIVE,BENNETTCONNIERAE,CONNIERAEBENNETT,2585HYDEST,WHITE,NL,NOTHISPANICorNOTLATINO,REP,REPUBLICAN,62.0,5152002.0,Age4165,AA126408
ALAMANCE,A,ACTIVE,BENNETTCONNIESUE,CONNIESUEBENNETT,3271ALEXFAYEDR,WHITE,NL,NOTHISPANICorNOTLATINO,REP,REPUBLICAN,,7262005.0,Age4165,AA144038
ALAMANCE,A,ACTIVE,BENNETTCYNTHIAC,CYNTHIACBENNETT,8000WINDSORWAY,WHITE,NL,NOTHISPANICorNOTLATINO,DEM,DEMOCRATIC,,,Age4165,DE206186
ALAMANCE,A,ACTIVE,BENNETTCYNTHIAHOGAN,CYNTHIAHOGANBENNETT,2734MINECREEKRD,WHITE,NL,NOTHISPANICorNOTLATINO,DEM,DEMOCRATIC,56.0,4081980.0,Age4165,
ALAMANCE,A,ACTIVE,BENNETTDANALYNN,DANALYNNBENNETT,1748TALTONTRCE,WHITE,NL,NOTHISPANICorNOTLATINO,DEM,DEMOCRATIC,26.0,8192004.0,Age2640,AA138177
ALAMANCE,A,ACTIVE,BENNETTDANIELLEMONIQUE,DANIELLEMONIQUEBENNETT,151CARDENPLACEDRJ,BLACKorAFRICANAMERICAN,NL,NOTHISPANICorNOTLATINO,DEM,DEMOCRATIC,26.0,8142012.0,Age2640,AA174333
ALAMANCE,A,ACTIVE,BENNETTDAVEALAN,DAVEALANBENNETT,724WFRONTST,WHITE,NL,NOTHISPANICorNOTLATINO,DEM,DEMOCRATIC,65.0,12191985.0,Age4165,AA59362
ALAMANCE,I,INACTIVE,BENNETTDAVIDGREGORY,DAVIDGREGORYBENNETT,2008SMEBANEST2111B,BLACKorAFRICANAMERICAN,UN,UNDESIGNATED,UNA,UNAFFILIATED,,9082003.0,Age4165,AA131282
ALAMANCE,A,ACTIVE,BENNETTDAVIDGREGORY,DAVIDGREGORYBENNETT,409BANKSST,WHITE,NL,NOTHISPANICorNOTLATINO,REP,REPUBLICAN,25.0,6282012.0,,AA145020
ALAMANCE,A,ACTIVE,BENNETTDESTINYDELEN,DESTINYDELENBENNETT,709EHAGGARDAVEK,BLACKorAFRICANAMERICAN,NL,NOTHISPANICorNOTLATINO,DEM,DEMOCRATIC,29.0,,Age2640,AA158909
ALAMANCE,A,ACTIVE,BENNETTDIANEGARTSIDE,DIANEGARTSIDEBENNETT,211STONEYBROOKCT,WHITE,NL,NOTHISPANICorNOTLATINO,UNA,UNAFFILIATED,82.0,1152008.0,AgeOver66,BY14442
ALAMANCE,A,ACTIVE,BENNETTDOLORESPAYNE,DOLORESPAYNEBENNETT,871DRIFTWOODDR,WHITE,NL,NOTHISPANICorNOTLATINO,REP,REPUBLICAN,58.0,2101992.0,Age4165,AA79472
ALAMANCE,I,INACTIVE,BENNETTDONNALANGLEY,DONNALANGLEYBENNETT,206GOODSONAVE,WHITE,NL,NOTHISPANICorNOTLATINO,DEM,DEMOCRATIC,52.0,10081993.0,Age4165,AA88241
ALAMANCE,A,ACTIVE,BENNETTDWIGHTANTHONY,DWIGHTANTHONYBENNETT,2627DALLASDR,WHITE,NL,NOTHISPANICorNOTLATINO,REP,REPUBLICAN,,8122011.0,Age4165,DE219599
ALAMANCE,A,ACTIVE,BENNETTELMER,ELMERBENNETT,1619COPPERCIR,WHITE,NL,NOTHISPANICorNOTLATINO,DEM,DEMOCRATIC,81.0,9072007.0,AgeOver66,AA150559
ALAMANCE,A,ACTIVE,BENNETTELMERCLIFFORDIII,ELMERCLIFFORDBENNETTIII,911LYNDONLN,WHITE,NL,NOTHISPANICorNOTLATINO,REP,REPUBLICAN,42.0,8302002.0,Age4165,AA127513
ALAMANCE,A,ACTIVE,BENNETTEMILIERUTH,EMILIERUTHBENNETT,,WHITE,NL,NOTHISPANICorNOTLATINO,REP,REPUBLICAN,21.0,9132012.0,,AA174719
ALAMANCE,A,ACTIVE,BENNETTERISJOHNSON,ERISJOHNSONBENNETT,2216CANTERBURYDR,WHITE,NL,NOTHISPANICorNOTLATINO,DEM,DEMOCRATIC,88.0,,AgeOver66,
ALAMANCE,A,ACTIVE,BENNETTESTHERSHORT,ESTHERSHORTBENNETT,724WFRONTST,WHITE,NL,NOTHISPANICorNOTLATINO,DEM,DEMOCRATIC,57.0,10291980.0,Age4165,
ALAMANCE,A,ACTIVE,BENNETTEUNICEKING,EUNICEKINGBENNETT,1871USHWY7023,WHITE,NL,NOTHISPANICorNOTLATINO,UNA,UNAFFILIATED,65.0,1051996.0,Age4165,AA96790
ALAMANCE,A,ACTIVE,BENNETTFRANCESTRAX,FRANCESTRAXBENNETT,2680SMEBANEST129,WHITE,UN,UNDESIGNATED,DEM,DEMOCRATIC,94.0,5091964.0,AgeOver66,
ALAMANCE,A,ACTIVE,BENNETTFRANCESBRITT,FRANCESBRITTBENNETT,2326MCKINNEYST,WHITE,NL,NOTHISPANICorNOTLATINO,DEM,DEMOCRATIC,75.0,10042010.0,AgeOver66,EH858734
ALAMANCE,R,REMOVED,BENNETTGEORGETHOMAS,GEORGETHOMASBENNETT,211STONEYBROOKCT,WHITE,NL,NOTHISPANICorNOTLATINO,REP,REPUBLICAN,85.0,11072007.0,AgeOver66,BY14483
ALAMANCE,A,ACTIVE,BENNETTGLORIAMARINO,GLORIAMARINOBENNETT,624GREGSONCT,WHITE,NL,NOTHISPANICorNOTLATINO,REP,REPUBLICAN,63.0,8262004.0,Age4165,AA136673
ALAMANCE,A,ACTIVE,BENNETTGORDONCECILJR,GORDONCECILBENNETTJR,1717DURHAMST17,WHITE,NL,NOTHISPANICorNOTLATINO,DEM,DEMOCRATIC,30.0,9302008.0,Age2640,AA158202
ALAMANCE,R,REMOVED,BENNETTGORDONCECIL,GORDONCECILBENNETT,521STOREYST,WHITE,UN,UNDESIGNATED,DEM,DEMOCRATIC,53.0,8282008.0,Age4165,AA156533
ALAMANCE,A,ACTIVE,BENNETTGREGORYBRANDONJR,GREGORYBRANDONBENNETTJR,,BLACKorAFRICANAMERICAN,NL,NOTHISPANICorNOTLATINO,DEM,DEMOCRATIC,18.0,11012012.0,,AA178664
ALAMANCE,I,INACTIVE,BENNETTHAROLDROYJR,HAROLDROYBENNETTJR,813MONROEHOLTRD,WHITE,NL,NOTHISPANICorNOTLATINO,UNA,UNAFFILIATED,,11231994.0,Age4165,AA92531
ALAMANCE,A,ACTIVE,BENNETTHILDAFRANCES,HILDAFRANCESBENNETT,1427RIDGECRESTAVE,WHITE,NL,NOTHISPANICorNOTLATINO,DEM,DEMOCRATIC,87.0,10281950.0,AgeOver66,
ALAMANCE,A,ACTIVE,BENNETTHOWARDBRADFORD,HOWARDBRADFORDBENNETT,4088GILCHRISTDR,WHITE,NL,NOTHISPANICorNOTLATINO,REP,REPUBLICAN,54.0,12131996.0,Age4165,AA104630
ALAMANCE,A,ACTIVE,BENNETTIRISJONES,IRISJONESBENNETT,2013ALOWERHOPEDALERD,WHITE,NL,NOTHISPANICorNOTLATINO,DEM,DEMOCRATIC,83.0,2081988.0,AgeOver66,AA63613
ALAMANCE,A,ACTIVE,BENNETTJALESAPLESCHETTE,JALESAPLESCHETTEBENNETT,448CAMPRD,BLACKorAFRICANAMERICAN,NL,NOTHISPANICorNOTLATINO,DEM,DEMOCRATIC,22.0,3242009.0,,AA163614
ALAMANCE,A,ACTIVE,BENNETTJAMESCLARK,JAMESCLARKBENNETT,500NWILLIAMSONAVE,WHITE,NL,NOTHISPANICorNOTLATINO,REP,REPUBLICAN,40.0,11212000.0,Age2640,AA122026
ALAMANCE,I,INACTIVE,BENNETTJAMESALLAN,JAMESALLANBENNETT,408SFOURTHST,WHITE,NL,NOTHISPANICorNOTLATINO,REP,REPUBLICAN,,11181997.0,Age4165,AA108039
ALAMANCE,A,ACTIVE,BENNETTJAMESSCOTT,JAMESSCOTTBENNETT,1372HOLMESLN,WHITE,NL,NOTHISPANICorNOTLATINO,REP,REPUBLICAN,43.0,,Age4165,AA176286
ALAMANCE,A,ACTIVE,BENNETTJANELLESHANTAE,JANELLESHANTAEBENNETT,,BLACKorAFRICANAMERICAN,NL,NOTHISPANICorNOTLATINO,DEM,DEMOCRATIC,21.0,8272010.0,,AA166638
ALAMANCE,A,ACTIVE,BENNETTJANIETICKLE,JANIETICKLEBENNETT,402WHITESELLST2502,WHITE,NL,NOTHISPANICorNOTLATINO,DEM,DEMOCRATIC,76.0,4061968.0,AgeOver66,
ALAMANCE,A,ACTIVE,BENNETTJASONMICHAEL,JASONMICHAELBENNETT,1609BRAMBLETONCT,WHITE,NL,NOTHISPANICorNOTLATINO,REP,REPUBLICAN,35.0,4182007.0,Age2640,AA149418
ALAMANCE,A,ACTIVE,BENNETTJASONALEXANDER,JASONALEXANDERBENNETT,1410BEECHDR,WHITE,NL,NOTHISPANICorNOTLATINO,UNA,UNAFFILIATED,28.0,7092008.0,Age2640,AA155137
ALAMANCE,A,ACTIVE,BENNETTJOANNEBARNES,JOANNEBARNESBENNETT,1350HOLMESLN,WHITE,NL,NOTHISPANICorNOTLATINO,REP,REPUBLICAN,79.0,3181972.0,AgeOver66,
ALAMANCE,A,ACTIVE,BENNETTJOHNLINWOOD,JOHNLINWOODBENNETT,355HERRONWOODDR,WHITE,NL,NOTHISPANICorNOTLATINO,REP,REPUBLICAN,82.0,4081980.0,AgeOver66,
ALAMANCE,A,ACTIVE,BENNETTJOHNWESLEY,JOHNWESLEYBENNETT,1423EMAINST,WHITE,NL,NOTHISPANICorNOTLATINO,DEM,DEMOCRATIC,60.0,12281971.0,Age4165,
ALAMANCE,R,REMOVED,BENNETTJOSEPHCOOPERJR,JOSEPHCOOPERBENNETTJR,1335BEAUMONTCTA,BLACKorAFRICANAMERICAN,UN,UNDESIGNATED,UNA,UNAFFILIATED,30.0,11062007.0,Age2640,AA151243
ALAMANCE,A,ACTIVE,BENNETTJOSHUAHOGAN,JOSHUAHOGANBENNETT,2734MINECREEKRD,WHITE,NL,NOTHISPANICorNOTLATINO,UNA,UNAFFILIATED,32.0,10081999.0,Age2640,AA115835
ALAMANCE,A,ACTIVE,BENNETTJUDITHANN,JUDITHANNBENNETT,1720OLDSTMARK'SCHURCHRD91B,WHITE,UN,UNDESIGNATED,UNA,UNAFFILIATED,66.0,9202004.0,AgeOver66,AA137975
ALAMANCE,A,ACTIVE,BENNETTKATHRYNHARTSOG,KATHRYNHARTSOGBENNETT,500NWILLIAMSONAVE,WHITE,NL,NOTHISPANICorNOTLATINO,UNA,UNAFFILIATED,,4021997.0,Age4165,AA105919
ALAMANCE,A,ACTIVE,BENNETTKENNETHBRIAN,KENNETHBRIANBENNETT,1519BROADWAYDR,WHITE,NL,NOTHISPANICorNOTLATINO,REP,REPUBLICAN,53.0,10061980.0,Age4165,
ALAMANCE,A,ACTIVE,BENNETTKIMBERLYSCHNELL,KIMBERLYSCHNELLBENNETT,505CLAYST,UNDESIGNATED,UN,UNDESIGNATED,DEM,DEMOCRATIC,,6062012.0,Age4165,AA173079
ALAMANCE,A,ACTIVE,BENNETTKORYLYDELL,KORYLYDELLBENNETT,1735VANDERBILTCT,BLACKorAFRICANAMERICAN,NL,NOTHISPANICorNOTLATINO,DEM,DEMOCRATIC,42.0,1142005.0,Age4165,AA142636
ALAMANCE,,ACTIVE,BENNETTLACYANN,LACYANNBENNETT,408SFOURTHST,WHITE,NL,NOTHISPANICorNOTLATINO,REP,REPUBLICAN,,5061998.0,Age4165,AA110000
ALAMANCE,,ACTIVE,BENNETTLATONIAROCHEAL,LATONIAROCHEALBENNETT,606CAIRNCIR,BLACKorAFRICANAMERICAN,NL,NOTHISPANICorNOTLATINO,DEM,DEMOCRATIC,,1042010.0,Age4165,BY247856
ALAMANCE,,ACTIVE,BENNETTLAURAMOSER,LAURAMOSERBENNETT,3224ALEXFAYEDR,WHITE,NL,NOTHISPANICorNOTLATINO,REP,REPUBLICAN,40.0,8161991.0,Age2640,AA78112
ALAMANCE,,ACTIVE,BENNETTLAURADOLORES,LAURADOLORESBENNETT,871DRIFTWOODDR,UNDESIGNATED,UN,UNDESIGNATED,REP,REPUBLICAN,58.0,,Age4165,AA177633
ALAMANCE,R,REMOVED,BENNETTLAURAJEAN,LAURAJEANBENNETT,406HAWTHORNELN,WHITE,NL,NOTHISPANICorNOTLATINO,REP,REPUBLICAN,63.0,10021985.0,Age4165,AA59124
ALAMANCE,,ACTIVE,BENNETTLESLIEMICHELLE,LESLIEMICHELLEBENNETT,,WHITE,NL,NOTHISPANICorNOTLATINO,UNA,UNAFFILIATED,29.0,,Age2640,AA128367
ALAMANCE,,ACTIVE,BENNETTLINDACAROL,LINDACAROLBENNETT,3334CALLOWAYDR,WHITE,UN,UNDESIGNATED,DEM,DEMOCRATIC,,,Age4165,AA141302
ALAMANCE,,ACTIVE,BENNETTLISABLACK,,1519BROADWAYDR,WHITE,NL,NOTHISPANICorNOTLATINO,DEM,DEMOCRATIC,52.0,1091979.0,Age4165,
ALAMANCE,,ACTIVE,BENNETTLOUISECOBLE,,936HANFORDRD,WHITE,NL,NOTHISPANICorNOTLATINO,DEM,DEMOCRATIC,86.0,10231948.0,AgeOver66,
ALAMANCE,,ACTIVE,BENNETTMARCIAEVELYNTICE,,1934DORSETTST,WHITE,NL,NOTHISPANICorNOTLATINO,REP,REPUBLICAN,52.0,8171988.0,Age4165,AA65515
ALAMANCE,,ACTIVE,BENNETTMARJORIETRIPPEER,,1607WYCLIFFCT,WHITE,NL,NOTHISPANICorNOTLATINO,UNA,UNAFFILIATED,84.0,6242003.0,AgeOver66,AA130573
ALAMANCE,,ACTIVE,BENNETTMARYKATHRYN,,4035CHARLIEINGLELN,WHITE,NL,NOTHISPANICorNOTLATINO,DEM,DEMOCRATIC,23.0,,,AA150661
ALAMANCE,R,REMOVED,BENNETTMARYREECE,,2025FARMINGTONLN,WHITE,NL,NOTHISPANICorNOTLATINO,DEM,DEMOCRATIC,100.0,5161964.0,AgeOver66,
ALAMANCE,I,INACTIVE,BENNETTMELISAADKINS,,1315STREGISDRA,WHITE,NL,NOTHISPANICorNOTLATINO,DEM,DEMOCRATIC,52.0,7251995.0,Age4165,AA94923
ALAMANCE,,ACTIVE,BENNETTMELISSASTRICKLAND,,,WHITE,NL,NOTHISPANICorNOTLATINO,UNA,UNAFFILIATED,27.0,9102010.0,Age2640,AA166717
ALAMANCE,,ACTIVE,BENNETTPAMELAMICHELLE,PAMELAMICHELLEBENNETT,1930MORNINGSIDEDRG,BLACKorAFRICANAMERICAN,UN,UNDESIGNATED,DEM,DEMOCRATIC,31.0,,Age2640,AA124833
ALAMANCE,,ACTIVE,BENNETTPAULSCOTT,PAULSCOTTBENNETT,8000WINDSORWAY,WHITE,NL,NOTHISPANICorNOTLATINO,DEM,DEMOCRATIC,,7182007.0,Age4165,DE206189
ALAMANCE,,ACTIVE,BENNETTRENAGADISON,RENAGADISONBENNETT,745CHAPELHILLRD,BLACKorAFRICANAMERICAN,NL,NOTHISPANICorNOTLATINO,DEM,DEMOCRATIC,68.0,3171980.0,AgeOver66,
ALAMANCE,,ACTIVE,BENNETTRHONDAPOLAND,RHONDAPOLANDBENNETT,,WHITE,NL,NOTHISPANICorNOTLATINO,REP,REPUBLICAN,,4031984.0,Age4165,
ALAMANCE,,ACTIVE,BENNETTROBERTAARON,ROBERTAARONBENNETT,839SCOTTST,WHITE,NL,NOTHISPANICorNOTLATINO,UNA,UNAFFILIATED,24.0,6222006.0,,AA146813
ALAMANCE,,ACTIVE,BENNETTROBERTMICHAEL,ROBERTMICHAELBENNETT,3271ALEXFAYEDR,WHITE,NL,NOTHISPANICorNOTLATINO,REP,REPUBLICAN,44.0,8052005.0,Age4165,AA144175
ALAMANCE,,ACTIVE,BENNETTROMONAHACKWORTH,ROMONAHACKWORTHBENNETT,355HERRONWOODDR,WHITE,UN,UNDESIGNATED,REP,REPUBLICAN,79.0,4081980.0,AgeOver66,
ALAMANCE,,ACTIVE,BENNETTSANDRAGRACE,SANDRAGRACEBENNETT,1748TALTONTRCE4,WHITE,NL,NOTHISPANICorNOTLATINO,REP,REPUBLICAN,,7102002.0,Age4165,AA126872
ALAMANCE,R,REMOVED,BENNETTSARAHSIMPSON,SARAHSIMPSONBENNETT,1372HOLMESLN,WHITE,UN,UNDESIGNATED,REP,REPUBLICAN,43.0,6022000.0,Age4165,AA118030
ALAMANCE,,ACTIVE,BENNETTSCHNIQUALAVONE,SCHNIQUALAVONEBENNETT,2009MORNINGSIDEDRH,UNDESIGNATED,UN,UNDESIGNATED,DEM,,36.0,4102012.0,Age2640,BY568544
ALAMANCE,,ACTIVE,BENNETTSCOTTERVIN,SCOTTERVINBENNETT,401STHIRDST,WHITE,UN,UNDESIGNATED,REP,REPUBLICAN,,8022012.0,Age4165,EH849444
ALAMANCE,,ACTIVE,BENNETTSHARONCOLE,SHARONCOLEBENNETT,2485ELONOSSIPEERD,WHITE,NL,NOTHISPANICorNOTLATINO,DEM,,63.0,9301998.0,Age4165,AA111538
ALAMANCE,,ACTIVE,BENNETTSHAWNMICHEAL,SHAWNMICHEALBENNETT,735EHAGGARDAVEO,WHITE,UN,UNDESIGNATED,UNA,UNAFFILIATED,21.0,,,AA177452
ALAMANCE,,ACTIVE,BENNETTSHERRYGAIL,SHERRYGAILBENNETT,2117WIGGINSST,WHITE,NL,NOTHISPANICorNOTLATINO,UNA,UNAFFILIATED,60.0,3151984.0,Age4165,
ALAMANCE,,ACTIVE,BENNETTSTEPHENTHOMAS,STEPHENTHOMASBENNETT,511EDAVISST,WHITE,UN,UNDESIGNATED,REP,REPUBLICAN,58.0,3032004.0,Age4165,AA133201
ALAMANCE,,ACTIVE,BENNETTSTEVENERIC,STEVENERICBENNETT,1734WOODAVE,WHITE,NL,NOTHISPANICorNOTLATINO,REP,REPUBLICAN,63.0,9281984.0,Age4165,
ALAMANCE,,ACTIVE,BENNETTSTEVENTRAVON,STEVENTRAVONBENNETT,1301TORREYPINESCT,BLACKorAFRICANAMERICAN,NL,NOTHISPANICorNOTLATINO,DEM,,27.0,10042012.0,Age2640,BL373621
ALAMANCE,,ACTIVE,BENNETTSUSANPIPER,SUSANPIPERBENNETT,511EDAVISST,WHITE,NL,NOTHISPANICorNOTLATINO,REP,REPUBLICAN,55.0,4032004.0,Age4165,AA133642
ALAMANCE,,ACTIVE,BENNETTTANEKAMARIE,TANEKAMARIEBENNETT,1735VANDERBILTCT,BLACKorAFRICANAMERICAN,UN,UNDESIGNATED,UNA,UNAFFILIATED,41.0,9212008.0,Age4165,AA157753
ALAMANCE,,ACTIVE,BENNETTTHADOATHERJR,THADOATHERBENNETTJR,871DRIFTWOODDR,WHITE,NL,NOTHISPANICorNOTLATINO,REP,REPUBLICAN,64.0,3121996.0,Age4165,AA98182
ALAMANCE,R,REMOVED,BENNETTTHADDEUSOATHER,THADDEUSOATHERBENNETT,2013CLOWERHOPEDALERD,WHITE,NL,NOTHISPANICorNOTLATINO,DEM,,86.0,2081988.0,AgeOver66,AA63614
ALAMANCE,,ACTIVE,BENNETTTHOMASALFREDJR,THOMASALFREDBENNETTJR,1350HOLMESLN,WHITE,NL,NOTHISPANICorNOTLATINO,REP,REPUBLICAN,77.0,3181972.0,AgeOver66,
ALAMANCE,,ACTIVE,BENNETTTHOMASFRANK,THOMASFRANKBENNETT,2216CANTERBURYDR,WHITE,NL,NOTHISPANICorNOTLATINO,DEM,,88.0,,AgeOver66,
ALAMANCE,,ACTIVE,BENNETTTIMOTHYWALLACE,TIMOTHYWALLACEBENNETT,2734MINECREEKRD,WHITE,NL,NOTHISPANICorNOTLATINO,DEM,,57.0,4081980.0,Age4165,
ALAMANCE,,ACTIVE,BENNETTTONYFRANKLIN,TONYFRANKLINBENNETT,,WHITE,NL,NOTHISPANICorNOTLATINO,REP,REPUBLICAN,53.0,4081980.0,Age4165,
ALAMANCE,R,REMOVED,BENNETTTROYCARSON,TROYCARSONBENNETT,1607WYCLIFFCT,WHITE,NL,NOTHISPANICorNOTLATINO,UNA,UNAFFILIATED,83.0,6242003.0,AgeOver66,AA130574
ALAMANCE,,ACTIVE,BENNETTTYSON,TYSONBENNETT,2138ROGERST,BLACKorAFRICANAMERICAN,NL,NOTHISPANICorNOTLATINO,DEM,,36.0,5062008.0,Age2640,AA154887
ALAMANCE,R,REMOVED,BENNETTWALLACEABBOTT,WALLACEABBOTTBENNETT,936HANFORDRD,WHITE,NL,NOTHISPANICorNOTLATINO,DEM,,81.0,1011900.0,AgeOver66,
ALAMANCE,,ACTIVE,BENNETTWAYNEDOUGLAS,WAYNEDOUGLASBENNETT,1427RIDGECRESTAVE,WHITE,NL,NOTHISPANICorNOTLATINO,UNA,UNAFFILIATED,61.0,1181995.0,Age4165,AA92630
ALAMANCE,,ACTIVE,BENNETTWENDYLYNN,WENDYLYNNBENNETT,225WOODLAWNRD,WHITE,NL,NOTHISPANICorNOTLATINO,REP,REPUBLICAN,37.0,7242006.0,Age2640,AA147102
ALAMANCE,,ACTIVE,BENNETTWILLIS(NMN)III,WILLIS(NMN)BENNETTIII,745CHAPELHILLRD,BLACKorAFRICANAMERICAN,NL,NOTHISPANICorNOTLATINO,UNA,UNAFFILIATED,,4131996.0,Age4165,AA99272
ALAMANCE,,ACTIVE,BENNINGTONGRACEWORTHAM,GRACEWORTHAMBENNINGTON,1937GLENKIRKDR,WHITE,NL,NOTHISPANICorNOTLATINO,REP,REPUBLICAN,31.0,2182008.0,Age2640,BL252417
ALAMANCE,,ACTIVE,BENNINGTONPATRICKMICHAEL,PATRICKMICHAELBENNINGTON,1937GLENKIRKDR,WHITE,UN,UNDESIGNATED,UNA,UNAFFILIATED,34.0,9282006.0,Age2640,AA147621
ALAMANCE,D,DENIED,BENOJOELMARTIN,JOELMARTINBENO,404SFLANNERST,WHITE,NL,NOTHISPANICorNOTLATINO,REP,REPUBLICAN,37.0,11271995.0,Age2640,AA96668
ALAMANCE,,ACTIVE,BENOLKENBILLIESUTTON,BILLIESUTTONBENOLKEN,2779JOHNSUTTONRD,WHITE,NL,NOTHISPANICorNOTLATINO,DEM,DEMOCRATIC,82.0,10071972.0,AgeOver66,
ALAMANCE,,ACTIVE,BENOLKENGEORGEHERBERTIII,GEORGEHERBERTBENOLKENIII,,WHITE,NL,NOTHISPANICorNOTLATINO,REP,REPUBLICAN,55.0,5142003.0,Age4165,AA130266
ALAMANCE,,ACTIVE,BENOLKENLEAHGONZALES,LEAHGONZALESBENOLKEN,,TWOorMORERACES,HL,HISPANICorLATINO,REP,REPUBLICAN,56.0,11132007.0,Age4165,AA151012
ALAMANCE,,ACTIVE,BENSONALICIANICOLE,ALICIANICOLEBENSON,6981MTHERMONROCKCREEKRD,WHITE,NL,NOTHISPANICorNOTLATINO,UNA,UNAFFILIATED,22.0,,,AA158911
ALAMANCE,,ACTIVE,BENSONAMANDASHEA,AMANDASHEABENSON,507WESTFIELDLN,WHITE,NL,NOTHISPANICorNOTLATINO,REP,REPUBLICAN,22.0,3112008.0,,AA152771
ALAMANCE,R,REMOVED,BENSONCAROLYNSABRA,CAROLYNSABRABENSON,3041BRAMBLEGATEDR,WHITE,UN,UNDESIGNATED,DEM,DEMOCRATIC,36.0,11112002.0,Age2640,AA128925
ALAMANCE,R,REMOVED,BENSONCYNTHIARISHWORTH,CYNTHIARISHWORTHBENSON,2534USHWY70,WHITE,NL,NOTHISPANICorNOTLATINO,DEM,DEMOCRATIC,75.0,7291996.0,AgeOver66,AA100746
ALAMANCE,,ACTIVE,BENSONDAVIDCARSON,DAVIDCARSONBENSON,1521BIRKDALECIR,WHITE,NL,NOTHISPANICorNOTLATINO,DEM,DEMOCRATIC,,7212006.0,Age4165,DE218818
ALAMANCE,,ACTIVE,BENSONDAWNQUALLS,DAWNQUALLSBENSON,612GRACEAVE,UNDESIGNATED,UN,UNDESIGNATED,UNA,UNAFFILIATED,52.0,11022010.0,Age4165,AA167466
ALAMANCE,,ACTIVE,BENSONDEBORAHWERTZ,DEBORAHWERTZBENSON,6981MTHERMONROCKCREEKRD,WHITE,NL,NOTHISPANICorNOTLATINO,REP,REPUBLICAN,44.0,3242008.0,Age4165,BY402272
ALAMANCE,,ACTIVE,BENSONDONALDFRED,DONALDFREDBENSON,4101HANSELTRCE,WHITE,NL,NOTHISPANICorNOTLATINO,REP,REPUBLICAN,67.0,3192008.0,AgeOver66,AA154500
ALAMANCE,,ACTIVE,BENSONEMILYJESSICA,EMILYJESSICABENSON,100PHOENIXDR,WHITE,NL,NOTHISPANICorNOTLATINO,DEM,DEMOCRATIC,19.0,10032012.0,,AA176495
ALAMANCE,,ACTIVE,BENSONIVIAMAE,IVIAMAEBENSON,1013APPLEST,BLACKorAFRICANAMERICAN,NL,NOTHISPANICorNOTLATINO,DEM,DEMOCRATIC,86.0,3122002.0,AgeOver66,AA125817
ALAMANCE,,ACTIVE,BENSONJAMIELUELLEN,JAMIELUELLENBENSON,,WHITE,NL,NOTHISPANICorNOTLATINO,REP,REPUBLICAN,29.0,8042004.0,Age2640,AA136332
ALAMANCE,,ACTIVE,BENSONJENNIFERMARIE,JENNIFERMARIEBENSON,720KECKRD,WHITE,NL,NOTHISPANICorNOTLATINO,UNA,UNAFFILIATED,18.0,1172012.0,,AA170100
ALAMANCE,,ACTIVE,BENSONJOANAUSTIN,JOANAUSTINBENSON,4101HANSELTRCE,WHITE,NL,NOTHISPANICorNOTLATINO,REP,REPUBLICAN,67.0,3192008.0,AgeOver66,AA152922
ALAMANCE,,ACTIVE,BENSONJOHNDERRICK,JOHNDERRICKBENSON,6981MTHERMONROCKCREEKRD,WHITE,NL,NOTHISPANICorNOTLATINO,REP,REPUBLICAN,,3242008.0,Age4165,BY402296
ALAMANCE,,ACTIVE,BENSONJOSEPHM,JOSEPHMBENSON,507WESTFIELDLN,WHITE,NL,NOTHISPANICorNOTLATINO,REP,REPUBLICAN,,10072004.0,Age4165,AA139893
ALAMANCE,,ACTIVE,BENSONKELLISUE,KELLISUEBENSON,1414TORREYPINESCT,WHITE,NL,NOTHISPANICorNOTLATINO,UNA,UNAFFILIATED,38.0,9232011.0,Age2640,AA169370
ALAMANCE,,ACTIVE,BENSONLARUESTARR,LARUESTARRBENSON,1728ERWINAVE,WHITE,NL,NOTHISPANICorNOTLATINO,DEM,DEMOCRATIC,89.0,5171952.0,AgeOver66,
ALAMANCE,,ACTIVE,BENSONMACHELLMARSHALL,,1653CEDARCREEKDR,WHITE,NL,NOTHISPANICorNOTLATINO,REP,REPUBLICAN,39.0,10302010.0,Age2640,AA167398
ALAMANCE,,ACTIVE,BENSONMELISSAANN,,,WHITE,NL,NOTHISPANICorNOTLATINO,UNA,UNAFFILIATED,27.0,4252012.0,Age2640,AA171552
ALAMANCE,,ACTIVE,BENSONMICHELLELEIGH,,5044SWEPSONVILLESAXAPAHAWRD,WHITE,NL,NOTHISPANICorNOTLATINO,REP,REPUBLICAN,20.0,8172010.0,,AA166564
ALAMANCE,,ACTIVE,BENSONMOLLYTERRELL,MOLLYTERRELLBENSON,234SILVERLAKEDR,WHITE,NL,NOTHISPANICorNOTLATINO,DEM,DEMOCRATIC,35.0,1202005.0,Age2640,AA142777
ALAMANCE,,ACTIVE,BENSONOLLIEFALLIN,OLLIEFALLINBENSON,29HOLMESWAY,WHITE,NL,NOTHISPANICorNOTLATINO,REP,REPUBLICAN,89.0,7182012.0,AgeOver66,DS24175
ALAMANCE,,ACTIVE,BENSONPANSYJONES,PANSYJONESBENSON,206ALOHADR,WHITE,NL,NOTHISPANICorNOTLATINO,DEM,DEMOCRATIC,79.0,,AgeOver66,
ALAMANCE,,ACTIVE,BENSONPATRICIAHARMAN,PATRICIAHARMANBENSON,321TRAILEIGHT,WHITE,UN,UNDESIGNATED,DEM,DEMOCRATIC,57.0,11021973.0,Age4165,AA19552
ALAMANCE,,ACTIVE,BENSONRICHARDLYNN,RICHARDLYNNBENSON,3508GARDENRDL4,WHITE,NL,NOTHISPANICorNOTLATINO,REP,REPUBLICAN,58.0,6252012.0,Age4165,AA173011
ALAMANCE,,ACTIVE,BENSONROBERTPAUL,ROBERTPAULBENSON,1414TORREYPINESCT,WHITE,NL,NOTHISPANICorNOTLATINO,UNA,UNAFFILIATED,41.0,9232011.0,Age4165,AA169371
ALAMANCE,R,REMOVED,BENSONROBERTLEETARD,ROBERTLEETARDBENSON,1013APPLEST,BLACKorAFRICANAMERICAN,NL,NOTHISPANICorNOTLATINO,DEM,DEMOCRATIC,87.0,2242002.0,AgeOver66,AA125818
ALAMANCE,,ACTIVE,BENSONSARAELIZABETH,SARAELIZABETHBENSON,507WESTFIELDLN,WHITE,NL,NOTHISPANICorNOTLATINO,REP,REPUBLICAN,44.0,11032004.0,Age4165,AA142734
ALAMANCE,,ACTIVE,BENSONSHELBYHANKINS,SHELBYHANKINSBENSON,1237SFIFTHST,WHITE,NL,NOTHISPANICorNOTLATINO,REP,REPUBLICAN,73.0,10261968.0,AgeOver66,
ALAMANCE,,ACTIVE,BENSONSTARRALLSION,STARRALLSIONBENSON,1920MEBANEOAKSRD,WHITE,NL,NOTHISPANICorNOTLATINO,DEM,DEMOCRATIC,31.0,9132004.0,Age2640,AA137411
ALAMANCE,,ACTIVE,BENSONTERRYAARON,TERRYAARONBENSON,2207WALTERANDREWSRD,WHITE,NL,NOTHISPANICorNOTLATINO,REP,REPUBLICAN,51.0,8132004.0,Age4165,AA136038
ALAMANCE,,ACTIVE,BENSONTIMOTHYALAN,TIMOTHYALANBENSON,1653CEDARCREEKDR,WHITE,NL,NOTHISPANICorNOTLATINO,REP,REPUBLICAN,40.0,7051996.0,Age2640,AA100269
ALAMANCE,,ACTIVE,BENSONTINAPAGE,TINAPAGEBENSON,2207WALTERANDREWSRD,WHITE,NL,NOTHISPANICorNOTLATINO,UNA,UNAFFILIATED,39.0,7111995.0,Age2640,AA94727
ALAMANCE,,ACTIVE,BENSONTORIEFISHER,TORIEFISHERBENSON,324CHRISTOPHERDR,WHITE,NL,NOTHISPANICorNOTLATINO,DEM,DEMOCRATIC,53.0,2252008.0,Age4165,AA152482
ALAMANCE,R,REMOVED,BENSONWILLIAMEDWARDIII,WILLIAMEDWARDBENSONIII,1615STANDREWSDR,WHITE,NL,NOTHISPANICorNOTLATINO,REP,REPUBLICAN,41.0,12272000.0,Age4165,AA122027
ALAMANCE,,ACTIVE,BENSONWILTONHAROLD,WILTONHAROLDBENSON,1237SFIFTHST,WHITE,NL,NOTHISPANICorNOTLATINO,REP,REPUBLICAN,85.0,10281950.0,AgeOver66,
ALAMANCE,,ACTIVE,BENTCHRAYMONDFREDRICK,RAYMONDFREDRICKBENTCH,125MONTREELN,WHITE,NL,NOTHISPANICorNOTLATINO,REP,REPUBLICAN,66.0,4041988.0,AgeOver66,AA64782
ALAMANCE,,ACTIVE,BENTCHSHARONELAINE,SHARONELAINEBENTCH,125MONTREELN,WHITE,NL,NOTHISPANICorNOTLATINO,REP,REPUBLICAN,62.0,3301988.0,Age4165,AA64623
ALAMANCE,,ACTIVE,BENTHEERICHKURT,ERICHKURTBENTHE,2919JUNIPERDR,WHITE,NL,NOTHISPANICorNOTLATINO,REP,REPUBLICAN,42.0,9272007.0,Age4165,AA150662
ALAMANCE,,ACTIVE,BENTHELISAMARIE,,2919JUNIPERDR,WHITE,NL,NOTHISPANICorNOTLATINO,REP,REPUBLICAN,39.0,9252007.0,Age2640,AA150663
ALAMANCE,,ACTIVE,BENTHIENADDISONELISABETH,ADDISONELISABETHBENTHIEN,261STATIONCIR101C,WHITE,UN,UNDESIGNATED,REP,REPUBLICAN,20.0,10262012.0,,AA178356
ALAMANCE,,ACTIVE,BENTLEYBONNIELYNN,BONNIELYNNBENTLEY,201WALTERHAGENDR,WHITE,NL,NOTHISPANICorNOTLATINO,DEM,DEMOCRATIC,61.0,12281998.0,Age4165,AA112355
ALAMANCE,,ACTIVE,BENTLEYCHRISTINALYNN,CHRISTINALYNNBENTLEY,1922TWEEDLN,WHITE,NL,NOTHISPANICorNOTLATINO,UNA,UNAFFILIATED,34.0,6242008.0,Age2640,BY470748
ALAMANCE,,ACTIVE,BENTLEYEARLCLIFFORD,EARLCLIFFORDBENTLEY,2659WHITEOAKDR,WHITE,NL,NOTHISPANICorNOTLATINO,DEM,DEMOCRATIC,82.0,10261968.0,AgeOver66,
ALAMANCE,,ACTIVE,BENTLEYMICHAELKEITH,,1922TWEEDLN,WHITE,NL,NOTHISPANICorNOTLATINO,UNA,UNAFFILIATED,37.0,10022008.0,Age2640,AA158031
ALAMANCE,,ACTIVE,BENTLEYSHIRLEYSMITH,SHIRLEYSMITHBENTLEY,2659WHITEOAKDR,WHITE,NL,NOTHISPANICorNOTLATINO,DEM,DEMOCRATIC,77.0,10261968.0,AgeOver66,
ALAMANCE,,ACTIVE,BENTLEYWESLEYMICHAEL,WESLEYMICHAELBENTLEY,201WALTERHAGENDR,WHITE,NL,NOTHISPANICorNOTLATINO,DEM,DEMOCRATIC,63.0,4261999.0,Age4165,AA114115
ALAMANCE,,ACTIVE,BENTONARETHAANN,ARETHAANNBENTON,,BLACKorAFRICANAMERICAN,UN,UNDESIGNATED,DEM,DEMOCRATIC,39.0,1111999.0,Age2640,AA113147
ALAMANCE,,ACTIVE,BENTONBENNIEJAY,BENNIEJAYBENTON,1537SHADYLAWNDR,WHITE,UN,UNDESIGNATED,UNA,UNAFFILIATED,66.0,4112008.0,AgeOver66,AA154346
ALAMANCE,,ACTIVE,BENTONCATRINAANN,CATRINAANNBENTON,123JAMESDR,BLACKorAFRICANAMERICAN,NL,NOTHISPANICorNOTLATINO,DEM,DEMOCRATIC,43.0,9091997.0,Age4165,AA107537
ALAMANCE,,ACTIVE,BENTONCHRISPADGETT,CHRISPADGETTBENTON,8791LINDLEYMILLRD,WHITE,NL,NOTHISPANICorNOTLATINO,UNA,UNAFFILIATED,43.0,7251997.0,Age4165,AA106856
ALAMANCE,,ACTIVE,BENTONCLEOTHABARNES,CLEOTHABARNESBENTON,1437LANIERCT,BLACKorAFRICANAMERICAN,NL,NOTHISPANICorNOTLATINO,DEM,DEMOCRATIC,65.0,8171990.0,Age4165,AA72827
ALAMANCE,,ACTIVE,BENTONDOUGLASEUGENE,DOUGLASEUGENEBENTON,8791LINDLEYMILLRD,WHITE,NL,NOTHISPANICorNOTLATINO,UNA,UNAFFILIATED,44.0,7251997.0,Age4165,AA106857
ALAMANCE,,ACTIVE,BENTONELOISEDAVES,ELOISEDAVESBENTON,1614MORNINGSIDEDRE,WHITE,NL,NOTHISPANICorNOTLATINO,DEM,DEMOCRATIC,94.0,5121956.0,AgeOver66,
ALAMANCE,,ACTIVE,BENTONJAMESMICHAEL,JAMESMICHAELBENTON,30WINDRIFTCT,WHITE,NL,NOTHISPANICorNOTLATINO,DEM,DEMOCRATIC,65.0,10081973.0,Age4165,
ALAMANCE,,ACTIVE,BENTONJENNINGSCOY,JENNINGSCOYBENTON,1908HUGHESMILLRD,WHITE,UN,UNDESIGNATED,DEM,DEMOCRATIC,40.0,5082012.0,Age2640,BY276507
ALAMANCE,,ACTIVE,BENTONMAMIEWALKER,,1437LANIERCT,BLACKorAFRICANAMERICAN,NL,NOTHISPANICorNOTLATINO,DEM,DEMOCRATIC,61.0,2251984.0,Age4165,
ALAMANCE,,ACTIVE,BENTONMARGARETANN,,2203EIDERCTA,WHITE,UN,UNDESIGNATED,UNA,UNAFFILIATED,80.0,9302004.0,AgeOver66,AA138668
ALAMANCE,,ACTIVE,BENTONMARVINELMER,,209ESIXTHST,BLACKorAFRICANAMERICAN,UN,UNDESIGNATED,DEM,DEMOCRATIC,71.0,9051975.0,AgeOver66,
ALAMANCE,,ACTIVE,BENTONMELISSAPERRY,,1908HUGHESMILLRD,WHITE,NL,NOTHISPANICorNOTLATINO,REP,REPUBLICAN,39.0,5142012.0,Age2640,BY300224
ALAMANCE,I,INACTIVE,BENTONMICHAELLEEASHTON,,714IVEYRDQ,WHITE,NL,NOTHISPANICorNOTLATINO,UNA,UNAFFILIATED,25.0,,,AA145021
ALAMANCE,,ACTIVE,BENTONMILDREDKEANA,,604GILESST,BLACKorAFRICANAMERICAN,UN,UNDESIGNATED,DEM,DEMOCRATIC,25.0,4252008.0,,BY473482
ALAMANCE,,ACTIVE,BENTONMONICA,MONICABENTON,311NPARKAVE,BLACKorAFRICANAMERICAN,UN,UNDESIGNATED,DEM,DEMOCRATIC,43.0,11042008.0,Age4165,AA162854
ALAMANCE,,ACTIVE,BENTONNANCYEVANS,NANCYEVANSBENTON,,BLACKorAFRICANAMERICAN,NL,NOTHISPANICorNOTLATINO,DEM,DEMOCRATIC,80.0,9291988.0,AgeOver66,AA66487
ALAMANCE,,ACTIVE,BENTONROSEMARYANN,ROSEMARYANNBENTON,,BLACKorAFRICANAMERICAN,UN,UNDESIGNATED,DEM,DEMOCRATIC,,12012003.0,Age4165,AA132180
ALAMANCE,,ACTIVE,BENTONSTACEYLEONSR,STACEYLEONBENTONSR,,BLACKorAFRICANAMERICAN,UN,UNDESIGNATED,DEM,DEMOCRATIC,54.0,1182008.0,Age4165,AA151845
ALAMANCE,R,REMOVED,BENTONSTACEYLEONJR,STACEYLEONBENTONJR,857ROSSST,BLACKorAFRICANAMERICAN,UN,UNDESIGNATED,DEM,DEMOCRATIC,30.0,,Age2640,AA159258
ALAMANCE,,ACTIVE,BENTONTERRYWAY,TERRYWAYBENTON,30WINDRIFTCT,WHITE,NL,NOTHISPANICorNOTLATINO,UNA,UNAFFILIATED,60.0,1251982.0,Age4165,
ALAMANCE,R,REMOVED,BENTONTINAMICHELLE,TINAMICHELLEBENTON,1811CADIZST,BLACKorAFRICANAMERICAN,UN,UNDESIGNATED,DEM,DEMOCRATIC,38.0,5072004.0,Age2640,AA134241
ALAMANCE,,ACTIVE,BENTONVICTORIAANTOINETTE,VICTORIAANTOINETTEBENTON,,BLACKorAFRICANAMERICAN,NL,NOTHISPANICorNOTLATINO,DEM,DEMOCRATIC,26.0,5172004.0,Age2640,AA134685
ALAMANCE,,ACTIVE,BENTZELEANORDOLEN,ELEANORDOLENBENTZ,3844HERITAGEDR206,WHITE,NL,NOTHISPANICorNOTLATINO,DEM,DEMOCRATIC,78.0,6222010.0,AgeOver66,DE89104
ALAMANCE,,ACTIVE,BENTZWILLARDKENNETH,WILLARDKENNETHBENTZ,3844HERITAGEDR206,WHITE,UN,UNDESIGNATED,UNA,UNAFFILIATED,78.0,6252010.0,AgeOver66,DE89105
ALAMANCE,I,INACTIVE,BENWAYCHRISTIANJOHN,CHRISTIANJOHNBENWAY,908QUAKERCREEKDR,WHITE,NL,NOTHISPANICorNOTLATINO,DEM,DEMOCRATIC,32.0,2172006.0,Age2640,AA145903
ALAMANCE,I,INACTIVE,BENWAYTABITHALUDLAM,TABITHALUDLAMBENWAY,908QUAKERCREEKDR,WHITE,NL,NOTHISPANICorNOTLATINO,UNA,UNAFFILIATED,32.0,2172006.0,Age2640,AA145905
ALAMANCE,,ACTIVE,BENZTODDARNO,TODDARNOBENZ,217EVADR,WHITE,NL,NOTHISPANICorNOTLATINO,REP,REPUBLICAN,41.0,10052011.0,Age4165,AA169437
ALAMANCE,,ACTIVE,BERARDUCCIBROOKEWALKER,BROOKEWALKERBERARDUCCI,,WHITE,NL,NOTHISPANICorNOTLATINO,REP,REPUBLICAN,34.0,10062004.0,Age2640,AA139761
ALAMANCE,,ACTIVE,BERARDUCCIWILLIAMRANDOLPH,WILLIAMRANDOLPHBERARDUCCI,,WHITE,NL,NOTHISPANICorNOTLATINO,REP,REPUBLICAN,40.0,8062004.0,Age2640,AA135182
ALAMANCE,R,REMOVED,BERBENCORTNEYBRANDICE,CORTNEYBRANDICEBERBEN,1515SMEBANEST40,OTHER,NL,NOTHISPANICorNOTLATINO,DEM,DEMOCRATIC,33.0,9192002.0,Age2640,AA127639
ALAMANCE,,ACTIVE,BERENSKIMBERLYGRANT,KIMBERLYGRANTBERENS,4064WHISPERINGOAKSCT,WHITE,NL,NOTHISPANICorNOTLATINO,UNA,UNAFFILIATED,43.0,5102002.0,Age4165,AA126325
ALAMANCE,,ACTIVE,BERENSRODNEYALLEN,RODNEYALLENBERENS,4064WHISPERINGOAKSCT,WHITE,NL,NOTHISPANICorNOTLATINO,UNA,UNAFFILIATED,42.0,12152009.0,Age4165,AA165132
ALAMANCE,D,DENIED,BERESZNIEWICZCASEY,CASEYBERESZNIEWICZ,,WHITE,UN,UNDESIGNATED,UNA,UNAFFILIATED,19.0,4232012.0,,AA172228
ALAMANCE,,ACTIVE,BERGHANNAHELIZABETH,HANNAHELIZABETHBERG,202BARNEYDORMC,WHITE,UN,UNDESIGNATED,DEM,DEMOCRATIC,22.0,10072008.0,,AA158912
ALAMANCE,I,INACTIVE,BERGEMEREDITHMALONE,,100WCOLLEGEAVE,WHITE,NL,NOTHISPANICorNOTLATINO,DEM,DEMOCRATIC,23.0,9202008.0,,AA157866
ALAMANCE,,ACTIVE,BERGEMANNANDREWROBERT,ANDREWROBERTBERGEMANN,,UNDESIGNATED,UN,UNDESIGNATED,REP,REPUBLICAN,18.0,10052012.0,,AA176326
ALAMANCE,,ACTIVE,BERGENSERCOREAKIM,COREAKIMBERGENSER,203WALTERHAGENDR,WHITE,NL,NOTHISPANICorNOTLATINO,DEM,DEMOCRATIC,39.0,7182005.0,Age2640,AA144176
ALAMANCE,,ACTIVE,BERGENSERJENSKIMJR,JENSKIMBERGENSERJR,203WALTERHAGENDR,WHITE,NL,NOTHISPANICorNOTLATINO,DEM,DEMOCRATIC,36.0,11022012.0,Age2640,AA178798
ALAMANCE,,ACTIVE,BERGENSERMARYMCINNES,,203WALTERHAGENDR,WHITE,NL,NOTHISPANICorNOTLATINO,DEM,DEMOCRATIC,62.0,7192000.0,Age4165,AA118800
ALAMANCE,,ACTIVE,BERGERELIZABETHANN,ELIZABETHANNBERGER,26LONDONLN,WHITE,NL,NOTHISPANICorNOTLATINO,REP,REPUBLICAN,54.0,12302011.0,Age4165,EH738115
ALAMANCE,,ACTIVE,BERGEREMILYROSE,EMILYROSEBERGER,302COLCLOUGHHALLE,WHITE,UN,UNDESIGNATED,DEM,DEMOCRATIC,22.0,,Age1825,AA159403
ALAMANCE,,ACTIVE,BERGERGREGORYSTERLING,GREGORYSTERLINGBERGER,2113CRYSTALSPRINGCT,WHITE,NL,NOTHISPANICorNOTLATINO,DEM,DEMOCRATIC,41.0,6152011.0,Age4165,AA168734
ALAMANCE,,ACTIVE,BERGERLINDABENNETT,LINDABENNETTBERGER,2611WHITEOAKDR,WHITE,NL,NOTHISPANICorNOTLATINO,DEM,DEMOCRATIC,70.0,,AgeOver66,
ALAMANCE,I,INACTIVE,BERGERSTEPHONIATERRY,STEPHONIATERRYBERGER,812LARRYAVE,BLACKorAFRICANAMERICAN,NL,NOTHISPANICorNOTLATINO,DEM,DEMOCRATIC,,5051998.0,Age4165,AA110001
ALAMANCE,,ACTIVE,BERGERWILLIAMPHILIP,WILLIAMPHILIPBERGER,26LONDONLN,WHITE,UN,UNDESIGNATED,REP,REPUBLICAN,55.0,,Age4165,EH834195
ALAMANCE,,ACTIVE,BERGERONDAVIDALLEN,DAVIDALLENBERGERON,504NTHIRDST,WHITE,NL,NOTHISPANICorNOTLATINO,DEM,DEMOCRATIC,36.0,9212006.0,Age2640,DL159983
ALAMANCE,,ACTIVE,BERGERONKATHARINECROMER,KATHARINECROMERBERGERON,504NTHIRDST,WHITE,NL,NOTHISPANICorNOTLATINO,DEM,DEMOCRATIC,36.0,4262006.0,Age2640,DL167835
ALAMANCE,,ACTIVE,BERGERONNORMAJOANN,NORMAJOANNBERGERON,1003NMAINST,WHITE,NL,NOTHISPANICorNOTLATINO,UNA,UNAFFILIATED,66.0,9252012.0,AgeOver66,AA175159
ALAMANCE,,ACTIVE,BERGQUISTDRUCILLADAWN,DRUCILLADAWNBERGQUIST,4538MEBANEROGERSRD,WHITE,NL,NOTHISPANICorNOTLATINO,UNA,UNAFFILIATED,64.0,6082004.0,Age4165,AA134653
ALAMANCE,,ACTIVE,BERGQUISTRONALDEDWARD,RONALDEDWARDBERGQUIST,4538MEBANEROGERSRD,WHITE,NL,NOTHISPANICorNOTLATINO,UNA,UNAFFILIATED,66.0,6082004.0,AgeOver66,AA134656
ALAMANCE,,ACTIVE,BERGUSONAUTUMNSHAYNE,AUTUMNSHAYNEBERGUSON,823TROLLINGWOODHAWFIELDSRD4,WHITE,NL,NOTHISPANICorNOTLATINO,UNA,UNAFFILIATED,18.0,7272012.0,Age1825,AA173279
ALAMANCE,I,INACTIVE,BERGUSONCHARLESCY,CHARLESCYBERGUSON,823TROLLINGWOODHAWFIELDSRD4,WHITE,NL,NOTHISPANICorNOTLATINO,UNA,UNAFFILIATED,37.0,11101993.0,Age2640,AA88581
ALAMANCE,,ACTIVE,BERGUSONPATRICIATHOMAS,PATRICIATHOMASBERGUSON,823TROLLINGWOODHAWFIELDSRD4,WHITE,NL,NOTHISPANICorNOTLATINO,REP,REPUBLICAN,56.0,11022004.0,Age4165,AA141505
ALAMANCE,,ACTIVE,BERINGERCAROLYNSKELLY,CAROLYNSKELLYBERINGER,,WHITE,UN,UNDESIGNATED,UNA,UNAFFILIATED,23.0,,Age1825,AA159666
ALAMANCE,D,DENIED,BERINGERDANWILLIAM,DANWILLIAMBERINGER,323WTROLLINGERAVEC3,WHITE,UN,UNDESIGNATED,DEM,DEMOCRATIC,25.0,9132008.0,Age1825,AA158043
ALAMANCE,,ACTIVE,BERISHAFJOLLA,FJOLLABERISHA,1234JAMESTOWNEDR,OTHER,UN,UNDESIGNATED,DEM,DEMOCRATIC,25.0,4102008.0,Age1825,AA154059
ALAMANCE,,ACTIVE,BERISHAHYSEN,HYSENBERISHA,1234JAMESTOWNEDR,OTHER,UN,UNDESIGNATED,DEM,DEMOCRATIC,64.0,4102008.0,Age4165,AA154050
ALAMANCE,,ACTIVE,BERISHAILIR,ILIRBERISHA,1234JAMESTOWNEDR,OTHER,UN,UNDESIGNATED,DEM,DEMOCRATIC,27.0,4102008.0,Age2640,AA154051
ALAMANCE,,ACTIVE,BERISHASHPETIM,SHPETIMBERISHA,1234JAMESTOWNEDR,OTHER,UN,UNDESIGNATED,UNA,UNAFFILIATED,29.0,4102008.0,Age2640,AA154052
ALAMANCE,,ACTIVE,BERISHAXHEVA,XHEVABERISHA,1234JAMESTOWNEDR,OTHER,UN,UNDESIGNATED,DEM,DEMOCRATIC,60.0,4102008.0,Age4165,AA154054
ALAMANCE,,ACTIVE,BERKMEREDITHLOUISA,,700EHAGGARDAVE104C,UNDESIGNATED,UN,UNDESIGNATED,UNA,UNAFFILIATED,18.0,10012012.0,Age1825,AA176264
ALAMANCE,I,INACTIVE,BERKEYROBINDENISE,ROBINDENISEBERKEY,710IVEYRDK,WHITE,NL,NOTHISPANICorNOTLATINO,UNA,UNAFFILIATED,28.0,11222006.0,Age2640,AA148149
ALAMANCE,,ACTIVE,BERKNERJOHNBRAD,JOHNBRADBERKNER,202NWYRICKSTA,WHITE,NL,NOTHISPANICorNOTLATINO,UNA,UNAFFILIATED,36.0,1152010.0,Age2640,CW683601
ALAMANCE,,ACTIVE,BERKOSKIKATHARINEBELLE,KATHARINEBELLEBERKOSKI,3919WOODTHRUSHLN,WHITE,NL,NOTHISPANICorNOTLATINO,UNA,UNAFFILIATED,35.0,8071995.0,Age2640,AA95076
ALAMANCE,,ACTIVE,BERKOSKIROBERTS,ROBERTSBERKOSKI,3919WOODTHRUSHLN,WHITE,NL,NOTHISPANICorNOTLATINO,UNA,UNAFFILIATED,41.0,1111994.0,Age4165,AA89055
ALAMANCE,,ACTIVE,BERKOWITCHLARRYLEE,LARRYLEEBERKOWITCH,1006GEORGETOWNEDR,WHITE,NL,NOTHISPANICorNOTLATINO,REP,REPUBLICAN,67.0,9152000.0,AgeOver66,AA119815
ALAMANCE,,ACTIVE,BERLINERDEBORAHGOODMAN,DEBORAHGOODMANBERLINER,,WHITE,NL,NOTHISPANICorNOTLATINO,REP,REPUBLICAN,63.0,9031996.0,Age4165,AA101605
ALAMANCE,,ACTIVE,BERLINERDUSTINFRENCH,DUSTINFRENCHBERLINER,,WHITE,UN,UNDESIGNATED,REP,REPUBLICAN,26.0,4022008.0,Age2640,AA153306
ALAMANCE,,ACTIVE,BERLINERSTEVENH,STEVENHBERLINER,,WHITE,NL,NOTHISPANICorNOTLATINO,REP,REPUBLICAN,59.0,8201996.0,Age4165,AA101221
ALAMANCE,R,REMOVED,BERMANMICHAELCHARLTON,,404HILLLN,WHITE,NL,NOTHISPANICorNOTLATINO,DEM,DEMOCRATIC,35.0,4022004.0,Age2640,AA133697
ALAMANCE,,ACTIVE,BERMELDAVIDMICHAEL,DAVIDMICHAELBERMEL,403DORALCT,WHITE,NL,NOTHISPANICorNOTLATINO,UNA,UNAFFILIATED,54.0,,Age4165,AA115918
ALAMANCE,,ACTIVE,BERMELDAVIDCANISIUS,DAVIDCANISIUSBERMEL,403DORALCT,WHITE,NL,NOTHISPANICorNOTLATINO,DEM,DEMOCRATIC,28.0,1302004.0,Age2640,AA132779
ALAMANCE,,ACTIVE,BERMELEILEENHUGHES,EILEENHUGHESBERMEL,403DORALCT,WHITE,NL,NOTHISPANICorNOTLATINO,REP,REPUBLICAN,54.0,,Age4165,AA115919
ALAMANCE,,ACTIVE,BERMELSEANPATRICK,SEANPATRICKBERMEL,403DORALCT,WHITE,NL,NOTHISPANICorNOTLATINO,UNA,UNAFFILIATED,25.0,2022007.0,,AA148870
ALAMANCE,,ACTIVE,BERNALETTAJOHNSON,ETTAJOHNSONBERNAL,715ASKEWST,WHITE,NL,NOTHISPANICorNOTLATINO,DEM,DEMOCRATIC,38.0,11042008.0,Age2640,AA163809
ALAMANCE,,ACTIVE,BERNALJUANITAGRACE,JUANITAGRACEBERNAL,721NCHURCHST,UNDESIGNATED,HL,HISPANICorLATINO,UNA,UNAFFILIATED,18.0,5222012.0,,AA172153
ALAMANCE,,ACTIVE,BERNARDDOUGLASANTWVAN,DOUGLASANTWVANBERNARD,632SCOTTDR,BLACKorAFRICANAMERICAN,NL,NOTHISPANICorNOTLATINO,DEM,DEMOCRATIC,21.0,8072009.0,,AA164507
ALAMANCE,,ACTIVE,BERNATOWICZASHLEYNICOLE,ASHLEYNICOLEBERNATOWICZ,,WHITE,NL,NOTHISPANICorNOTLATINO,REP,REPUBLICAN,21.0,2202009.0,,AA163468
ALAMANCE,,ACTIVE,BERNATOWICZJUDITHCATHERINE,JUDITHCATHERINEBERNATOWICZ,2989MINETREEPYNESDR62,WHITE,NL,NOTHISPANICorNOTLATINO,REP,REPUBLICAN,53.0,11172003.0,Age4165,AA132188
ALAMANCE,,ACTIVE,BERNATOWICZLORAANN,,,WHITE,NL,NOTHISPANICorNOTLATINO,REP,REPUBLICAN,,,Age4165,AA68062
ALAMANCE,,ACTIVE,BERNATOWICZSTEPHENDAVID,STEPHENDAVIDBERNATOWICZ,2989MINETREEPYNESDR,WHITE,NL,NOTHISPANICorNOTLATINO,REP,REPUBLICAN,53.0,,Age4165,
ALAMANCE,,ACTIVE,BERNATOWICZWALTERA,WALTERABERNATOWICZ,733PAIGEDRA,WHITE,NL,NOTHISPANICorNOTLATINO,REP,REPUBLICAN,65.0,,Age4165,AA68066
ALAMANCE,,ACTIVE,BERNGARTTMARGARETWILLIAMS,,1880BROOKWOODAVE514,WHITE,NL,NOTHISPANICorNOTLATINO,UNA,UNAFFILIATED,84.0,3122007.0,AgeOver66,CZ28912
ALAMANCE,,ACTIVE,BERNGARTTMELVINFRANKLIN,,1880BROOKWOODAVE514,WHITE,NL,NOTHISPANICorNOTLATINO,UNA,UNAFFILIATED,88.0,3122007.0,AgeOver66,CZ29010
ALAMANCE,,ACTIVE,BERNHAGENBECKYANN,BECKYANNBERNHAGEN,3508GARDENRDA1,WHITE,NL,NOTHISPANICorNOTLATINO,UNA,UNAFFILIATED,61.0,1122012.0,Age4165,AA170154
ALAMANCE,,ACTIVE,BERNIACARLASUSANNE,CARLASUSANNEBERNIA,,UNDESIGNATED,UN,UNDESIGNATED,UNA,UNAFFILIATED,32.0,10012008.0,Age2640,DB138751
ALAMANCE,,ACTIVE,BERNIAJEFFREYFORREST,JEFFREYFORRESTBERNIA,,WHITE,UN,UNDESIGNATED,UNA,UNAFFILIATED,33.0,10012008.0,Age2640,DB145748
ALAMANCE,,ACTIVE,BERNICHMELVINROY,,5CATESCIRCLEDRB,WHITE,NL,NOTHISPANICorNOTLATINO,UNA,UNAFFILIATED,62.0,6232010.0,Age4165,AA165849
ALAMANCE,,ACTIVE,BERNLOHRDORISRUTH,DORISRUTHBERNLOHR,3908WADECOBLEDR,WHITE,NL,NOTHISPANICorNOTLATINO,DEM,DEMOCRATIC,77.0,7102007.0,AgeOver66,AX27921
ALAMANCE,,ACTIVE,BERNOTASANNAHELEN,ANNAHELENBERNOTAS,336KIMDR,WHITE,UN,UNDESIGNATED,DEM,DEMOCRATIC,94.0,,AgeOver66,AA158455
ALAMANCE,,ACTIVE,BERNOTASDAVIDMICHAEL,DAVIDMICHAELBERNOTAS,336KIMDR,WHITE,UN,UNDESIGNATED,UNA,UNAFFILIATED,64.0,9302008.0,Age4165,AA158456
ALAMANCE,,ACTIVE,BERNOTASJENNIFERJUNE,JENNIFERJUNEBERNOTAS,336KIMDR,WHITE,NL,NOTHISPANICorNOTLATINO,REP,REPUBLICAN,66.0,10072008.0,AgeOver66,CL17896
ALAMANCE,,ACTIVE,BERNSTEINFRANCESANDREWS,FRANCESANDREWSBERNSTEIN,3844HERITAGEDR203,WHITE,NL,NOTHISPANICorNOTLATINO,DEM,DEMOCRATIC,81.0,9052001.0,AgeOver66,AA124335
ALAMANCE,,ACTIVE,BERNTSONKATHRYNPAIGE,KATHRYNPAIGEBERNTSON,1860DUNBARPL,WHITE,NL,NOTHISPANICorNOTLATINO,UNA,UNAFFILIATED,38.0,3162010.0,Age2640,AA165581
ALAMANCE,,ACTIVE,BERRIOSCHRISTINE,CHRISTINEBERRIOS,,WHITE,NL,NOTHISPANICorNOTLATINO,DEM,DEMOCRATIC,28.0,9132008.0,Age2640,AA157754
ALAMANCE,,ACTIVE,BERRIOSFREDDY,FREDDYBERRIOS,,TWOorMORERACES,HL,HISPANICorLATINO,DEM,DEMOCRATIC,33.0,11012007.0,Age2640,AA151013
ALAMANCE,,ACTIVE,BERRYAMYSUZANNE,AMYSUZANNEBERRY,4624WMILLSTONEDR,WHITE,NL,NOTHISPANICorNOTLATINO,REP,REPUBLICAN,,7111990.0,Age4165,AA72253
ALAMANCE,I,INACTIVE,BERRYANGELAMAE,ANGELAMAEBERRY,815EHAGGARDAVE,WHITE,UN,UNDESIGNATED,UNA,UNAFFILIATED,37.0,9012004.0,Age2640,AA136865
ALAMANCE,,ACTIVE,BERRYANNAWALKER,ANNAWALKERBERRY,826WARWICKCT,WHITE,NL,NOTHISPANICorNOTLATINO,UNA,UNAFFILIATED,30.0,,Age2640,AA138178
ALAMANCE,I,INACTIVE,BERRYBETTYOVERMAN,BETTYOVERMANBERRY,815EHAGGARDAVE,WHITE,NL,NOTHISPANICorNOTLATINO,REP,REPUBLICAN,80.0,10071984.0,AgeOver66,AA57783
ALAMANCE,,ACTIVE,BERRYBOBBYMAC,BOBBYMACBERRY,6908NNCHWY62,WHITE,UN,UNDESIGNATED,REP,REPUBLICAN,72.0,5012009.0,AgeOver66,AA163773
ALAMANCE,,ACTIVE,BERRYCATHERINEELIZABETH,CATHERINEELIZABETHBERRY,704NGURNEYST,WHITE,NL,NOTHISPANICorNOTLATINO,REP,REPUBLICAN,,3192001.0,Age4165,AA122885
ALAMANCE,,ACTIVE,BERRYCHARLESDAVID,CHARLESDAVIDBERRY,1915HILLDALEDR,WHITE,UN,UNDESIGNATED,REP,REPUBLICAN,,4021996.0,Age4165,AA98715
ALAMANCE,R,REMOVED,BERRYCHARLIEMELVIN,CHARLIEMELVINBERRY,1655MEBANEOAKSRD,WHITE,NL,NOTHISPANICorNOTLATINO,DEM,DEMOCRATIC,88.0,5121962.0,AgeOver66,
ALAMANCE,,ACTIVE,BERRYCOSTENHARRELL,COSTENHARRELLBERRY,437WCARRST,WHITE,NL,NOTHISPANICorNOTLATINO,DEM,DEMOCRATIC,88.0,10021976.0,AgeOver66,
ALAMANCE,,ACTIVE,BERRYCRYSTALDAWN,CRYSTALDAWNBERRY,330COLLEGEST,WHITE,NL,NOTHISPANICorNOTLATINO,REP,REPUBLICAN,56.0,9211984.0,Age4165,
ALAMANCE,,ACTIVE,BERRYDAVIS(NMN),DAVIS(NMN)BERRY,3318CARRIAGEPL,WHITE,NL,NOTHISPANICorNOTLATINO,REP,REPUBLICAN,62.0,12131991.0,Age4165,AA79150
ALAMANCE,R,REMOVED,BERRYEDITHFAULKNER,EDITHFAULKNERBERRY,,WHITE,NL,NOTHISPANICorNOTLATINO,REP,REPUBLICAN,85.0,,AgeOver66,
ALAMANCE,R,REMOVED,BERRYGLENDAANN,GLENDAANNBERRY,3543FREEMANLN,WHITE,NL,NOTHISPANICorNOTLATINO,DEM,DEMOCRATIC,65.0,3181988.0,Age4165,AA64533
ALAMANCE,,ACTIVE,BERRYHOLLEYLYNN,HOLLEYLYNNBERRY,5200CRUMPLERLN17,WHITE,NL,NOTHISPANICorNOTLATINO,REP,REPUBLICAN,44.0,12211998.0,Age4165,AA112357
ALAMANCE,R,REMOVED,BERRYJAMESNORMANSR,JAMESNORMANBERRYSR,,WHITE,NL,NOTHISPANICorNOTLATINO,DEM,DEMOCRATIC,91.0,5131950.0,AgeOver66,
ALAMANCE,,ACTIVE,BERRYJEANRAY,JEANRAYBERRY,6045WILDHORSECANYONRD,WHITE,NL,NOTHISPANICorNOTLATINO,DEM,DEMOCRATIC,75.0,1111979.0,AgeOver66,
ALAMANCE,,ACTIVE,BERRYJENNINGSWARREN,JENNINGSWARRENBERRY,960NNCHWY87,WHITE,NL,NOTHISPANICorNOTLATINO,REP,REPUBLICAN,57.0,10081984.0,Age4165,AA57786
ALAMANCE,,ACTIVE,BERRYJEREMYMICHAEL,JEREMYMICHAELBERRY,314OWENST,WHITE,NL,NOTHISPANICorNOTLATINO,REP,REPUBLICAN,21.0,3312009.0,,AA163645
ALAMANCE,I,INACTIVE,BERRYJESSIE,JESSIEBERRY,221WCOLLEGEAVE,UNDESIGNATED,UN,UNDESIGNATED,DEM,DEMOCRATIC,25.0,,,AA159349
ALAMANCE,I,INACTIVE,BERRYJIMMYTROYJR,JIMMYTROYBERRYJR,750BOONESTATIONDR788A,WHITE,NL,NOTHISPANICorNOTLATINO,DEM,DEMOCRATIC,29.0,6132008.0,Age2640,AA154952
ALAMANCE,,ACTIVE,BERRYJOSEPHLAWRENCE,JOSEPHLAWRENCEBERRY,960NNCHWY87,WHITE,NL,NOTHISPANICorNOTLATINO,UNA,UNAFFILIATED,30.0,,Age2640,AA161432
ALAMANCE,,ACTIVE,BERRYKATIEDORSETT,KATIEDORSETTBERRY,4323ALPINELN,WHITE,NL,NOTHISPANICorNOTLATINO,UNA,UNAFFILIATED,31.0,11062009.0,Age2640,DN98712
ALAMANCE,,ACTIVE,BERRYKENDOUGLAS,KENDOUGLASBERRY,3429BENTRIDGEDR,WHITE,NL,NOTHISPANICorNOTLATINO,DEM,DEMOCRATIC,57.0,10081984.0,Age4165,
ALAMANCE,,ACTIVE,BERRYLYDIAISELEY,,208FOSTERDR,WHITE,NL,NOTHISPANICorNOTLATINO,REP,REPUBLICAN,83.0,10261968.0,AgeOver66,
ALAMANCE,,ACTIVE,BERRYMARGARETELAINE,,409DORALCT,WHITE,NL,NOTHISPANICorNOTLATINO,DEM,DEMOCRATIC,58.0,8132009.0,Age4165,AA164542
ALAMANCE,,ACTIVE,BERRYMARIAPETTIGREW,,4567TROXLERMILLRD,WHITE,NL,NOTHISPANICorNOTLATINO,UNA,UNAFFILIATED,42.0,7301990.0,Age4165,AA72736
ALAMANCE,,ACTIVE,BERRYMARYPASCHAL,,4057NNCHWY87,WHITE,NL,NOTHISPANICorNOTLATINO,REP,REPUBLICAN,75.0,,AgeOver66,AA159478
ALAMANCE,,ACTIVE,BERRYMELISSAANN,,2930ETHANPOINTEDR8306,WHITE,NL,NOTHISPANICorNOTLATINO,REP,REPUBLICAN,,3252010.0,Age4165,AA165772
ALAMANCE,,ACTIVE,BERRYMELISSALYNN,,415TRAILONE,WHITE,NL,NOTHISPANICorNOTLATINO,UNA,UNAFFILIATED,36.0,5082012.0,Age2640,EH795604
ALAMANCE,,ACTIVE,BERRYNANCYHOWARD,NANCYHOWARDBERRY,3429BENTRIDGEDR,WHITE,NL,NOTHISPANICorNOTLATINO,REP,REPUBLICAN,58.0,10081984.0,Age4165,
ALAMANCE,,ACTIVE,BERRYPATRICIAROAN,PATRICIAROANBERRY,3318CARRIAGEPL,WHITE,NL,NOTHISPANICorNOTLATINO,REP,REPUBLICAN,61.0,1071994.0,Age4165,AA88976
ALAMANCE,,ACTIVE,BERRYPATRICIALEE,PATRICIALEEBERRY,549HOMEWOODAVE,BLACKorAFRICANAMERICAN,NL,NOTHISPANICorNOTLATINO,DEM,DEMOCRATIC,65.0,10282008.0,Age4165,AA161907
ALAMANCE,,ACTIVE,BERRYPHILIPGLENSR,PHILIPGLENBERRYSR,4057NNCHWY87,WHITE,NL,NOTHISPANICorNOTLATINO,REP,REPUBLICAN,75.0,1101979.0,AgeOver66,
ALAMANCE,,ACTIVE,BERRYPHILPGLENJR,PHILPGLENBERRYJR,4567TROXLERMILLRD,WHITE,NL,NOTHISPANICorNOTLATINO,REP,REPUBLICAN,,12211995.0,Age4165,AA96793
ALAMANCE,,ACTIVE,BERRYRANDYWAYNE,RANDYWAYNEBERRY,503CENTRALAVE,WHITE,NL,NOTHISPANICorNOTLATINO,UNA,UNAFFILIATED,59.0,7032003.0,Age4165,AA130575
ALAMANCE,,ACTIVE,BERRYRICHARDCARLTONIII,RICHARDCARLTONBERRYIII,4323ALPINELN,WHITE,NL,NOTHISPANICorNOTLATINO,UNA,UNAFFILIATED,33.0,1142004.0,Age2640,AA132642
ALAMANCE,,ACTIVE,BERRYROBERTLJR,ROBERTLBERRYJR,902GEORGEROBERSONLN,WHITE,NL,NOTHISPANICorNOTLATINO,REP,REPUBLICAN,59.0,6011995.0,Age4165,AA94271
ALAMANCE,,ACTIVE,BERRYROCHELLEWILLIAMS,ROCHELLEWILLIAMSBERRY,1334MCCUISTONDR,WHITE,NL,NOTHISPANICorNOTLATINO,UNA,UNAFFILIATED,75.0,7141989.0,AgeOver66,AA69684
ALAMANCE,,ACTIVE,BERRYSANDRALEE,SANDRALEEBERRY,6921ELICT,WHITE,NL,NOTHISPANICorNOTLATINO,DEM,DEMOCRATIC,77.0,11271999.0,AgeOver66,AA116253
ALAMANCE,,ACTIVE,BERRYSARAELIZABETH,SARAELIZABETHBERRY,3429BENTRIDGEDR,WHITE,UN,UNDESIGNATED,REP,REPUBLICAN,19.0,,,AA169512
ALAMANCE,R,REMOVED,BERRYSARAHOLIVE,SARAHOLIVEBERRY,437WCARRST,WHITE,NL,NOTHISPANICorNOTLATINO,DEM,DEMOCRATIC,87.0,10021976.0,AgeOver66,
ALAMANCE,R,REMOVED,BERRYTHOMASEUGENESR,THOMASEUGENEBERRYSR,6045WILDHORSECANYONRD,WHITE,NL,NOTHISPANICorNOTLATINO,DEM,DEMOCRATIC,84.0,1111979.0,AgeOver66,
ALAMANCE,,ACTIVE,BERRYTHOMASMORRELL,THOMASMORRELLBERRY,1002ELONACORNDR,WHITE,NL,NOTHISPANICorNOTLATINO,DEM,DEMOCRATIC,21.0,3072012.0,,AA170599
ALAMANCE,,ACTIVE,BERRYTYLERKEITH,TYLERKEITHBERRY,2826WHIPPOORWILLTRL,WHITE,NL,NOTHISPANICorNOTLATINO,REP,REPUBLICAN,25.0,4292005.0,,AA143704
ALAMANCE,,ACTIVE,BERRYVICTORIALAYNE,VICTORIALAYNEBERRY,2826WHIPPOORWILLTRL,WHITE,NL,NOTHISPANICorNOTLATINO,REP,REPUBLICAN,23.0,2232007.0,,AA149037
ALAMANCE,,ACTIVE,BERRYWESLEYSEAN,WESLEYSEANBERRY,8285BETHELSOUTHFORKRD,WHITE,NL,NOTHISPANICorNOTLATINO,UNA,UNAFFILIATED,20.0,3162010.0,,AA165578
ALAMANCE,,ACTIVE,BERRYWINFORDJENNINGSJR,WINFORDJENNINGSBERRYJR,208FOSTERDR,WHITE,NL,NOTHISPANICorNOTLATINO,REP,REPUBLICAN,83.0,10261968.0,AgeOver66,
ALAMANCE,,ACTIVE,BERRYSETLIFFLISAASHLEY,,2826WHIPPOORWILLTRL,WHITE,NL,NOTHISPANICorNOTLATINO,DEM,DEMOCRATIC,,10081990.0,Age4165,AA74556
ALAMANCE,,ACTIVE,BERRYHILLBETTYLUTZ,BETTYLUTZBERRYHILL,854KENNETTEDR,WHITE,NL,NOTHISPANICorNOTLATINO,REP,REPUBLICAN,54.0,7181984.0,Age4165,
ALAMANCE,,ACTIVE,BERRYHILLJORDANMOORE,JORDANMOOREBERRYHILL,854KENNETTEDR,WHITE,NL,NOTHISPANICorNOTLATINO,DEM,DEMOCRATIC,24.0,3142008.0,,AA152841
ALAMANCE,,ACTIVE,BERRYHILLKIMBERLYMICHELLE,KIMBERLYMICHELLEBERRYHILL,,BLACKorAFRICANAMERICAN,UN,UNDESIGNATED,DEM,DEMOCRATIC,34.0,,Age2640,AA176624
ALAMANCE,,ACTIVE,BERRYHILLSAMUELPARKS,SAMUELPARKSBERRYHILL,854KENNETTEDR,WHITE,NL,NOTHISPANICorNOTLATINO,DEM,DEMOCRATIC,53.0,4201984.0,Age4165,
ALAMANCE,,ACTIVE,BERRYHILLTYLERANDREW,TYLERANDREWBERRYHILL,854KENNETTEDR,WHITE,NL,NOTHISPANICorNOTLATINO,UNA,UNAFFILIATED,21.0,7092012.0,,AA172912
ALAMANCE,,ACTIVE,BERTHIAUMEDONNAMARIE,DONNAMARIEBERTHIAUME,1653PERRY'SMHPDR,WHITE,NL,NOTHISPANICorNOTLATINO,UNA,UNAFFILIATED,32.0,1282011.0,Age2640,AA167984
ALAMANCE,,ACTIVE,BERTHOLFNANCYEASLEY,NANCYEASLEYBERTHOLF,306NORTHST,WHITE,NL,NOTHISPANICorNOTLATINO,UNA,UNAFFILIATED,60.0,3091992.0,Age4165,AA80067
ALAMANCE,,ACTIVE,BERTHOLFSTEVENCHARLES,STEVENCHARLESBERTHOLF,306NORTHST,WHITE,NL,NOTHISPANICorNOTLATINO,UNA,UNAFFILIATED,60.0,12181998.0,Age4165,AA112358
ALAMANCE,R,REMOVED,BERTINOVIOLETKRAYCIRIK,VIOLETKRAYCIRIKBERTINO,1329BURLINGATEPL,WHITE,NL,NOTHISPANICorNOTLATINO,DEM,DEMOCRATIC,85.0,10061984.0,AgeOver66,AA57789
ALAMANCE,,ACTIVE,BERTOLONETYLERDUSTIN,TYLERDUSTINBERTOLONE,807EHAGGARDAVE,UNDESIGNATED,UN,UNDESIGNATED,UNA,UNAFFILIATED,21.0,5092012.0,,AA173530
ALAMANCE,I,INACTIVE,BERTONERACHELLYNN,RACHELLYNNBERTONE,100CAROLINADORM,WHITE,NL,NOTHISPANICorNOTLATINO,REP,REPUBLICAN,28.0,,Age2640,AA159560
ALAMANCE,,ACTIVE,BERTRANDDEBORAHANN,DEBORAHANNBERTRAND,,WHITE,UN,UNDESIGNATED,DEM,DEMOCRATIC,42.0,9172008.0,Age4165,AA157244
ALAMANCE,,ACTIVE,BERTUCCELLILARRYRAYMOND,LARRYRAYMONDBERTUCCELLI,2645BASONRD,WHITE,NL,NOTHISPANICorNOTLATINO,REP,REPUBLICAN,44.0,6102002.0,Age4165,AA126652
ALAMANCE,,ACTIVE,BERTUCCELLISUSANMOYLE,SUSANMOYLEBERTUCCELLI,2645BASONRD,WHITE,NL,NOTHISPANICorNOTLATINO,UNA,UNAFFILIATED,59.0,6102002.0,Age4165,AA126653
ALAMANCE,,ACTIVE,BERUBEREBECCAROBBINS,REBECCAROBBINSBERUBE,323WTROLLINGERAVEB1,WHITE,NL,NOTHISPANICorNOTLATINO,DEM,DEMOCRATIC,22.0,,,AA159699
ALAMANCE,,ACTIVE,BESCHERREBECCASIMPSON,REBECCASIMPSONBESCHER,844BNNCHWY87,WHITE,NL,NOTHISPANICorNOTLATINO,REP,REPUBLICAN,61.0,4051992.0,Age4165,AA80611
ALAMANCE,,ACTIVE,BESHELJENNIECHRISTINE,JENNIECHRISTINEBESHEL,413ASHBURNDR,WHITE,NL,NOTHISPANICorNOTLATINO,UNA,UNAFFILIATED,34.0,11162010.0,Age2640,AA167632
ALAMANCE,,ACTIVE,BESHELJOHNPATRICK,JOHNPATRICKBESHEL,5000GLENEAGLESCT,WHITE,NL,NOTHISPANICorNOTLATINO,UNA,UNAFFILIATED,40.0,7202000.0,Age2640,AA118801
ALAMANCE,,ACTIVE,BESHELTIMOTHYJOSEPH,TIMOTHYJOSEPHBESHEL,413ASHBURNDR,WHITE,NL,NOTHISPANICorNOTLATINO,UNA,UNAFFILIATED,33.0,2012011.0,Age2640,AA167993
ALAMANCE,,ACTIVE,BESHEREBARBARALYNN,BARBARALYNNBESHERE,2114TIGGERCT,WHITE,NL,NOTHISPANICorNOTLATINO,REP,REPUBLICAN,44.0,9292005.0,Age4165,AA144812
ALAMANCE,,ACTIVE,BESHEREJOHNROBERT,JOHNROBERTBESHERE,405DERBYCT,WHITE,NL,NOTHISPANICorNOTLATINO,UNA,UNAFFILIATED,,9292005.0,Age4165,AA144761
ALAMANCE,,ACTIVE,BESKOWDENNIS,DENNISBESKOW,,WHITE,NL,NOTHISPANICorNOTLATINO,UNA,UNAFFILIATED,80.0,9231972.0,AgeOver66,
ALAMANCE,,ACTIVE,BESSDONISUE,DONISUEBESS,1328ELMST,WHITE,NL,NOTHISPANICorNOTLATINO,DEM,DEMOCRATIC,55.0,11122008.0,Age4165,AA162490
ALAMANCE,,ACTIVE,BESSMARKALLEN,,1233GEORGEBASONRD,WHITE,NL,NOTHISPANICorNOTLATINO,REP,REPUBLICAN,,11012008.0,Age4165,AM28153
ALAMANCE,,ACTIVE,BESSETTEBETTYANN,BETTYANNBESSETTE,1329PEBBLEDR,WHITE,NL,NOTHISPANICorNOTLATINO,REP,REPUBLICAN,61.0,8252011.0,Age4165,BY499208
ALAMANCE,,ACTIVE,BESSETTETIMOTHYWILFORD,TIMOTHYWILFORDBESSETTE,1329PEBBLEDR,WHITE,NL,NOTHISPANICorNOTLATINO,REP,REPUBLICAN,60.0,8252011.0,Age4165,AA169221
ALAMANCE,,ACTIVE,BESSLERJEFFREYJOSEPH,JEFFREYJOSEPHBESSLER,546CIRCLEDR4,WHITE,NL,NOTHISPANICorNOTLATINO,UNA,UNAFFILIATED,31.0,11022012.0,Age2640,DE238222
ALAMANCE,,ACTIVE,BESTALEXISJEAN,ALEXISJEANBEST,32LONDONLN,WHITE,NL,NOTHISPANICorNOTLATINO,REP,REPUBLICAN,29.0,9192012.0,Age2640,DB154191
ALAMANCE,,ACTIVE,BESTALLANFREDERICK,ALLANFREDERICKBEST,2298GLENKIRKDR,WHITE,NL,NOTHISPANICorNOTLATINO,REP,REPUBLICAN,74.0,6062008.0,AgeOver66,AA154955
ALAMANCE,,ACTIVE,BESTAPRILNICOLE,APRILNICOLEBEST,1902QUAKENBUSHRD,WHITE,UN,UNDESIGNATED,DEM,DEMOCRATIC,32.0,,Age2640,AA161398
ALAMANCE,,ACTIVE,BESTBENJAMINLAWRENCE,BENJAMINLAWRENCEBEST,1528OVERBROOKRD,WHITE,NL,NOTHISPANICorNOTLATINO,REP,REPUBLICAN,78.0,,AgeOver66,
ALAMANCE,R,REMOVED,BESTBETTYCRENSHAW,BETTYCRENSHAWBEST,,WHITE,NL,NOTHISPANICorNOTLATINO,DEM,DEMOCRATIC,80.0,10271956.0,AgeOver66,
ALAMANCE,,ACTIVE,BESTBURTCLAY,BURTCLAYBEST,5256KIMESVILLERD,WHITE,NL,NOTHISPANICorNOTLATINO,REP,REPUBLICAN,53.0,11041983.0,Age4165,
ALAMANCE,,ACTIVE,BESTCARLASCOGGINS,CARLASCOGGINSBEST,312FOURTHST,WHITE,NL,NOTHISPANICorNOTLATINO,DEM,DEMOCRATIC,55.0,8092007.0,Age4165,AA150356
ALAMANCE,,ACTIVE,BESTCHARLESMERCER,CHARLESMERCERBEST,6411QUAILFARMRD,WHITE,NL,NOTHISPANICorNOTLATINO,DEM,DEMOCRATIC,80.0,5161964.0,AgeOver66,
ALAMANCE,,ACTIVE,BESTDAVIDBRUCE,DAVIDBRUCEBEST,4206CARRIAGECT,WHITE,NL,NOTHISPANICorNOTLATINO,UNA,UNAFFILIATED,66.0,10061980.0,AgeOver66,
ALAMANCE,,ACTIVE,BESTDAVIDTRAVIS,DAVIDTRAVISBEST,1332PLATEAUPL,WHITE,NL,NOTHISPANICorNOTLATINO,REP,REPUBLICAN,35.0,2181997.0,Age2640,AA105430
ALAMANCE,,ACTIVE,BESTDELEONLEO,DELEONLEOBEST,701TROLLINGWOODHAWFIELDSRD6,WHITE,UN,UNDESIGNATED,DEM,DEMOCRATIC,77.0,7122004.0,AgeOver66,AA135776
ALAMANCE,,ACTIVE,BESTDOLLIEHUFFMAN,DOLLIEHUFFMANBEST,701TROLLINGWOODHAWFIELDSRD6,WHITE,UN,UNDESIGNATED,DEM,DEMOCRATIC,71.0,,AgeOver66,AA68085
ALAMANCE,,ACTIVE,BESTGEORGESTEVEN,GEORGESTEVENBEST,2473HARRISONDRA,WHITE,NL,NOTHISPANICorNOTLATINO,REP,REPUBLICAN,52.0,11232009.0,Age4165,BY15367
ALAMANCE,,ACTIVE,BESTHANNAHCHRISTINE,HANNAHCHRISTINEBEST,2473HARRISONDRB,WHITE,UN,UNDESIGNATED,REP,REPUBLICAN,22.0,9192008.0,,AA157711
ALAMANCE,,ACTIVE,BESTHARRYDOUGLAS,HARRYDOUGLASBEST,3961TIMBERRIDGELAKERDP,WHITE,NL,NOTHISPANICorNOTLATINO,REP,REPUBLICAN,60.0,9272012.0,Age4165,AA175275
ALAMANCE,,ACTIVE,BESTJENNIFERLINEBERRY,JENNIFERLINEBERRYBEST,1332PLATEAUPL,WHITE,NL,NOTHISPANICorNOTLATINO,REP,REPUBLICAN,31.0,10072004.0,Age2640,AA140846
ALAMANCE,R,REMOVED,BESTJOELANTHONY,JOELANTHONYBEST,5159SCARLETTCT,WHITE,NL,NOTHISPANICorNOTLATINO,DEM,DEMOCRATIC,39.0,,Age2640,AA108041
ALAMANCE,,ACTIVE,BESTJOHNTHOMAS,JOHNTHOMASBEST,312FOURTHST,WHITE,NL,NOTHISPANICorNOTLATINO,UNA,UNAFFILIATED,61.0,2021996.0,Age4165,AA97203
ALAMANCE,,ACTIVE,BESTJOYCESHELL,JOYCESHELLBEST,1528OVERBROOKRD,WHITE,NL,NOTHISPANICorNOTLATINO,REP,REPUBLICAN,77.0,9141994.0,AgeOver66,AA91186
ALAMANCE,,ACTIVE,BESTKATHRYNHALEY,KATHRYNHALEYBEST,2473HARRISONDRA,WHITE,NL,NOTHISPANICorNOTLATINO,LIB,LIBERTARIAN,18.0,9052012.0,,AA174607
ALAMANCE,R,REMOVED,BESTKIMBERLYMARIE,KIMBERLYMARIEBEST,5159SCARLETTCT,WHITE,NL,NOTHISPANICorNOTLATINO,UNA,UNAFFILIATED,39.0,7281998.0,Age2640,AA111105
ALAMANCE,,ACTIVE,BESTLAURAKATHLEEN,LAURAKATHLEENBEST,312FOURTHST,WHITE,NL,NOTHISPANICorNOTLATINO,REP,REPUBLICAN,36.0,8111995.0,Age2640,AA95023
ALAMANCE,,ACTIVE,BESTMARILYNMALLETT,,2298GLENKIRKDR,WHITE,NL,NOTHISPANICorNOTLATINO,REP,REPUBLICAN,69.0,6062008.0,AgeOver66,AA154956
ALAMANCE,R,REMOVED,BESTMARYMARKS,,4206CARRIAGECT,WHITE,NL,NOTHISPANICorNOTLATINO,REP,REPUBLICAN,62.0,10011987.0,Age4165,AA62261
ALAMANCE,,ACTIVE,BESTMATTHEWJACOB,,611MERLINCT,WHITE,NL,NOTHISPANICorNOTLATINO,UNA,UNAFFILIATED,24.0,9072006.0,,AA147367
ALAMANCE,,ACTIVE,BESTMICHELLESIMMONS,,2473HARRISONDRA,WHITE,NL,NOTHISPANICorNOTLATINO,REP,REPUBLICAN,,10012010.0,Age4165,BY275327
ALAMANCE,,ACTIVE,BESTRICKYDAVID,RICKYDAVIDBEST,32LONDONLN,WHITE,NL,NOTHISPANICorNOTLATINO,REP,REPUBLICAN,29.0,9192012.0,Age2640,BY414465
ALAMANCE,,ACTIVE,BESTSAMUELEDWARD,SAMUELEDWARDBEST,1452JEFFRIESCROSSRD,WHITE,NL,NOTHISPANICorNOTLATINO,DEM,DEMOCRATIC,62.0,4091979.0,Age4165,
ALAMANCE,,ACTIVE,BESTSUSANANNE,SUSANANNEBEST,525ARDENST,WHITE,NL,NOTHISPANICorNOTLATINO,REP,REPUBLICAN,59.0,9172009.0,Age4165,AA164694
ALAMANCE,,ACTIVE,BESTTAMMYCARTER,TAMMYCARTERBEST,1902QUAKENBUSHRD,WHITE,NL,NOTHISPANICorNOTLATINO,DEM,DEMOCRATIC,51.0,11172009.0,Age4165,AA164993
ALAMANCE,,ACTIVE,BESTTAYLOREVAN,TAYLOREVANBEST,5256KIMESVILLERD,WHITE,UN,UNDESIGNATED,REP,REPUBLICAN,19.0,,,AA176497
ALAMANCE,,ACTIVE,BESTVICTORIARENEE,VICTORIARENEEBEST,421WILLOWBROOKCT,WHITE,NL,NOTHISPANICorNOTLATINO,UNA,UNAFFILIATED,29.0,3292010.0,Age2640,AA165650
ALAMANCE,,ACTIVE,BESTWILLIAMRYAN,WILLIAMRYANBEST,5256KIMESVILLERD,WHITE,NL,NOTHISPANICorNOTLATINO,UNA,UNAFFILIATED,20.0,,,AA176498
ALAMANCE,,ACTIVE,BETANCOBISMARCKGERARDO,BISMARCKGERARDOBETANCO,1720OLDSTMARK'SCHURCHRD103C,OTHER,HL,HISPANICorLATINO,DEM,DEMOCRATIC,61.0,2032011.0,Age4165,AA168015
ALAMANCE,I,INACTIVE,BETANCOSYUDELCA,YUDELCABETANCOS,,UNDESIGNATED,HL,HISPANICorLATINO,REP,REPUBLICAN,32.0,12092009.0,Age2640,AA165123
ALAMANCE,,ACTIVE,BETANCOURTGILBERTRIOS,GILBERTRIOSBETANCOURT,,WHITE,NL,NOTHISPANICorNOTLATINO,DEM,DEMOCRATIC,,2052010.0,Age4165,DE217325
ALAMANCE,,ACTIVE,BETANCOURTJOANNA,JOANNABETANCOURT,,WHITE,NL,NOTHISPANICorNOTLATINO,UNA,UNAFFILIATED,43.0,2052010.0,Age4165,AA165378
ALAMANCE,,ACTIVE,BETANCOURTMARIAHCORLIS,,,TWOorMORERACES,UN,UNDESIGNATED,UNA,UNAFFILIATED,21.0,9142012.0,,AA174825
ALAMANCE,,ACTIVE,BETANCURVICTORMAURICIO,VICTORMAURICIOBETANCUR,1010LORRAINEST,OTHER,NL,NOTHISPANICorNOTLATINO,UNA,UNAFFILIATED,,12112003.0,Age4165,AA132354
ALAMANCE,,ACTIVE,BETHEAAQUILISLAQUAN,AQUILISLAQUANBETHEA,1421BIRKDALECIR,BLACKorAFRICANAMERICAN,NL,NOTHISPANICorNOTLATINO,UNA,UNAFFILIATED,19.0,8122011.0,,AA169132
ALAMANCE,,ACTIVE,BETHEACATINACATRICE,CATINACATRICEBETHEA,4973MINERALSPRINGSRD,BLACKorAFRICANAMERICAN,NL,NOTHISPANICorNOTLATINO,DEM,DEMOCRATIC,31.0,3182000.0,Age2640,AA117263
ALAMANCE,,ACTIVE,BETHEAJULIEANNDRIGOT,JULIEANNDRIGOTBETHEA,2054GLENKIRKDR,WHITE,NL,NOTHISPANICorNOTLATINO,DEM,DEMOCRATIC,39.0,8111997.0,Age2640,AA107116
ALAMANCE,,ACTIVE,BETHEAMARVINJR,,4973MINERALSPRINGSRD,BLACKorAFRICANAMERICAN,NL,NOTHISPANICorNOTLATINO,DEM,DEMOCRATIC,,11022012.0,Age4165,AA178854
ALAMANCE,I,INACTIVE,BETHEATAMEKAPOWELL,TAMEKAPOWELLBETHEA,401EFORESTST,BLACKorAFRICANAMERICAN,NL,NOTHISPANICorNOTLATINO,DEM,DEMOCRATIC,37.0,1312005.0,Age2640,AA142837
ALAMANCE,,ACTIVE,BETHEATERRENCECARTER,TERRENCECARTERBETHEA,2054GLENKIRKDR,BLACKorAFRICANAMERICAN,UN,UNDESIGNATED,UNA,UNAFFILIATED,39.0,12202002.0,Age2640,AA128514
ALAMANCE,,ACTIVE,BETHELVINNIEMAE,VINNIEMAEBETHEL,,BLACKorAFRICANAMERICAN,UN,UNDESIGNATED,DEM,DEMOCRATIC,67.0,,AgeOver66,AA177649
ALAMANCE,,ACTIVE,BETHUNEJESSEKINGJR,JESSEKINGBETHUNEJR,136HALLAVE,BLACKorAFRICANAMERICAN,UN,UNDESIGNATED,DEM,DEMOCRATIC,60.0,11032012.0,Age4165,AA124562
ALAMANCE,S,TEMPORARY,BETSALELSUSANAFRENK,SUSANAFRENKBETSALEL,,WHITE,UN,UNDESIGNATED,DEM,DEMOCRATIC,74.0,10312012.0,AgeOver66,AA178488
ALAMANCE,R,REMOVED,BETSALELSUSANAFRENK,SUSANAFRENKBETSALEL,231SHADOWRIDGEDR,WHITE,HL,HISPANICorLATINO,UNA,UNAFFILIATED,74.0,1302003.0,AgeOver66,AA129348
ALAMANCE,I,INACTIVE,BETTERLEYMICHAUDALICEMAE,ALICEMAEBETTERLEYMICHAUD,2024NORTHCRESTDR,WHITE,NL,NOTHISPANICorNOTLATINO,REP,REPUBLICAN,,2112003.0,Age4165,AA129620
ALAMANCE,,ACTIVE,BETTINICHARLESEDWARD,CHARLESEDWARDBETTINI,3626SNCHWY87,WHITE,NL,NOTHISPANICorNOTLATINO,UNA,UNAFFILIATED,70.0,12012000.0,AgeOver66,AA122029
ALAMANCE,,ACTIVE,BETTISJERRYALLEN,JERRYALLENBETTIS,2651TOBACCORD,WHITE,NL,NOTHISPANICorNOTLATINO,REP,REPUBLICAN,,2072000.0,Age4165,AA116819
ALAMANCE,,ACTIVE,BETTISKRISTENMARISA,KRISTENMARISABETTIS,2257GLENKIRKDR,WHITE,NL,NOTHISPANICorNOTLATINO,REP,REPUBLICAN,25.0,11292011.0,,DN107628
ALAMANCE,,ACTIVE,BETTISLAURABELLE,LAURABELLEBETTIS,815WFRONTST,WHITE,NL,NOTHISPANICorNOTLATINO,DEM,DEMOCRATIC,78.0,8192010.0,AgeOver66,AA166573
ALAMANCE,,ACTIVE,BETTISLLOYDEUGENE,,815WFRONTST,WHITE,NL,NOTHISPANICorNOTLATINO,UNA,UNAFFILIATED,81.0,8022010.0,AgeOver66,AA166449
ALAMANCE,,ACTIVE,BETTISMISTYMARIE,MISTYMARIEBETTIS,2651TOBACCORD,WHITE,NL,NOTHISPANICorNOTLATINO,UNA,UNAFFILIATED,32.0,3072000.0,Age2640,AA117250
ALAMANCE,,ACTIVE,BETTMANNALICIAADCOCK,ALICIAADCOCKBETTMANN,8206SPRINGFARMRD,WHITE,UN,UNDESIGNATED,UNA,UNAFFILIATED,40.0,7112012.0,Age2640,AA171750
ALAMANCE,,ACTIVE,BETTMANNWILLIAMH,WILLIAMHBETTMANN,8206SPRINGFARMRD,WHITE,UN,UNDESIGNATED,DEM,DEMOCRATIC,43.0,7112012.0,Age4165,AA171751
ALAMANCE,I,INACTIVE,BETTSBARRYSTEWART,BARRYSTEWARTBETTS,800WASHINGTONST,BLACKorAFRICANAMERICAN,NL,NOTHISPANICorNOTLATINO,DEM,DEMOCRATIC,31.0,,Age2640,AA121315
ALAMANCE,,ACTIVE,BETTSBRITTANYLAVONNE,BRITTANYLAVONNEBETTS,1838NCHWY54,WHITE,NL,NOTHISPANICorNOTLATINO,UNA,UNAFFILIATED,19.0,2292012.0,,AA170473
ALAMANCE,,ACTIVE,BETTSELIZABETHMICHELLE,ELIZABETHMICHELLEBETTS,5525SHORTHILLDR,WHITE,NL,NOTHISPANICorNOTLATINO,UNA,UNAFFILIATED,23.0,9052007.0,Age1825,AA150550
ALAMANCE,,ACTIVE,BETTSJAMESMICHAEL,JAMESMICHAELBETTS,5525SHORTHILLDR,WHITE,NL,NOTHISPANICorNOTLATINO,DEM,DEMOCRATIC,64.0,12231996.0,Age4165,AA104647
ALAMANCE,,ACTIVE,BETTSMELISSAKINLEY,,3332BYERSCT,WHITE,UN,UNDESIGNATED,DEM,DEMOCRATIC,34.0,11042008.0,Age2640,CA67646
ALAMANCE,R,REMOVED,BETTSMELISSAKINLEY,,3332BYERSCT,WHITE,NL,NOTHISPANICorNOTLATINO,DEM,DEMOCRATIC,34.0,3071996.0,Age2640,AA98054
ALAMANCE,,ACTIVE,BETTSPAMELAJEAN,PAMELAJEANBETTS,5525SHORTHILLDR,WHITE,UN,UNDESIGNATED,DEM,DEMOCRATIC,,8031998.0,Age4165,AA111106
ALAMANCE,,ACTIVE,BETZNANCYSUE,NANCYSUEBETZ,3914KNOXCT,WHITE,NL,NOTHISPANICorNOTLATINO,REP,REPUBLICAN,79.0,9142011.0,AgeOver66,AA169305
ALAMANCE,,ACTIVE,BETZNICOLELYNN,NICOLELYNNBETZ,3915NORTHROPDR,WHITE,NL,NOTHISPANICorNOTLATINO,UNA,UNAFFILIATED,27.0,7192012.0,Age2640,BY567095
ALAMANCE,R,REMOVED,BETZNICOLELYNN,NICOLELYNNBETZ,734IVEYRDI,WHITE,NL,NOTHISPANICorNOTLATINO,UNA,UNAFFILIATED,27.0,,Age2640,AA159157
ALAMANCE,,ACTIVE,BEUMICHAELDOUGLAS,,1720OLDSTMARK'SCHURCHRD11G,WHITE,NL,NOTHISPANICorNOTLATINO,UNA,UNAFFILIATED,,4262011.0,Age4165,AA168440
ALAMANCE,,ACTIVE,BEUERLEJAMESRICHARD,JAMESRICHARDBEUERLE,515BROOKVIEWDR,WHITE,NL,NOTHISPANICorNOTLATINO,UNA,UNAFFILIATED,41.0,7172000.0,Age4165,AA118802
ALAMANCE,,ACTIVE,BEVANJOANNLOVETTE,JOANNLOVETTEBEVAN,4965LEELEWISRD,WHITE,UN,UNDESIGNATED,UNA,UNAFFILIATED,72.0,10022008.0,AgeOver66,AA158913
ALAMANCE,,ACTIVE,BEVERIDGEPRUDYELAINE,PRUDYELAINEBEVERIDGE,526WILDWOODLN,WHITE,UN,UNDESIGNATED,UNA,UNAFFILIATED,63.0,10061995.0,Age4165,AA95964
ALAMANCE,,ACTIVE,BEVERIDGETHOMASEUGENE,THOMASEUGENEBEVERIDGE,526WILDWOODLN,WHITE,NL,NOTHISPANICorNOTLATINO,UNA,UNAFFILIATED,67.0,,AgeOver66,AA95965
ALAMANCE,,ACTIVE,BEVERLYCHRISTINESIMOINE,CHRISTINESIMOINEBEVERLY,1555CRAWFORDRD,BLACKorAFRICANAMERICAN,NL,NOTHISPANICorNOTLATINO,UNA,UNAFFILIATED,19.0,8152012.0,Age1825,AA174173
ALAMANCE,R,REMOVED,BEVERLYJAIWANMONTRAZE,JAIWANMONTRAZEBEVERLY,512IVEYRD,BLACKorAFRICANAMERICAN,NL,NOTHISPANICorNOTLATINO,DEM,DEMOCRATIC,27.0,11012008.0,Age2640,AA162397
ALAMANCE,,ACTIVE,BEVERLYKENNETHJAY,KENNETHJAYBEVERLY,414MILLST,WHITE,NL,NOTHISPANICorNOTLATINO,REP,REPUBLICAN,62.0,11072006.0,Age4165,AA148150
ALAMANCE,,ACTIVE,BEVERLYREBARENEE,REBARENEEBEVERLY,2448BENTOAKDR,WHITE,NL,NOTHISPANICorNOTLATINO,REP,REPUBLICAN,,8172001.0,Age4165,AA124296
ALAMANCE,,ACTIVE,BEVERLYSHERRYCORNELL,SHERRYCORNELLBEVERLY,414MILLST,WHITE,NL,NOTHISPANICorNOTLATINO,REP,REPUBLICAN,65.0,3212007.0,Age4165,AA149169
ALAMANCE,,ACTIVE,BEVERLYWILTONDARRYL,WILTONDARRYLBEVERLY,2448BENTOAKDR,WHITE,UN,UNDESIGNATED,REP,REPUBLICAN,,11202001.0,Age4165,AA124903
ALAMANCE,,ACTIVE,BEVILLDOROTHYKRISTINE,DOROTHYKRISTINEBEVILL,374CANTERWOODDR,WHITE,NL,NOTHISPANICorNOTLATINO,REP,REPUBLICAN,21.0,12292008.0,Age1825,AA163044
ALAMANCE,,ACTIVE,BEVILLROBINWILLIAMS,ROBINWILLIAMSBEVILL,374CANTERWOODDR,WHITE,NL,NOTHISPANICorNOTLATINO,UNA,UNAFFILIATED,,3081996.0,Age4165,AA97921
ALAMANCE,R,REMOVED,BEVILLTIMOTHYALLEN,TIMOTHYALLENBEVILL,374CANTERWOODDR,WHITE,NL,NOTHISPANICorNOTLATINO,REP,REPUBLICAN,,8101992.0,Age4165,AA82471
ALAMANCE,,ACTIVE,BEVISSARAHG,SARAHGBEVIS,604NFIFTHST,UNDESIGNATED,UN,UNDESIGNATED,DEM,DEMOCRATIC,32.0,,Age2640,DE229289
ALAMANCE,I,INACTIVE,BEWJEROMYKEITH,JEROMYKEITHBEW,1964WHITEHEADDR,WHITE,NL,NOTHISPANICorNOTLATINO,UNA,UNAFFILIATED,36.0,2162006.0,Age2640,AA145901
ALAMANCE,I,INACTIVE,BEYDONALDFRANKLINJR,DONALDFRANKLINBEYJR,2848LOWELLDR,BLACKorAFRICANAMERICAN,NL,NOTHISPANICorNOTLATINO,DEM,DEMOCRATIC,,3272012.0,Age4165,AA171101
ALAMANCE,R,REMOVED,BEYDOROTHYGRAVES,DOROTHYGRAVESBEY,1323BEAUMONTCTB,BLACKorAFRICANAMERICAN,NL,NOTHISPANICorNOTLATINO,DEM,DEMOCRATIC,82.0,9282000.0,AgeOver66,AA120366
ALAMANCE,,ACTIVE,BEYSUSAN,SUSANBEY,2848LOWELLDR,BLACKorAFRICANAMERICAN,NL,NOTHISPANICorNOTLATINO,DEM,DEMOCRATIC,68.0,8172006.0,AgeOver66,AA147204
ALAMANCE,I,INACTIVE,BEYERJONATHONDANIEL,JONATHONDANIELBEYER,706HUFFMANMILLRDH5,WHITE,NL,NOTHISPANICorNOTLATINO,UNA,UNAFFILIATED,28.0,9072006.0,Age2640,AA147368
ALAMANCE,,ACTIVE,BEYERSHIRLEYKALLOP,SHIRLEYKALLOPBEYER,218PINEDALEDR,WHITE,NL,NOTHISPANICorNOTLATINO,REP,REPUBLICAN,70.0,10251976.0,AgeOver66,
ALAMANCE,,ACTIVE,BEYERWILLIAMTHOMAS,WILLIAMTHOMASBEYER,218PINEDALEDR,WHITE,NL,NOTHISPANICorNOTLATINO,REP,REPUBLICAN,73.0,1061979.0,AgeOver66,
ALAMANCE,R,REMOVED,BEZERAGABRIEL(NMN),GABRIEL(NMN)BEZERA,253COACHLIGHTTRL,WHITE,NL,NOTHISPANICorNOTLATINO,DEM,DEMOCRATIC,91.0,6211979.0,AgeOver66,
ALAMANCE,,ACTIVE,BHAGIAMANASI,,1000ELONACORNDR,ASIAN,UN,UNDESIGNATED,DEM,DEMOCRATIC,19.0,,Age1825,AA177574
ALAMANCE,,ACTIVE,BHATIASATWINDER,SATWINDERBHATIA,2512COLUMBINELN,ASIAN,NL,NOTHISPANICorNOTLATINO,DEM,DEMOCRATIC,32.0,7312008.0,Age2640,AA156065
ALAMANCE,,ACTIVE,BHATTARPITPANKAJ,ARPITPANKAJBHATT,1818RENDALLST,OTHER,NL,NOTHISPANICorNOTLATINO,DEM,DEMOCRATIC,31.0,8282006.0,Age2640,AA147920
ALAMANCE,I,INACTIVE,BHATTDAKSHAYOGESH,DAKSHAYOGESHBHATT,2454PEPPERSTONEDR,OTHER,NL,NOTHISPANICorNOTLATINO,DEM,DEMOCRATIC,64.0,3292005.0,Age4165,AA143226
ALAMANCE,,ACTIVE,BHATTMINAXIRAMESHCHANDRA,,1528SMEBANEST1001J,ASIAN,NL,NOTHISPANICorNOTLATINO,DEM,DEMOCRATIC,60.0,5152006.0,Age4165,AA146387
ALAMANCE,,ACTIVE,BHATTPANKAJJEYSHANKER,PANKAJJEYSHANKERBHATT,1818RENDALLST,OTHER,NL,NOTHISPANICorNOTLATINO,DEM,DEMOCRATIC,64.0,6062003.0,Age4165,AA130417
ALAMANCE,,ACTIVE,BHATTRAMESHCHANDRAJAYASHANKAR,RAMESHCHANDRAJAYASHANKARBHATT,1528SMEBANEST1001J,ASIAN,NL,NOTHISPANICorNOTLATINO,DEM,DEMOCRATIC,66.0,5142006.0,AgeOver66,AA146388
ALAMANCE,,ACTIVE,BHATTIBUSHRAAMJAD,BUSHRAAMJADBHATTI,3210ELKST,OTHER,NL,NOTHISPANICorNOTLATINO,UNA,UNAFFILIATED,27.0,1142003.0,Age2640,AA129240
ALAMANCE,,ACTIVE,BHATTIMOHAMMADAMJAD,MOHAMMADAMJADBHATTI,3210ELKST,WHITE,NL,NOTHISPANICorNOTLATINO,REP,REPUBLICAN,76.0,9201980.0,AgeOver66,
ALAMANCE,,ACTIVE,BHATTINAADIAAMJAD,NAADIAAMJADBHATTI,3210ELKST,ASIAN,UN,UNDESIGNATED,DEM,DEMOCRATIC,31.0,2282008.0,Age2640,DE182034
ALAMANCE,,ACTIVE,BHATTIRAABIAAMJAD,RAABIAAMJADBHATTI,3210ELKST,OTHER,NL,NOTHISPANICorNOTLATINO,UNA,UNAFFILIATED,30.0,4202000.0,Age2640,AA118103
ALAMANCE,,ACTIVE,BHATTISAADIAAMJAD,SAADIAAMJADBHATTI,3210ELKST,WHITE,NL,NOTHISPANICorNOTLATINO,REP,REPUBLICAN,36.0,3311994.0,Age2640,AA89638
ALAMANCE,,ACTIVE,BHATTISHAHIDISHAQ,SHAHIDISHAQBHATTI,706HUFFMANMILLRDR8,OTHER,NL,NOTHISPANICorNOTLATINO,UNA,UNAFFILIATED,29.0,8092010.0,Age2640,AA166493
ALAMANCE,,ACTIVE,BHATTIZAIBAMJAD,ZAIBAMJADBHATTI,3210ELKST,OTHER,NL,NOTHISPANICorNOTLATINO,REP,REPUBLICAN,53.0,10061986.0,Age4165,AA61018
ALAMANCE,,ACTIVE,BIAGIRUDOLPHNATHANIEL,RUDOLPHNATHANIELBIAGI,700EHAGGARDAVE203B,UNDESIGNATED,UN,UNDESIGNATED,REP,REPUBLICAN,18.0,,Age1825,AA176865
ALAMANCE,,ACTIVE,BIALLYCASEYKENNETH,CASEYKENNETHBIALLY,415BILLINGHAMDR,WHITE,NL,NOTHISPANICorNOTLATINO,UNA,UNAFFILIATED,18.0,9242012.0,Age1825,AA175161
ALAMANCE,,ACTIVE,BIALLYCORINNEDOROTHY,CORINNEDOROTHYBIALLY,415BILLINGHAMDR,WHITE,NL,NOTHISPANICorNOTLATINO,UNA,UNAFFILIATED,,8201999.0,Age4165,AA114901
ALAMANCE,,ACTIVE,BIALLYKATELYNEILEEN,KATELYNEILEENBIALLY,415BILLINGHAMDR,WHITE,NL,NOTHISPANICorNOTLATINO,UNA,UNAFFILIATED,20.0,6232010.0,Age1825,AA165851
ALAMANCE,D,DENIED,BIALLYKATHLEENM,KATHLEENMBIALLY,3508GARDENRD,WHITE,NL,NOTHISPANICorNOTLATINO,REP,REPUBLICAN,51.0,3291995.0,Age4165,AA93572
ALAMANCE,,ACTIVE,BIALLYKENNETH,KENNETHBIALLY,415BILLINGHAMDR,WHITE,NL,NOTHISPANICorNOTLATINO,UNA,UNAFFILIATED,,8201999.0,Age4165,AA114902
ALAMANCE,,ACTIVE,BIANCANIELLOCHRISTOPHERWILLIAMS,CHRISTOPHERWILLIAMSBIANCANIELLO,1406COPPERCIR,OTHER,UN,UNDESIGNATED,UNA,UNAFFILIATED,40.0,11022012.0,Age2640,AX39687
ALAMANCE,,ACTIVE,BIANCANIELLOKENNETHEUGENE,KENNETHEUGENEBIANCANIELLO,1272QUAKERLAKETRL,WHITE,UN,UNDESIGNATED,REP,REPUBLICAN,67.0,8222012.0,AgeOver66,AA174435
ALAMANCE,,ACTIVE,BIANCANIELLOMARYELIZABETH,,1272QUAKERLAKETRL,WHITE,UN,UNDESIGNATED,REP,REPUBLICAN,63.0,8222012.0,Age4165,AA174436
ALAMANCE,I,INACTIVE,BIANCANIELLOSARAHEDWARDS,SARAHEDWARDSBIANCANIELLO,,WHITE,NL,NOTHISPANICorNOTLATINO,DEM,DEMOCRATIC,26.0,3292011.0,Age2640,BE267162
ALAMANCE,R,REMOVED,BIBBNORMANEARL,NORMANEARLBIBB,2950CROUSELN213,WHITE,NL,NOTHISPANICorNOTLATINO,DEM,DEMOCRATIC,85.0,9222008.0,AgeOver66,AA157246
ALAMANCE,D,DENIED,BIBBSASHLEYNECOLE,ASHLEYNECOLEBIBBS,353WHARDENST,BLACKorAFRICANAMERICAN,UN,UNDESIGNATED,UNA,UNAFFILIATED,25.0,8072012.0,Age1825,AA174347
ALAMANCE,,ACTIVE,BIBBSEVANSCAROLSHIRLEY,CAROLSHIRLEYBIBBSEVANS,508MILLERST,BLACKorAFRICANAMERICAN,UN,UNDESIGNATED,UNA,UNAFFILIATED,,2282008.0,Age4165,AA152528
ALAMANCE,,ACTIVE,BIBBYCYNTHIAROSE,CYNTHIAROSEBIBBY,2611GREENLEVELCHURCHRD,BLACKorAFRICANAMERICAN,NL,NOTHISPANICorNOTLATINO,DEM,DEMOCRATIC,,12281993.0,Age4165,AA88897
ALAMANCE,,ACTIVE,BIBEECHELSEYRENEE,CHELSEYRENEEBIBEE,,WHITE,NL,NOTHISPANICorNOTLATINO,DEM,DEMOCRATIC,22.0,7282008.0,Age1825,AA155949
ALAMANCE,I,INACTIVE,BIBEENADINEYVONNE,NADINEYVONNEBIBEE,2207BURCHBRIDGERD15,WHITE,NL,NOTHISPANICorNOTLATINO,UNA,UNAFFILIATED,58.0,7102007.0,Age4165,DS78045
ALAMANCE,,ACTIVE,BIBLEFRANKWADE,FRANKWADEBIBLE,1612SYKESST,WHITE,UN,UNDESIGNATED,REP,REPUBLICAN,53.0,11222011.0,Age4165,DN77429
ALAMANCE,,ACTIVE,BIBLEJAMESCOLEMANIII,JAMESCOLEMANBIBLEIII,302COURTLANDDR,WHITE,NL,NOTHISPANICorNOTLATINO,REP,REPUBLICAN,62.0,9062012.0,Age4165,AA174641
ALAMANCE,,ACTIVE,BIBLELESLEYELIZABETH,LESLEYELIZABETHBIBLE,701RENDALLCT,WHITE,NL,NOTHISPANICorNOTLATINO,DEM,DEMOCRATIC,41.0,11302007.0,Age4165,AA151468
ALAMANCE,,ACTIVE,BIBLEPATRICIACANNON,PATRICIACANNONBIBLE,302COURTLANDDR,WHITE,NL,NOTHISPANICorNOTLATINO,REP,REPUBLICAN,63.0,7052012.0,Age4165,AA172753
ALAMANCE,I,INACTIVE,BIBLERKRISTIMARIE,KRISTIMARIEBIBLER,7723SNCHWY87,WHITE,NL,NOTHISPANICorNOTLATINO,UNA,UNAFFILIATED,36.0,3302009.0,Age2640,AA163640
ALAMANCE,,ACTIVE,BICEALANJON,ALANJONBICE,1406CEDARCRESTDR,WHITE,NL,NOTHISPANICorNOTLATINO,REP,REPUBLICAN,56.0,10061986.0,Age4165,AA60754
ALAMANCE,I,INACTIVE,BICEALISONJOAN,ALISONJOANBICE,323WGILBREATHST,WHITE,NL,NOTHISPANICorNOTLATINO,UNA,UNAFFILIATED,30.0,7242002.0,Age2640,AA127027
ALAMANCE,,ACTIVE,BICELAURENCRANDALL,LAURENCRANDALLBICE,1406CEDARCRESTDR,WHITE,UN,UNDESIGNATED,UNA,UNAFFILIATED,24.0,4112008.0,Age1825,AA153748
ALAMANCE,,ACTIVE,BICESARAJANE,SARAJANEBICE,1406CEDARCRESTDR,WHITE,NL,NOTHISPANICorNOTLATINO,DEM,DEMOCRATIC,32.0,3202000.0,Age2640,AA117634
ALAMANCE,,ACTIVE,BICESUSANNESWASEY,SUSANNESWASEYBICE,1406CEDARCRESTDR,WHITE,NL,NOTHISPANICorNOTLATINO,UNA,UNAFFILIATED,56.0,10051987.0,Age4165,AA62410
ALAMANCE,I,INACTIVE,BICKCAROLINESMITH,CAROLINESMITHBICK,8919LINDLEYMILLRDC,WHITE,NL,NOTHISPANICorNOTLATINO,DEM,DEMOCRATIC,57.0,2182005.0,Age4165,AA142965
ALAMANCE,,ACTIVE,BICKCYNTHIAGOLLUS,CYNTHIAGOLLUSBICK,302GRAHAMRD,WHITE,NL,NOTHISPANICorNOTLATINO,REP,REPUBLICAN,31.0,6222004.0,Age2640,AA135060
ALAMANCE,,ACTIVE,BICKLEYKERRINKISTNER,KERRINKISTNERBICKLEY,2127GLENKIRKDR,WHITE,NL,NOTHISPANICorNOTLATINO,UNA,UNAFFILIATED,58.0,3112008.0,Age4165,AA152772
ALAMANCE,,ACTIVE,BICKLEYLYLESTEPHENJR,,2127GLENKIRKDR,WHITE,NL,NOTHISPANICorNOTLATINO,UNA,UNAFFILIATED,59.0,3272008.0,Age4165,AA153104
ALAMANCE,R,REMOVED,BICZISJOHN,JOHNBICZIS,5570MOUNTAINTRL,WHITE,NL,NOTHISPANICorNOTLATINO,DEM,DEMOCRATIC,83.0,,AgeOver66,AA161481
ALAMANCE,,ACTIVE,BIDDIXSABRINALYN,SABRINALYNBIDDIX,307FORESTVIEWDR,WHITE,NL,NOTHISPANICorNOTLATINO,REP,REPUBLICAN,55.0,10312008.0,Age4165,AA162208
ALAMANCE,,ACTIVE,BIDDULPHJOHNCARTER,JOHNCARTERBIDDULPH,,WHITE,NL,NOTHISPANICorNOTLATINO,UNA,UNAFFILIATED,64.0,9072007.0,Age4165,AA150605
ALAMANCE,,ACTIVE,BIDDYBRITTANYTYLER,BRITTANYTYLERBIDDY,617COUNTRYCLUBDR,WHITE,NL,NOTHISPANICorNOTLATINO,REP,REPUBLICAN,29.0,10032002.0,Age2640,AA127885
ALAMANCE,,ACTIVE,BIDDYFREDDOUGLASJR,FREDDOUGLASBIDDYJR,617COUNTRYCLUBDR,WHITE,NL,NOTHISPANICorNOTLATINO,REP,REPUBLICAN,58.0,9181984.0,Age4165,
ALAMANCE,,ACTIVE,BIDDYREBECCALYNN,REBECCALYNNBIDDY,617COUNTRYCLUBDR,WHITE,NL,NOTHISPANICorNOTLATINO,REP,REPUBLICAN,58.0,9181984.0,Age4165,
ALAMANCE,,ACTIVE,BIDLACKMARIAARISTEDES,,2060STONESTEXT9,WHITE,NL,NOTHISPANICorNOTLATINO,REP,REPUBLICAN,34.0,3232010.0,Age2640,AA165604
ALAMANCE,,ACTIVE,BIEBELERICTODD,ERICTODDBIEBEL,2430MOSSCREEKLOOP,WHITE,NL,NOTHISPANICorNOTLATINO,REP,REPUBLICAN,38.0,10242007.0,Age2640,AT19621
ALAMANCE,,ACTIVE,BIEBELKIMBERLYMAE,KIMBERLYMAEBIEBEL,2430MOSSCREEKLOOP,WHITE,NL,NOTHISPANICorNOTLATINO,UNA,UNAFFILIATED,39.0,,Age2640,AT19922
ALAMANCE,,ACTIVE,BIEDERMANDONNAJEAN,DONNAJEANBIEDERMAN,430EMCPHERSONDR,WHITE,NL,NOTHISPANICorNOTLATINO,UNA,UNAFFILIATED,,7172007.0,Age4165,AA150182
ALAMANCE,,ACTIVE,BIEDERMANIRAWALTER,IRAWALTERBIEDERMAN,430EMCPHERSONDR,WHITE,NL,NOTHISPANICorNOTLATINO,UNA,UNAFFILIATED,56.0,7092007.0,Age4165,AA150088
ALAMANCE,,ACTIVE,BIEDERMANPHYLLIS,PHYLLISBIEDERMAN,413NFIRSTST,WHITE,NL,NOTHISPANICorNOTLATINO,REP,REPUBLICAN,81.0,8012007.0,AgeOver66,AA150292
ALAMANCE,,ACTIVE,BIEGARPATRICENOEL,PATRICENOELBIEGAR,4852FARMVIEWDR,WHITE,NL,NOTHISPANICorNOTLATINO,UNA,UNAFFILIATED,35.0,12292006.0,Age2640,AA148300
ALAMANCE,,ACTIVE,BIEGARWILLIAMGLENN,WILLIAMGLENNBIEGAR,4852FARMVIEWDR,WHITE,UN,UNDESIGNATED,UNA,UNAFFILIATED,40.0,2232007.0,Age2640,AA148979
ALAMANCE,D,DENIED,BIERERKEVINRAYMOND,KEVINRAYMONDBIERER,,WHITE,NL,NOTHISPANICorNOTLATINO,UNA,UNAFFILIATED,57.0,10262000.0,Age4165,AA122030
ALAMANCE,,ACTIVE,BIERSTEDTBRENTJOHN,BRENTJOHNBIERSTEDT,,WHITE,NL,NOTHISPANICorNOTLATINO,UNA,UNAFFILIATED,,6292006.0,Age4165,AA146866
ALAMANCE,,ACTIVE,BIERSTEDTLISAANN,,,WHITE,NL,NOTHISPANICorNOTLATINO,REP,REPUBLICAN,,4262005.0,Age4165,AA143489
ALAMANCE,,ACTIVE,BIERWIRTHDIANESUSAN,DIANESUSANBIERWIRTH,2225SWEETBAYCIR,WHITE,NL,NOTHISPANICorNOTLATINO,REP,REPUBLICAN,60.0,7242002.0,Age4165,AA127107
ALAMANCE,,ACTIVE,BIGELOWADRIENNEMOORE,ADRIENNEMOOREBIGELOW,2539HYDEST,BLACKorAFRICANAMERICAN,NL,NOTHISPANICorNOTLATINO,DEM,DEMOCRATIC,51.0,5251982.0,Age4165,AA31721
ALAMANCE,,ACTIVE,BIGELOWANDANTERASNAD,ANDANTERASNADBIGELOW,2539HYDEST,UNDESIGNATED,UN,UNDESIGNATED,DEM,DEMOCRATIC,24.0,6122012.0,Age1825,AA172814
ALAMANCE,,ACTIVE,BIGELOWANGELAMARIE,ANGELAMARIEBIGELOW,4560BELLEMONTMTHERMONRD,BLACKorAFRICANAMERICAN,NL,NOTHISPANICorNOTLATINO,DEM,DEMOCRATIC,,10051990.0,Age4165,AA75065
ALAMANCE,,ACTIVE,BIGELOWANNETTECRAWFORD,ANNETTECRAWFORDBIGELOW,1740FARNINGHAMLN,BLACKorAFRICANAMERICAN,NL,NOTHISPANICorNOTLATINO,DEM,DEMOCRATIC,56.0,10041986.0,Age4165,AA61238
ALAMANCE,R,REMOVED,BIGELOWANNIEHAITH,ANNIEHAITHBIGELOW,,BLACKorAFRICANAMERICAN,NL,NOTHISPANICorNOTLATINO,UNA,UNAFFILIATED,68.0,9171982.0,AgeOver66,
ALAMANCE,,ACTIVE,BIGELOWASHANTIMAHAL,ASHANTIMAHALBIGELOW,1238JAMESTOWNEDR,TWOorMORERACES,NL,NOTHISPANICorNOTLATINO,UNA,UNAFFILIATED,18.0,11012012.0,Age1825,AA178678
ALAMANCE,,ACTIVE,BIGELOWASHLEYBROOKS,ASHLEYBROOKSBIGELOW,203OVERBROOKTER,BLACKorAFRICANAMERICAN,NL,NOTHISPANICorNOTLATINO,DEM,DEMOCRATIC,30.0,12211999.0,Age2640,AA116306
ALAMANCE,,ACTIVE,BIGELOWBARRYWINDELL,BARRYWINDELLBIGELOW,206NFISHERST,UNDESIGNATED,UN,UNDESIGNATED,DEM,DEMOCRATIC,52.0,9212012.0,Age4165,AA175160
ALAMANCE,,ACTIVE,BIGELOWBECKYANN,BECKYANNBIGELOW,719TILLMANST,BLACKorAFRICANAMERICAN,UN,UNDESIGNATED,DEM,DEMOCRATIC,57.0,8172004.0,Age4165,AA135184
ALAMANCE,,ACTIVE,BIGELOWBERNICEPOOLE,BERNICEPOOLEBIGELOW,815ROSENWALDST,BLACKorAFRICANAMERICAN,NL,NOTHISPANICorNOTLATINO,DEM,DEMOCRATIC,74.0,12011976.0,AgeOver66,
ALAMANCE,,ACTIVE,BIGELOWBERONICADESSIE,BERONICADESSIEBIGELOW,,BLACKorAFRICANAMERICAN,NL,NOTHISPANICorNOTLATINO,DEM,DEMOCRATIC,54.0,7092007.0,Age4165,AA150089
ALAMANCE,R,REMOVED,BIGELOWBOBBYHENDERSON,BOBBYHENDERSONBIGELOW,,BLACKorAFRICANAMERICAN,NL,NOTHISPANICorNOTLATINO,DEM,DEMOCRATIC,75.0,11072000.0,AgeOver66,AA121904
ALAMANCE,,ACTIVE,BIGELOWBONITACOVINGTON,BONITACOVINGTONBIGELOW,2817ANDERSONRD9,BLACKorAFRICANAMERICAN,NL,NOTHISPANICorNOTLATINO,DEM,DEMOCRATIC,51.0,1292008.0,Age4165,AA151939
ALAMANCE,,ACTIVE,BIGELOWBRENDASELLARS,BRENDASELLARSBIGELOW,547NBEAUMONTAVE,BLACKorAFRICANAMERICAN,NL,NOTHISPANICorNOTLATINO,DEM,DEMOCRATIC,60.0,2181984.0,Age4165,
ALAMANCE,,ACTIVE,BIGELOWBRENDACONYERS,BRENDACONYERSBIGELOW,1509APPLESTEXT42,BLACKorAFRICANAMERICAN,NL,NOTHISPANICorNOTLATINO,DEM,DEMOCRATIC,63.0,10021990.0,Age4165,AA74559
ALAMANCE,,ACTIVE,BIGELOWBRENDAPOOLE,BRENDAPOOLEBIGELOW,2224MAYDR,BLACKorAFRICANAMERICAN,NL,NOTHISPANICorNOTLATINO,DEM,DEMOCRATIC,52.0,8261996.0,Age4165,AA102326
ALAMANCE,,ACTIVE,BIGELOWBRITTANYSHAMYRA,BRITTANYSHAMYRABIGELOW,,BLACKorAFRICANAMERICAN,HL,HISPANICorLATINO,DEM,DEMOCRATIC,24.0,9212012.0,Age1825,BL335217
ALAMANCE,,ACTIVE,BIGELOWCARLEDWARD,CARLEDWARDBIGELOW,547NBEAUMONTAVE,BLACKorAFRICANAMERICAN,NL,NOTHISPANICorNOTLATINO,DEM,DEMOCRATIC,63.0,1101979.0,Age4165,
ALAMANCE,,ACTIVE,BIGELOWCEDRADELL,CEDRADELLBIGELOW,1309STOUTST,UNDESIGNATED,UN,UNDESIGNATED,DEM,DEMOCRATIC,28.0,4072008.0,Age2640,AA153759
ALAMANCE,R,REMOVED,BIGELOWCEPHUSWADDELL,CEPHUSWADDELLBIGELOW,926APPLEST,BLACKorAFRICANAMERICAN,NL,NOTHISPANICorNOTLATINO,DEM,DEMOCRATIC,60.0,9221990.0,Age4165,AA73565
ALAMANCE,,ACTIVE,BIGELOWCHARLESCLINTON,CHARLESCLINTONBIGELOW,1740FARNINGHAMLN,BLACKorAFRICANAMERICAN,UN,UNDESIGNATED,DEM,DEMOCRATIC,53.0,10252012.0,Age4165,AA135153
ALAMANCE,,ACTIVE,BIGELOWCHAUNDRATURNER,CHAUNDRATURNERBIGELOW,609BURLINGTONAVE7374,BLACKorAFRICANAMERICAN,NL,NOTHISPANICorNOTLATINO,DEM,DEMOCRATIC,53.0,7081992.0,Age4165,AA82091
ALAMANCE,,ACTIVE,BIGELOWCLARADARLENE,CLARADARLENEBIGELOW,438LANEST,BLACKorAFRICANAMERICAN,NL,NOTHISPANICorNOTLATINO,DEM,DEMOCRATIC,53.0,9241982.0,Age4165,AA13484
ALAMANCE,,ACTIVE,BIGELOWCLINTON,CLINTONBIGELOW,2223WILLIEPACERD,BLACKorAFRICANAMERICAN,NL,NOTHISPANICorNOTLATINO,DEM,DEMOCRATIC,70.0,9232002.0,AgeOver66,AA128013
ALAMANCE,,ACTIVE,BIGELOWCOYLYNELL,COYLYNELLBIGELOW,719TILLMANST,BLACKorAFRICANAMERICAN,UN,UNDESIGNATED,DEM,DEMOCRATIC,37.0,6222004.0,Age2640,AA134901
ALAMANCE,I,INACTIVE,BIGELOWCYNTHIALYNN,CYNTHIALYNNBIGELOW,815WILLIAMSST,BLACKorAFRICANAMERICAN,NL,NOTHISPANICorNOTLATINO,DEM,DEMOCRATIC,42.0,5081990.0,Age4165,AA71985
ALAMANCE,,ACTIVE,BIGELOWDARLENEWILLIS,DARLENEWILLISBIGELOW,2213WIMBSLEYDR,BLACKorAFRICANAMERICAN,NL,NOTHISPANICorNOTLATINO,DEM,DEMOCRATIC,56.0,12041989.0,Age4165,AA70311
ALAMANCE,,ACTIVE,BIGELOWDEETRAP,DEETRAPBIGELOW,2176CARTERRD,BLACKorAFRICANAMERICAN,NL,NOTHISPANICorNOTLATINO,DEM,DEMOCRATIC,52.0,5031996.0,Age4165,AA99277
ALAMANCE,,ACTIVE,BIGELOWDENISETORAIN,DENISETORAINBIGELOW,5814NNCHWY119,BLACKorAFRICANAMERICAN,UN,UNDESIGNATED,DEM,DEMOCRATIC,,8202008.0,Age4165,AA156534
ALAMANCE,,ACTIVE,BIGELOWDENISEWILLIS,DENISEWILLISBIGELOW,306CARRIAGELOOP,WHITE,UN,UNDESIGNATED,DEM,DEMOCRATIC,,,Age4165,AA159062
ALAMANCE,,ACTIVE,BIGELOWDEXTERLAMONT,DEXTERLAMONTBIGELOW,701TOWNBRANCHRD,BLACKorAFRICANAMERICAN,UN,UNDESIGNATED,UNA,UNAFFILIATED,,2172004.0,Age4165,AA134512
ALAMANCE,,ACTIVE,BIGELOWDIAMONDSHANICE,DIAMONDSHANICEBIGELOW,306CARRIAGELOOP,TWOorMORERACES,UN,UNDESIGNATED,UNA,UNAFFILIATED,19.0,7072011.0,Age1825,AA168865
ALAMANCE,,ACTIVE,BIGELOWDIANIAMARIE,DIANIAMARIEBIGELOW,,BLACKorAFRICANAMERICAN,UN,UNDESIGNATED,DEM,DEMOCRATIC,58.0,10251990.0,Age4165,AA76240
ALAMANCE,,ACTIVE,BIGELOWDONALDALVIN,DONALDALVINBIGELOW,,BLACKorAFRICANAMERICAN,UN,UNDESIGNATED,DEM,DEMOCRATIC,55.0,10012008.0,Age4165,AA158457
ALAMANCE,,ACTIVE,BIGELOWDONNABRYANT,DONNABRYANTBIGELOW,4517NNCHWY62,BLACKorAFRICANAMERICAN,NL,NOTHISPANICorNOTLATINO,UNA,UNAFFILIATED,53.0,1161991.0,Age4165,AA76508
ALAMANCE,,ACTIVE,BIGELOWDORISMICHAEL,DORISMICHAELBIGELOW,407JERKINSST,BLACKorAFRICANAMERICAN,NL,NOTHISPANICorNOTLATINO,DEM,DEMOCRATIC,77.0,8161976.0,AgeOver66,
ALAMANCE,,ACTIVE,BIGELOWDOWNYLAMART,DOWNYLAMARTBIGELOW,1505VAUGHNRD,BLACKorAFRICANAMERICAN,UN,UNDESIGNATED,DEM,DEMOCRATIC,55.0,,Age4165,AA159562
ALAMANCE,R,REMOVED,BIGELOWEDWARDTERRELL,EDWARDTERRELLBIGELOW,3458HAWKEYELN,BLACKorAFRICANAMERICAN,NL,NOTHISPANICorNOTLATINO,DEM,DEMOCRATIC,25.0,4012005.0,Age1825,AA143227
ALAMANCE,,ACTIVE,BIGELOWELIZABETHANN,ELIZABETHANNBIGELOW,341DAREST,BLACKorAFRICANAMERICAN,UN,UNDESIGNATED,DEM,DEMOCRATIC,60.0,11022012.0,Age4165,AA178735
ALAMANCE,,ACTIVE,BIGELOWENOLIABAYNES,ENOLIABAYNESBIGELOW,2658WILLIAMALLENRD,BLACKorAFRICANAMERICAN,NL,NOTHISPANICorNOTLATINO,DEM,DEMOCRATIC,70.0,5121964.0,AgeOver66,
ALAMANCE,,ACTIVE,BIGELOWERICDESHAUN,ERICDESHAUNBIGELOW,3033BRAMBLEWOODDR,BLACKorAFRICANAMERICAN,UN,UNDESIGNATED,UNA,UNAFFILIATED,35.0,10302012.0,Age2640,AT14130
ALAMANCE,I,INACTIVE,BIGELOWERVINWAYNE,ERVINWAYNEBIGELOW,410NEWST,UNDESIGNATED,UN,UNDESIGNATED,UNA,UNAFFILIATED,,5062008.0,Age4165,AA154810
ALAMANCE,,ACTIVE,BIGELOWEULAPENNIX,EULAPENNIXBIGELOW,2270SHADYLN,BLACKorAFRICANAMERICAN,NL,NOTHISPANICorNOTLATINO,DEM,DEMOCRATIC,69.0,1091979.0,AgeOver66,
ALAMANCE,I,INACTIVE,BIGELOWEVANGELAANTOINETT,EVANGELAANTOINETTBIGELOW,928SHARPERD73,BLACKorAFRICANAMERICAN,UN,UNDESIGNATED,UNA,UNAFFILIATED,33.0,6301997.0,Age2640,AA106610
ALAMANCE,,ACTIVE,BIGELOWFRANCESELIZABETH,FRANCESELIZABETHBIGELOW,,BLACKorAFRICANAMERICAN,NL,NOTHISPANICorNOTLATINO,DEM,DEMOCRATIC,69.0,7182008.0,AgeOver66,BL245805
ALAMANCE,I,INACTIVE,BIGELOWFRANCESBEATRICE,FRANCESBEATRICEBIGELOW,5331GEORGEMILESRD,BLACKorAFRICANAMERICAN,NL,NOTHISPANICorNOTLATINO,DEM,DEMOCRATIC,,3142006.0,Age4165,AA146143
ALAMANCE,D,DENIED,BIGELOWGARLAND,GARLANDBIGELOW,223CHESTNUTST,BLACKorAFRICANAMERICAN,UN,UNDESIGNATED,DEM,DEMOCRATIC,61.0,10042004.0,Age4165,AA139130
ALAMANCE,,ACTIVE,BIGELOWGARLAND,GARLANDBIGELOW,21CATESCIRCLEDRC,BLACKorAFRICANAMERICAN,NL,NOTHISPANICorNOTLATINO,DEM,DEMOCRATIC,61.0,9302008.0,Age4165,AA158203
ALAMANCE,,ACTIVE,BIGELOWGARYWENDELL,GARYWENDELLBIGELOW,605WASHINGTONST,BLACKorAFRICANAMERICAN,UN,UNDESIGNATED,DEM,DEMOCRATIC,57.0,8231991.0,Age4165,AA78008
ALAMANCE,,ACTIVE,BIGELOWGENNINESCHELISE,GENNINESCHELISEBIGELOW,406BIRCHCT,BLACKorAFRICANAMERICAN,NL,NOTHISPANICorNOTLATINO,DEM,DEMOCRATIC,40.0,4041990.0,Age2640,AA71105
ALAMANCE,,ACTIVE,BIGELOWGEORGELEE,GEORGELEEBIGELOW,419BROOKLYNST,BLACKorAFRICANAMERICAN,NL,NOTHISPANICorNOTLATINO,DEM,DEMOCRATIC,64.0,4291994.0,Age4165,AA90146
ALAMANCE,,ACTIVE,BIGELOWGREGORYMAURICE,GREGORYMAURICEBIGELOW,1312KENNEDYCT,BLACKorAFRICANAMERICAN,NL,NOTHISPANICorNOTLATINO,DEM,DEMOCRATIC,52.0,10012004.0,Age4165,AA139894
ALAMANCE,,ACTIVE,BIGELOWGUATRICKER,GUATRICKERBIGELOW,2427GREENLEVELCHURCHRD,BLACKorAFRICANAMERICAN,UN,UNDESIGNATED,DEM,DEMOCRATIC,63.0,11022012.0,Age4165,AA178732
ALAMANCE,,ACTIVE,BIGELOWGWENDOLYN,GWENDOLYNBIGELOW,4028MISTLETOEDR,BLACKorAFRICANAMERICAN,NL,NOTHISPANICorNOTLATINO,DEM,DEMOCRATIC,,8192004.0,Age4165,AA135285
ALAMANCE,,ACTIVE,BIGELOWHARVEYL,HARVEYLBIGELOW,443GLENRAVENRD,BLACKorAFRICANAMERICAN,UN,UNDESIGNATED,DEM,DEMOCRATIC,57.0,10061984.0,Age4165,
ALAMANCE,,ACTIVE,BIGELOWHAYVENYERMITCHELL,HAYVENYERMITCHELLBIGELOW,320BALDWINRD,BLACKorAFRICANAMERICAN,NL,NOTHISPANICorNOTLATINO,DEM,DEMOCRATIC,56.0,3241984.0,Age4165,
ALAMANCE,,ACTIVE,BIGELOWHAYWOODBURNELL,HAYWOODBURNELLBIGELOW,320BALDWINRD,BLACKorAFRICANAMERICAN,UN,UNDESIGNATED,DEM,DEMOCRATIC,62.0,,Age4165,AA104668
ALAMANCE,R,REMOVED,BIGELOWHOLLISRICE,HOLLISRICEBIGELOW,208EFIFTHST,BLACKorAFRICANAMERICAN,NL,NOTHISPANICorNOTLATINO,DEM,DEMOCRATIC,58.0,9211990.0,Age4165,AA73566
ALAMANCE,,ACTIVE,BIGELOWHUSTONL,HUSTONLBIGELOW,2334JAMESBOSWELLRD,BLACKorAFRICANAMERICAN,NL,NOTHISPANICorNOTLATINO,DEM,DEMOCRATIC,68.0,9072004.0,AgeOver66,AA137415
ALAMANCE,I,INACTIVE,BIGELOWINEZHAITH,INEZHAITHBIGELOW,,BLACKorAFRICANAMERICAN,NL,NOTHISPANICorNOTLATINO,DEM,DEMOCRATIC,74.0,10081984.0,AgeOver66,AA57796
ALAMANCE,,ACTIVE,BIGELOWJAMES,JAMESBIGELOW,2649NORTHSTREAMCT,WHITE,NL,NOTHISPANICorNOTLATINO,UNA,UNAFFILIATED,41.0,9052008.0,Age4165,EH418318
ALAMANCE,I,INACTIVE,BIGELOWJANICECROMPTON,JANICECROMPTONBIGELOW,723VANDERFORDST,BLACKorAFRICANAMERICAN,NL,NOTHISPANICorNOTLATINO,DEM,DEMOCRATIC,61.0,12131993.0,Age4165,AA88789
ALAMANCE,,ACTIVE,BIGELOWJEBRAILLELEMAR,JEBRAILLELEMARBIGELOW,,BLACKorAFRICANAMERICAN,NL,NOTHISPANICorNOTLATINO,DEM,DEMOCRATIC,18.0,12232011.0,Age1825,AA169971
ALAMANCE,,ACTIVE,BIGELOWJEFFREYLEE,JEFFREYLEEBIGELOW,609BURLINGTONAVE,BLACKorAFRICANAMERICAN,NL,NOTHISPANICorNOTLATINO,DEM,DEMOCRATIC,53.0,3241984.0,Age4165,
ALAMANCE,R,REMOVED,BIGELOWJENNIEKATHERINE,JENNIEKATHERINEBIGELOW,2844ANDERSONRD,BLACKorAFRICANAMERICAN,UN,UNDESIGNATED,DEM,DEMOCRATIC,69.0,11042003.0,AgeOver66,AA131824
ALAMANCE,R,REMOVED,BIGELOWJERRYDARNELL,JERRYDARNELLBIGELOW,1711WHITSETTST,BLACKorAFRICANAMERICAN,NL,NOTHISPANICorNOTLATINO,DEM,DEMOCRATIC,38.0,,Age2640,AA140322
ALAMANCE,I,INACTIVE,BIGELOWJERRYDARNELL,JERRYDARNELLBIGELOW,508EHARDENSTH,BLACKorAFRICANAMERICAN,UN,UNDESIGNATED,DEM,DEMOCRATIC,38.0,4112008.0,Age2640,AA154347
ALAMANCE,,ACTIVE,BIGELOWJESSICALUCRETIA,JESSICALUCRETIABIGELOW,935HERMANBLUECT,BLACKorAFRICANAMERICAN,NL,NOTHISPANICorNOTLATINO,DEM,DEMOCRATIC,35.0,2231996.0,Age2640,AA97781
ALAMANCE,,ACTIVE,BIGELOWJOANN,JOANNBIGELOW,1717PRESTONSTA,BLACKorAFRICANAMERICAN,UN,UNDESIGNATED,DEM,DEMOCRATIC,61.0,10022012.0,Age4165,AA176065
ALAMANCE,,ACTIVE,BIGELOWJOHNOSCAR,JOHNOSCARBIGELOW,407JERKINSST,BLACKorAFRICANAMERICAN,NL,NOTHISPANICorNOTLATINO,DEM,DEMOCRATIC,80.0,9131958.0,AgeOver66,
ALAMANCE,,ACTIVE,BIGELOWJOSHUAD,JOSHUADBIGELOW,547NBEAUMONTAVE,BLACKorAFRICANAMERICAN,UN,UNDESIGNATED,DEM,DEMOCRATIC,26.0,1172004.0,Age2640,AA132634
ALAMANCE,,ACTIVE,BIGELOWJUSTINLAMONT,JUSTINLAMONTBIGELOW,,BLACKorAFRICANAMERICAN,NL,NOTHISPANICorNOTLATINO,DEM,DEMOCRATIC,33.0,11022004.0,Age2640,AA142071
ALAMANCE,,ACTIVE,BIGELOWKENNETHCLINTON,KENNETHCLINTONBIGELOW,711BROOKGREENTER,BLACKorAFRICANAMERICAN,UN,UNDESIGNATED,DEM,DEMOCRATIC,,11081988.0,Age4165,AA68898
ALAMANCE,,ACTIVE,BIGELOWKERRYWILSON,KERRYWILSONBIGELOW,4560BELLEMONTMTHERMONRD,BLACKorAFRICANAMERICAN,NL,NOTHISPANICorNOTLATINO,DEM,DEMOCRATIC,,11031986.0,Age4165,AA61399
ALAMANCE,,ACTIVE,BIGELOWKEVINWARREN,KEVINWARRENBIGELOW,2473GREENWAYST,BLACKorAFRICANAMERICAN,NL,NOTHISPANICorNOTLATINO,DEM,DEMOCRATIC,43.0,6091990.0,Age4165,AA71986
ALAMANCE,,ACTIVE,BIGELOWKEVINWADDELL,KEVINWADDELLBIGELOW,1752DIXONSWIMMINGPOOLRD32,BLACKorAFRICANAMERICAN,NL,NOTHISPANICorNOTLATINO,DEM,DEMOCRATIC,22.0,11202008.0,Age1825,AA162491
ALAMANCE,,ACTIVE,BIGELOWKIMBERLYSELLARS,KIMBERLYSELLARSBIGELOW,1426KNOLLWOODDR,BLACKorAFRICANAMERICAN,NL,NOTHISPANICorNOTLATINO,DEM,DEMOCRATIC,43.0,6021987.0,Age4165,AA61739
ALAMANCE,,ACTIVE,BIGELOWKRISTYWALLACE,KRISTYWALLACEBIGELOW,1509TARLETONAVE,WHITE,NL,NOTHISPANICorNOTLATINO,UNA,UNAFFILIATED,31.0,9252012.0,Age2640,AA175162
ALAMANCE,,ACTIVE,BIGELOWKRYSTLELASHUNDA,KRYSTLELASHUNDABIGELOW,705BRADLEYST,UNDESIGNATED,UN,UNDESIGNATED,DEM,DEMOCRATIC,29.0,11042008.0,Age2640,AA162850
ALAMANCE,,ACTIVE,BIGELOWLARRYWARDELL,LARRYWARDELLBIGELOW,2305JAMESBOSWELLRD,BLACKorAFRICANAMERICAN,NL,NOTHISPANICorNOTLATINO,REP,REPUBLICAN,60.0,1041996.0,Age4165,AA96794
ALAMANCE,,ACTIVE,BIGELOWLATIASHENIQUE,LATIASHENIQUEBIGELOW,438LANEST,BLACKorAFRICANAMERICAN,UN,UNDESIGNATED,DEM,DEMOCRATIC,24.0,8302008.0,Age1825,AA156950
ALAMANCE,,ACTIVE,BIGELOWLATOYADAWN,LATOYADAWNBIGELOW,547NBEAUMONTAVE,BLACKorAFRICANAMERICAN,UN,UNDESIGNATED,DEM,DEMOCRATIC,27.0,9032003.0,Age2640,AA131233
ALAMANCE,,ACTIVE,BIGELOWLATOYAMONIQUE,LATOYAMONIQUEBIGELOW,1003JACKSONST,BLACKorAFRICANAMERICAN,NL,NOTHISPANICorNOTLATINO,DEM,DEMOCRATIC,28.0,1292002.0,Age2640,AA125508
ALAMANCE,,ACTIVE,BIGELOWLAWRENCEEDWARDJR,LAWRENCEEDWARDBIGELOWJR,2817ANDERSONRD9,BLACKorAFRICANAMERICAN,NL,NOTHISPANICorNOTLATINO,DEM,DEMOCRATIC,,11072000.0,Age4165,AA121905
ALAMANCE,,ACTIVE,BIGELOWLAWRENCEEDWARD,LAWRENCEEDWARDBIGELOW,,BLACKorAFRICANAMERICAN,NL,NOTHISPANICorNOTLATINO,DEM,DEMOCRATIC,66.0,10021976.0,AgeOver66,
ALAMANCE,,ACTIVE,BIGELOWLEAARNZO,LEAARNZOBIGELOW,311BROOKLYNST,BLACKorAFRICANAMERICAN,NL,NOTHISPANICorNOTLATINO,DEM,DEMOCRATIC,36.0,3231994.0,Age2640,AA89639
ALAMANCE,,ACTIVE,BIGELOWLINDAPETTIFORD,LINDAPETTIFORDBIGELOW,2427GREENLEVELCHURCHRD,BLACKorAFRICANAMERICAN,NL,NOTHISPANICorNOTLATINO,DEM,DEMOCRATIC,64.0,5141996.0,Age4165,AA99279
ALAMANCE,,ACTIVE,BIGELOWLIZZIEDOWNEY,,806NORTHAVE,BLACKorAFRICANAMERICAN,UN,UNDESIGNATED,DEM,DEMOCRATIC,55.0,3121993.0,Age4165,AA86776
ALAMANCE,,ACTIVE,BIGELOWLOVELYLYNETTE,,2443GREENLEVELCHURCHRD,UNDESIGNATED,UN,UNDESIGNATED,UNA,UNAFFILIATED,34.0,,Age2640,AA159973
ALAMANCE,,ACTIVE,BIGELOWLUCILLEMEBANE,,2649WILLIAMALLENRD,BLACKorAFRICANAMERICAN,NL,NOTHISPANICorNOTLATINO,DEM,DEMOCRATIC,96.0,5171952.0,AgeOver66,
ALAMANCE,,ACTIVE,BIGELOWMAGGIEROGERS,,2473GREENWAYST,BLACKorAFRICANAMERICAN,NL,NOTHISPANICorNOTLATINO,DEM,DEMOCRATIC,72.0,,AgeOver66,
ALAMANCE,,ACTIVE,BIGELOWMARELISARENEE,,,BLACKorAFRICANAMERICAN,NL,NOTHISPANICorNOTLATINO,DEM,DEMOCRATIC,,4111994.0,Age4165,AA89797
ALAMANCE,R,REMOVED,BIGELOWMARVINLEON,,444LANEST,BLACKorAFRICANAMERICAN,NL,NOTHISPANICorNOTLATINO,UNA,UNAFFILIATED,59.0,1112000.0,Age4165,AA116591
ALAMANCE,,ACTIVE,BIGELOWMARVISDWANN,,2658WILLIAMALLENRD,BLACKorAFRICANAMERICAN,UN,UNDESIGNATED,DEM,DEMOCRATIC,,10262012.0,Age4165,AA178393
ALAMANCE,R,REMOVED,BIGELOWMARYCARNELL,,620ROSENWALDST,BLACKorAFRICANAMERICAN,NL,NOTHISPANICorNOTLATINO,DEM,DEMOCRATIC,72.0,10071983.0,AgeOver66,
ALAMANCE,R,REMOVED,BIGELOWMARYELIZABETH,,,BLACKorAFRICANAMERICAN,UN,UNDESIGNATED,DEM,DEMOCRATIC,82.0,11061983.0,AgeOver66,
ALAMANCE,,ACTIVE,BIGELOWMARYSHIVERS,,1312KENNEDYCT,BLACKorAFRICANAMERICAN,NL,NOTHISPANICorNOTLATINO,DEM,DEMOCRATIC,74.0,8221996.0,AgeOver66,AA101224
ALAMANCE,R,REMOVED,BIGELOWMAYCODUPREASE,,620ROSENWALDST,BLACKorAFRICANAMERICAN,NL,NOTHISPANICorNOTLATINO,DEM,DEMOCRATIC,74.0,9111973.0,AgeOver66,
ALAMANCE,,ACTIVE,BIGELOWMICAHMARKEITH,,740IVEYRDJ,BLACKorAFRICANAMERICAN,NL,NOTHISPANICorNOTLATINO,DEM,DEMOCRATIC,23.0,10012009.0,Age1825,AA164695
ALAMANCE,R,REMOVED,BIGELOWMICHAELMACK,,3332MARLBOROUGHRD,BLACKorAFRICANAMERICAN,NL,NOTHISPANICorNOTLATINO,DEM,DEMOCRATIC,61.0,5121998.0,Age4165,AA110002
ALAMANCE,R,REMOVED,BIGELOWMILLARDRUSSELL,,1407ELMST,BLACKorAFRICANAMERICAN,NL,NOTHISPANICorNOTLATINO,DEM,DEMOCRATIC,71.0,4091984.0,AgeOver66,
ALAMANCE,,ACTIVE,BIGELOWMINNIEYELLOCK,MINNIEYELLOCKBIGELOW,1426YUCATANDR,BLACKorAFRICANAMERICAN,NL,NOTHISPANICorNOTLATINO,DEM,DEMOCRATIC,65.0,4011988.0,Age4165,AA64786
ALAMANCE,R,REMOVED,BIGELOWMIQUELLERON,MIQUELLERONBIGELOW,439LANEST,BLACKorAFRICANAMERICAN,UN,UNDESIGNATED,DEM,DEMOCRATIC,31.0,7192008.0,Age2640,AA156951
ALAMANCE,,ACTIVE,BIGELOWMUSKERTELLA,MUSKERTELLABIGELOW,,BLACKorAFRICANAMERICAN,NL,NOTHISPANICorNOTLATINO,DEM,DEMOCRATIC,65.0,10061980.0,Age4165,
ALAMANCE,,ACTIVE,BIGELOWMYRONWADE,MYRONWADEBIGELOW,2224MAYDR,BLACKorAFRICANAMERICAN,NL,NOTHISPANICorNOTLATINO,DEM,DEMOCRATIC,,9301992.0,Age4165,AA83758
ALAMANCE,,ACTIVE,BIGELOWNATASSJASHARMAINE,NATASSJASHARMAINEBIGELOW,2539HYDEST,BLACKorAFRICANAMERICAN,NL,NOTHISPANICorNOTLATINO,DEM,DEMOCRATIC,28.0,9192008.0,Age2640,AA156784
ALAMANCE,,ACTIVE,BIGELOWNATHANIALLAMAR,NATHANIALLAMARBIGELOW,1003JACKSONST,BLACKorAFRICANAMERICAN,NL,NOTHISPANICorNOTLATINO,DEM,DEMOCRATIC,21.0,2052009.0,Age1825,AA163398
ALAMANCE,,ACTIVE,BIGELOWPATRICIACRISP,PATRICIACRISPBIGELOW,,BLACKorAFRICANAMERICAN,NL,NOTHISPANICorNOTLATINO,DEM,DEMOCRATIC,63.0,4011980.0,Age4165,
ALAMANCE,,ACTIVE,BIGELOWPATRICIAKAYLE,PATRICIAKAYLEBIGELOW,1306HUGHESMILLRD,UNDESIGNATED,UN,UNDESIGNATED,DEM,DEMOCRATIC,53.0,10012012.0,Age4165,AA175425
ALAMANCE,R,REMOVED,BIGELOWPRECIOUSMARIONETTE,PRECIOUSMARIONETTEBIGELOW,2427GREENLEVELCHURCHRD,BLACKorAFRICANAMERICAN,UN,UNDESIGNATED,DEM,DEMOCRATIC,30.0,7282004.0,Age2640,AA135777
ALAMANCE,,ACTIVE,BIGELOWREGANDAY,REGANDAYBIGELOW,2649NORTHSTREAMCT,WHITE,NL,NOTHISPANICorNOTLATINO,UNA,UNAFFILIATED,33.0,1152008.0,Age2640,AA152016
ALAMANCE,,ACTIVE,BIGELOWREITAMARIA,REITAMARIABIGELOW,2658WILLIAMALLENRD,BLACKorAFRICANAMERICAN,NL,NOTHISPANICorNOTLATINO,DEM,DEMOCRATIC,51.0,9221992.0,Age4165,AA83031
ALAMANCE,,ACTIVE,BIGELOWRISHAMICHELLE,RISHAMICHELLEBIGELOW,719TILLMANST,BLACKorAFRICANAMERICAN,NL,NOTHISPANICorNOTLATINO,DEM,DEMOCRATIC,39.0,9171992.0,Age2640,AA83032
ALAMANCE,I,INACTIVE,BIGELOWRODNEYD'MAR,RODNEYD'MARBIGELOW,126FOUSTRD,BLACKorAFRICANAMERICAN,NL,NOTHISPANICorNOTLATINO,DEM,DEMOCRATIC,39.0,10022008.0,Age2640,AA158914
ALAMANCE,,ACTIVE,BIGELOWRONALDIRVIN,RONALDIRVINBIGELOW,304APPLEST,BLACKorAFRICANAMERICAN,NL,NOTHISPANICorNOTLATINO,DEM,DEMOCRATIC,55.0,10041986.0,Age4165,AA60755
ALAMANCE,,ACTIVE,BIGELOWRONNELLDEVORE,RONNELLDEVOREBIGELOW,2176CARTERRD,BLACKorAFRICANAMERICAN,UN,UNDESIGNATED,DEM,DEMOCRATIC,51.0,3012001.0,Age4165,AA122886
ALAMANCE,,ACTIVE,BIGELOWROSAMAEMILES,ROSAMAEMILESBIGELOW,1407ELMST,BLACKorAFRICANAMERICAN,NL,NOTHISPANICorNOTLATINO,DEM,DEMOCRATIC,67.0,10041976.0,AgeOver66,AA31042
ALAMANCE,I,INACTIVE,BIGELOWSALLIEHARVEY,SALLIEHARVEYBIGELOW,907SHAWST,BLACKorAFRICANAMERICAN,NL,NOTHISPANICorNOTLATINO,DEM,DEMOCRATIC,108.0,10061980.0,AgeOver66,
ALAMANCE,,ACTIVE,BIGELOWSEDRICKBROOKS,SEDRICKBROOKSBIGELOW,1509TARLETONAVE,BLACKorAFRICANAMERICAN,NL,NOTHISPANICorNOTLATINO,UNA,UNAFFILIATED,31.0,11072000.0,Age2640,AA122031
ALAMANCE,,ACTIVE,BIGELOWSHEILASTUBBLEFIELD,SHEILASTUBBLEFIELDBIGELOW,654LAKESIDEAVE,BLACKorAFRICANAMERICAN,NL,NOTHISPANICorNOTLATINO,DEM,DEMOCRATIC,51.0,9152004.0,Age4165,AA138619
ALAMANCE,,ACTIVE,BIGELOWSHIRLEYJORDAN,SHIRLEYJORDANBIGELOW,1428DUGGINSDR,BLACKorAFRICANAMERICAN,NL,NOTHISPANICorNOTLATINO,DEM,DEMOCRATIC,63.0,9281972.0,Age4165,AA24973
ALAMANCE,,ACTIVE,BIGELOWSHIRONJOHNSON,SHIRONJOHNSONBIGELOW,443GLENRAVENRD,BLACKorAFRICANAMERICAN,UN,UNDESIGNATED,DEM,DEMOCRATIC,52.0,8162002.0,Age4165,AA127384
ALAMANCE,,ACTIVE,BIGELOWSTACEYMATILDA,STACEYMATILDABIGELOW,524FERNWAYDR,BLACKorAFRICANAMERICAN,NL,NOTHISPANICorNOTLATINO,DEM,DEMOCRATIC,41.0,5081996.0,Age4165,AA99306
ALAMANCE,,ACTIVE,BIGELOWSUSIECORBETT,SUSIECORBETTBIGELOW,904ESSEXDR,BLACKorAFRICANAMERICAN,NL,NOTHISPANICorNOTLATINO,DEM,DEMOCRATIC,66.0,3161998.0,AgeOver66,AA109409
ALAMANCE,,ACTIVE,BIGELOWTACITALAVETT,TACITALAVETTBIGELOW,4517NNCHWY62,BLACKorAFRICANAMERICAN,NL,NOTHISPANICorNOTLATINO,UNA,UNAFFILIATED,34.0,10231998.0,Age2640,AA112365
ALAMANCE,,ACTIVE,BIGELOWTAMEKASHARELLE,TAMEKASHARELLEBIGELOW,1003JACKSONST,BLACKorAFRICANAMERICAN,UN,UNDESIGNATED,DEM,DEMOCRATIC,27.0,5242012.0,Age2640,AA173326
ALAMANCE,,ACTIVE,BIGELOWTERENCELEON,TERENCELEONBIGELOW,2404ASHTONPARKLN,BLACKorAFRICANAMERICAN,NL,NOTHISPANICorNOTLATINO,UNA,UNAFFILIATED,,10062008.0,Age4165,AA158915
ALAMANCE,,ACTIVE,BIGELOWTHOMASANDANTE,THOMASANDANTEBIGELOW,1371PEBBLEDR,BLACKorAFRICANAMERICAN,UN,UNDESIGNATED,DEM,DEMOCRATIC,,12122001.0,Age4165,AA125210
ALAMANCE,,ACTIVE,BIGELOWTHOMASHAVARD,THOMASHAVARDBIGELOW,2658WILLIAMALLENRD,BLACKorAFRICANAMERICAN,NL,NOTHISPANICorNOTLATINO,DEM,DEMOCRATIC,72.0,10031980.0,AgeOver66,
ALAMANCE,,ACTIVE,BIGELOWTIFFANYLASHEA,TIFFANYLASHEABIGELOW,,BLACKorAFRICANAMERICAN,NL,NOTHISPANICorNOTLATINO,DEM,DEMOCRATIC,28.0,8202004.0,Age2640,AA135894
ALAMANCE,,ACTIVE,BIGELOWTONYLEE,TONYLEEBIGELOW,1914STOUTST,BLACKorAFRICANAMERICAN,UN,UNDESIGNATED,DEM,DEMOCRATIC,,10042004.0,Age4165,AA139132
ALAMANCE,,ACTIVE,BIGELOWTRAVISLEE,TRAVISLEEBIGELOW,719WILLIAMSDALERD,BLACKorAFRICANAMERICAN,UN,UNDESIGNATED,DEM,DEMOCRATIC,43.0,,Age4165,AA159563
ALAMANCE,,ACTIVE,BIGELOWTRAVISSINCLAIR,TRAVISSINCLAIRBIGELOW,5331GEORGEMILESRD,BLACKorAFRICANAMERICAN,NL,NOTHISPANICorNOTLATINO,DEM,DEMOCRATIC,26.0,10312008.0,Age2640,AA162206
ALAMANCE,,ACTIVE,BIGELOWTUGGYWALTER,TUGGYWALTERBIGELOW,4319LANDILN,BLACKorAFRICANAMERICAN,NL,NOTHISPANICorNOTLATINO,DEM,DEMOCRATIC,61.0,9182000.0,Age4165,AA120029
ALAMANCE,,ACTIVE,BIGELOWVANESSAMARSH,VANESSAMARSHBIGELOW,924MORNINGSIDEDR,BLACKorAFRICANAMERICAN,NL,NOTHISPANICorNOTLATINO,DEM,DEMOCRATIC,58.0,9171982.0,Age4165,
ALAMANCE,,ACTIVE,BIGELOWVANESSAPOTEAT,VANESSAPOTEATBIGELOW,503PINEST,BLACKorAFRICANAMERICAN,NL,NOTHISPANICorNOTLATINO,DEM,DEMOCRATIC,58.0,11081990.0,Age4165,AA76411
ALAMANCE,R,REMOVED,BIGELOWVIRGINIATERRELL,VIRGINIATERRELLBIGELOW,122SLANEST,BLACKorAFRICANAMERICAN,NL,NOTHISPANICorNOTLATINO,DEM,DEMOCRATIC,73.0,11091999.0,AgeOver66,AA115920
ALAMANCE,,ACTIVE,BIGELOWWADEJR,WADEBIGELOWJR,619EVERETTST,BLACKorAFRICANAMERICAN,NL,NOTHISPANICorNOTLATINO,DEM,DEMOCRATIC,71.0,4192001.0,AgeOver66,AA123374
ALAMANCE,,ACTIVE,BIGELOWWADEDEON,WADEDEONBIGELOW,815ROSENWALDST,BLACKorAFRICANAMERICAN,UN,UNDESIGNATED,DEM,DEMOCRATIC,43.0,,Age4165,AA161256
ALAMANCE,I,INACTIVE,BIGELOWWAYMONDJUNIOR,WAYMONDJUNIORBIGELOW,1230HOLLYCT,BLACKorAFRICANAMERICAN,NL,NOTHISPANICorNOTLATINO,DEM,DEMOCRATIC,85.0,4091984.0,AgeOver66,
ALAMANCE,,ACTIVE,BIGELOWWILLIEGENEJR,WILLIEGENEBIGELOWJR,904ESSEXDR,BLACKorAFRICANAMERICAN,UN,UNDESIGNATED,DEM,DEMOCRATIC,41.0,9292004.0,Age4165,AA138669
ALAMANCE,,ACTIVE,BIGELOWHESTERTACITALAVETT,TACITALAVETTBIGELOWHESTER,2172PLEASANTWOODSCT,BLACKorAFRICANAMERICAN,NL,NOTHISPANICorNOTLATINO,DEM,DEMOCRATIC,34.0,8292008.0,Age2640,AA157146
ALAMANCE,,ACTIVE,BIGELOWJONESGWENDOLYNGILLIAM,GWENDOLYNGILLIAMBIGELOWJONES,1703DURHAMST,BLACKorAFRICANAMERICAN,NL,NOTHISPANICorNOTLATINO,DEM,DEMOCRATIC,61.0,,Age4165,AA67505
ALAMANCE,,ACTIVE,BIGGARSOPHIEANN,SOPHIEANNBIGGAR,323WTROLLINGERAVED2,WHITE,UN,UNDESIGNATED,UNA,UNAFFILIATED,21.0,3072012.0,Age1825,AA170546
ALAMANCE,,ACTIVE,BIGGERSBRIANEARL,BRIANEARLBIGGERS,4173JONESLN,WHITE,NL,NOTHISPANICorNOTLATINO,REP,REPUBLICAN,55.0,,Age4165,AA121319
ALAMANCE,,ACTIVE,BIGGERSKAYLEWIS,KAYLEWISBIGGERS,4173JONESLN,WHITE,NL,NOTHISPANICorNOTLATINO,REP,REPUBLICAN,53.0,,Age4165,AA121321
ALAMANCE,,ACTIVE,BIGGSBAYONKADESIREE,BAYONKADESIREEBIGGS,520SHEPHERDST,BLACKorAFRICANAMERICAN,NL,NOTHISPANICorNOTLATINO,DEM,DEMOCRATIC,24.0,,Age1825,AH20399
ALAMANCE,,ACTIVE,BIGGSDANIELGRAHAM,DANIELGRAHAMBIGGS,241OLDEQUARRYRD,WHITE,NL,NOTHISPANICorNOTLATINO,UNA,UNAFFILIATED,64.0,6292000.0,Age4165,AA118557
ALAMANCE,,ACTIVE,BIGGSPAMELAFAITH,PAMELAFAITHBIGGS,202WALTERHAGENDR,WHITE,NL,NOTHISPANICorNOTLATINO,UNA,UNAFFILIATED,58.0,3092009.0,Age4165,AA163546
ALAMANCE,,ACTIVE,BIKAKISANNAELENI,ANNAELENIBIKAKIS,404MANNINGAVEC,WHITE,NL,NOTHISPANICorNOTLATINO,DEM,DEMOCRATIC,21.0,10022009.0,Age1825,AA164819
ALAMANCE,,ACTIVE,BILESCYNTHIACLEMENTE,CYNTHIACLEMENTEBILES,6035CHURCHRD,WHITE,NL,NOTHISPANICorNOTLATINO,DEM,DEMOCRATIC,58.0,8291988.0,Age4165,AA65633
ALAMANCE,,ACTIVE,BILESKEVINROBERT,KEVINROBERTBILES,6035CHURCHRD,WHITE,NL,NOTHISPANICorNOTLATINO,DEM,DEMOCRATIC,58.0,5311988.0,Age4165,AA65077
ALAMANCE,,ACTIVE,BILGERVERONICACHANNELL,VERONICACHANNELLBILGER,405SFIFTHST,WHITE,NL,NOTHISPANICorNOTLATINO,UNA,UNAFFILIATED,28.0,10012012.0,Age2640,AA175581
ALAMANCE,,ACTIVE,BILHORNJANSSENSANSHERMINE,ANSHERMINEBILHORNJANSSENS,1647SAXAPAHAWBETHLEHEMCHURCHRDB207,WHITE,UN,UNDESIGNATED,DEM,DEMOCRATIC,56.0,9142012.0,Age4165,DE176927
ALAMANCE,R,REMOVED,BILISOLYJAMESTURNER,JAMESTURNERBILISOLY,2233DEEPCREEKCHURCHRD,WHITE,NL,NOTHISPANICorNOTLATINO,DEM,DEMOCRATIC,101.0,3161992.0,AgeOver66,AA80349
ALAMANCE,,ACTIVE,BILLINGSAMANDAISLEY,AMANDAISLEYBILLINGS,4604ASHEDR,WHITE,NL,NOTHISPANICorNOTLATINO,REP,REPUBLICAN,52.0,10051984.0,Age4165,
ALAMANCE,I,INACTIVE,BILLINGSAPRILMAJORS,APRILMAJORSBILLINGS,5720JEWELLRD,WHITE,NL,NOTHISPANICorNOTLATINO,REP,REPUBLICAN,32.0,5152000.0,Age2640,AA117981
ALAMANCE,,ACTIVE,BILLINGSCAROLELUCAS,CAROLELUCASBILLINGS,321WILSONST,WHITE,NL,NOTHISPANICorNOTLATINO,REP,REPUBLICAN,62.0,3281980.0,Age4165,
ALAMANCE,,ACTIVE,BILLINGSCHADVINCENT,CHADVINCENTBILLINGS,2549DURHAMSTEXT,WHITE,NL,NOTHISPANICorNOTLATINO,REP,REPUBLICAN,25.0,9232008.0,Age1825,AA157755
ALAMANCE,,ACTIVE,BILLINGSCHERIEDENISE,CHERIEDENISEBILLINGS,508EHARDENSTF,WHITE,UN,UNDESIGNATED,DEM,DEMOCRATIC,27.0,11042008.0,Age2640,AA162939
ALAMANCE,,ACTIVE,BILLINGSCHRISTINEFRANCES,CHRISTINEFRANCESBILLINGS,3134TRUITTDR,WHITE,NL,NOTHISPANICorNOTLATINO,REP,REPUBLICAN,25.0,11082005.0,Age1825,AA145134
ALAMANCE,,ACTIVE,BILLINGSCLYDEALVIN,CLYDEALVINBILLINGS,1300WARWICKDR2D,WHITE,NL,NOTHISPANICorNOTLATINO,DEM,DEMOCRATIC,76.0,,AgeOver66,DE141288
ALAMANCE,,ACTIVE,BILLINGSCLYDEALVINJR,CLYDEALVINBILLINGSJR,3134TRUITTDR,WHITE,NL,NOTHISPANICorNOTLATINO,REP,REPUBLICAN,56.0,10051974.0,Age4165,
ALAMANCE,,ACTIVE,BILLINGSDOUGLASWARREN,DOUGLASWARRENBILLINGS,302SUTTONPL,WHITE,NL,NOTHISPANICorNOTLATINO,REP,REPUBLICAN,33.0,11052009.0,Age2640,BP42330
ALAMANCE,,ACTIVE,BILLINGSELIZABETHKENNEDY,ELIZABETHKENNEDYBILLINGS,4262BASSMOUNTAINRD,WHITE,NL,NOTHISPANICorNOTLATINO,DEM,DEMOCRATIC,41.0,6091994.0,Age4165,AA90273
ALAMANCE,,ACTIVE,BILLINGSFRANCESBOWEN,FRANCESBOWENBILLINGS,3134TRUITTDR,WHITE,NL,NOTHISPANICorNOTLATINO,REP,REPUBLICAN,60.0,10281983.0,Age4165,
ALAMANCE,,ACTIVE,BILLINGSHAROLDEUGENE,HAROLDEUGENEBILLINGS,321WILSONST,WHITE,NL,NOTHISPANICorNOTLATINO,DEM,DEMOCRATIC,65.0,10061980.0,Age4165,
ALAMANCE,,ACTIVE,BILLINGSHAYDENTODD,HAYDENTODDBILLINGS,1750HANFORDRD,WHITE,UN,UNDESIGNATED,REP,REPUBLICAN,20.0,8302010.0,Age1825,AA166653
ALAMANCE,,ACTIVE,BILLINGSHAYLEYLOUISE,HAYLEYLOUISEBILLINGS,1750HANFORDRD,WHITE,NL,NOTHISPANICorNOTLATINO,REP,REPUBLICAN,18.0,7272012.0,Age1825,AA173589
ALAMANCE,,ACTIVE,BILLINGSJACQUELINEMARIE,JACQUELINEMARIEBILLINGS,680WGREENSBOROCHAPELHILLRDE,WHITE,NL,NOTHISPANICorNOTLATINO,UNA,UNAFFILIATED,50.0,2082010.0,Age4165,AA165382
ALAMANCE,,ACTIVE,BILLINGSJEANGILMER,JEANGILMERBILLINGS,1300WARWICKDR1A,WHITE,NL,NOTHISPANICorNOTLATINO,REP,REPUBLICAN,78.0,4071972.0,AgeOver66,
ALAMANCE,,ACTIVE,BILLINGSJEFFERYWAYNE,JEFFERYWAYNEBILLINGS,,WHITE,UN,UNDESIGNATED,UNA,UNAFFILIATED,,9252012.0,Age4165,AA175163
ALAMANCE,,ACTIVE,BILLINGSJESSICAANGALINA,JESSICAANGALINABILLINGS,4211BELLEMONTMTHERMONRD,WHITE,NL,NOTHISPANICorNOTLATINO,REP,REPUBLICAN,28.0,8242010.0,Age2640,BG34095
ALAMANCE,,ACTIVE,BILLINGSJOLIEWISDOM,JOLIEWISDOMBILLINGS,,WHITE,NL,NOTHISPANICorNOTLATINO,UNA,UNAFFILIATED,,10301995.0,Age4165,AA96229
ALAMANCE,D,DENIED,BILLINGSJOSEPHALAN,JOSEPHALANBILLINGS,305SMAINST,WHITE,NL,NOTHISPANICorNOTLATINO,UNA,UNAFFILIATED,27.0,7202004.0,Age2640,AA136150
ALAMANCE,,ACTIVE,BILLINGSJUDYWILSON,JUDYWILSONBILLINGS,708SWILLIAMSONAVE,WHITE,UN,UNDESIGNATED,DEM,DEMOCRATIC,71.0,,AgeOver66,
ALAMANCE,,ACTIVE,BILLINGSJULETODD,JULETODDBILLINGS,1750HANFORDRD,WHITE,NL,NOTHISPANICorNOTLATINO,UNA,UNAFFILIATED,,8301988.0,Age4165,AA65734
ALAMANCE,,ACTIVE,BILLINGSJUSTINCOREY,JUSTINCOREYBILLINGS,2138CAROLINARD,WHITE,NL,NOTHISPANICorNOTLATINO,UNA,UNAFFILIATED,21.0,7172009.0,Age1825,AA164388
ALAMANCE,I,INACTIVE,BILLINGSKATHLEENEDENS,KATHLEENEDENSBILLINGS,1833BASINCREEKRD,WHITE,NL,NOTHISPANICorNOTLATINO,REP,REPUBLICAN,52.0,2222005.0,Age4165,AA143024
ALAMANCE,,ACTIVE,BILLINGSLARRYRAYJR,LARRYRAYBILLINGSJR,4262BASSMOUNTAINRD,WHITE,NL,NOTHISPANICorNOTLATINO,REP,REPUBLICAN,44.0,10071988.0,Age4165,AA68072
ALAMANCE,,ACTIVE,BILLINGSLENAKINGSMORE,LENAKINGSMOREBILLINGS,2843SNCHWY879,WHITE,NL,NOTHISPANICorNOTLATINO,DEM,DEMOCRATIC,74.0,1072003.0,AgeOver66,AA129241
ALAMANCE,,ACTIVE,BILLINGSMICHAELVERNARD,,907DAYAVE,BLACKorAFRICANAMERICAN,NL,NOTHISPANICorNOTLATINO,DEM,DEMOCRATIC,,10062008.0,Age4165,DP5746
ALAMANCE,,ACTIVE,BILLINGSMICHAELLYNN,,2902QUAKENBUSHRD,WHITE,UN,UNDESIGNATED,REP,REPUBLICAN,54.0,4201994.0,Age4165,AA89865
ALAMANCE,,ACTIVE,BILLINGSNICHOLASBRANDON,NICHOLASBRANDONBILLINGS,70QUARTZCT,WHITE,NL,NOTHISPANICorNOTLATINO,REP,REPUBLICAN,26.0,1052004.0,Age2640,AA132559
ALAMANCE,,ACTIVE,BILLINGSPAMELAJO,PAMELAJOBILLINGS,333SUNRISETRL,WHITE,NL,NOTHISPANICorNOTLATINO,UNA,UNAFFILIATED,42.0,10071988.0,Age4165,AA67316
ALAMANCE,,ACTIVE,BILLINGSRALPHOLEN,RALPHOLENBILLINGS,708SWILLIAMSONAVE,WHITE,NL,NOTHISPANICorNOTLATINO,UNA,UNAFFILIATED,73.0,9291993.0,AgeOver66,AA88092
ALAMANCE,,ACTIVE,BILLINGSREBECCAANN,REBECCAANNBILLINGS,241EARLKIMBERRD,WHITE,NL,NOTHISPANICorNOTLATINO,REP,REPUBLICAN,42.0,11281996.0,Age4165,AA104674
ALAMANCE,R,REMOVED,BILLINGSREBECCAPERRY,REBECCAPERRYBILLINGS,3107LUCASST,WHITE,NL,NOTHISPANICorNOTLATINO,UNA,UNAFFILIATED,64.0,4101997.0,Age4165,AA105953
ALAMANCE,,ACTIVE,BILLINGSRICKYDEAN,RICKYDEANBILLINGS,,WHITE,NL,NOTHISPANICorNOTLATINO,REP,REPUBLICAN,57.0,,Age4165,AA78760
ALAMANCE,,ACTIVE,BILLINGSROBERTW,ROBERTWBILLINGS,708SWILLIAMSONAVE,WHITE,NL,NOTHISPANICorNOTLATINO,REP,REPUBLICAN,,11021992.0,Age4165,AA86491
ALAMANCE,,ACTIVE,BILLINGSROCKYGENE,ROCKYGENEBILLINGS,4211BELLEMONTMTHERMONRD19,WHITE,NL,NOTHISPANICorNOTLATINO,REP,REPUBLICAN,31.0,7202009.0,Age2640,AA119822
ALAMANCE,,ACTIVE,BILLINGSROSCOEWILBURN,ROSCOEWILBURNBILLINGS,2843SNCHWY879,WHITE,NL,NOTHISPANICorNOTLATINO,REP,REPUBLICAN,79.0,1072003.0,AgeOver66,AA129242
ALAMANCE,,ACTIVE,BILLINGSSHAWNPATTERSON,SHAWNPATTERSONBILLINGS,2902QUAKENBUSHRD,WHITE,NL,NOTHISPANICorNOTLATINO,DEM,DEMOCRATIC,55.0,9271976.0,Age4165,AA15939
ALAMANCE,,ACTIVE,BILLINGSSTEPHENTHOMAS,STEPHENTHOMASBILLINGS,3322OSCEOLARD,WHITE,NL,NOTHISPANICorNOTLATINO,DEM,DEMOCRATIC,,9191996.0,Age4165,AA102086
ALAMANCE,,ACTIVE,BILLINGSTERESAPAYNE,TERESAPAYNEBILLINGS,,WHITE,NL,NOTHISPANICorNOTLATINO,REP,REPUBLICAN,55.0,3311992.0,Age4165,AA80613
ALAMANCE,,ACTIVE,BILLINGSVERTIECOBB,VERTIECOBBBILLINGS,220BOONERD,WHITE,NL,NOTHISPANICorNOTLATINO,REP,REPUBLICAN,88.0,10251952.0,AgeOver66,
ALAMANCE,,ACTIVE,BILLINGSWENDYHANFORD,WENDYHANFORDBILLINGS,1750HANFORDRD,WHITE,NL,NOTHISPANICorNOTLATINO,UNA,UNAFFILIATED,,8301988.0,Age4165,AA65696
ALAMANCE,,ACTIVE,BILLINGSWILLIAMMICHAEL,WILLIAMMICHAELBILLINGS,,WHITE,NL,NOTHISPANICorNOTLATINO,REP,REPUBLICAN,53.0,10051984.0,Age4165,
ALAMANCE,,ACTIVE,BILLINGSWILLIAMMICHAELJR,WILLIAMMICHAELBILLINGSJR,5720JEWELLRD,WHITE,NL,NOTHISPANICorNOTLATINO,REP,REPUBLICAN,35.0,3141996.0,Age2640,AA98370
ALAMANCE,,ACTIVE,BILLINGSWILLIAMCLARENCE,WILLIAMCLARENCEBILLINGS,220BOONERD,WHITE,NL,NOTHISPANICorNOTLATINO,UNA,UNAFFILIATED,88.0,3312000.0,AgeOver66,AA117732
ALAMANCE,,ACTIVE,BILLINGSWILLIAMJACKJR,WILLIAMJACKBILLINGSJR,333SUNRISETRL,WHITE,NL,NOTHISPANICorNOTLATINO,UNA,UNAFFILIATED,44.0,9102004.0,Age4165,AA137335
ALAMANCE,,ACTIVE,BILLINGSWILLIAMGENE,WILLIAMGENEBILLINGS,1355PEBBLESTONETRL6,WHITE,UN,UNDESIGNATED,UNA,UNAFFILIATED,69.0,8152012.0,AgeOver66,AA174352
ALAMANCE,,ACTIVE,BILLITERBILLYRAYII,BILLYRAYBILLITERII,3941EULISSRD10,WHITE,NL,NOTHISPANICorNOTLATINO,UNA,UNAFFILIATED,40.0,2162007.0,Age2640,AA148966
ALAMANCE,,ACTIVE,BILLITERDENISEBURGETT,DENISEBURGETTBILLITER,3941EULISSRD10,WHITE,NL,NOTHISPANICorNOTLATINO,UNA,UNAFFILIATED,40.0,5212007.0,Age2640,DN93010
ALAMANCE,,ACTIVE,BILLUPSTYESHIASMITH,TYESHIASMITHBILLUPS,410TRAILONE,BLACKorAFRICANAMERICAN,NL,NOTHISPANICorNOTLATINO,DEM,DEMOCRATIC,38.0,3192004.0,Age2640,AA133426
ALAMANCE,,ACTIVE,BILODEAUMICHAELJOSEPH,,,WHITE,NL,NOTHISPANICorNOTLATINO,UNA,UNAFFILIATED,44.0,1241995.0,Age4165,AA92669
ALAMANCE,,ACTIVE,BILODEAUSUSANMARY,SUSANMARYBILODEAU,,WHITE,NL,NOTHISPANICorNOTLATINO,UNA,UNAFFILIATED,44.0,1031995.0,Age4165,AA92672
ALAMANCE,,ACTIVE,BILSONCHARLASUE,CHARLASUEBILSON,211MEADOWOODDR,WHITE,NL,NOTHISPANICorNOTLATINO,DEM,DEMOCRATIC,59.0,10051987.0,Age4165,AA62411
ALAMANCE,,ACTIVE,BILSONKEVINANTHONY,KEVINANTHONYBILSON,211MEADOWOODDR,WHITE,NL,NOTHISPANICorNOTLATINO,REP,REPUBLICAN,60.0,4031986.0,Age4165,AA59645
ALAMANCE,R,REMOVED,BINDEWALDRICHARDANDREW,RICHARDANDREWBINDEWALD,3762LUTHERCT,WHITE,NL,NOTHISPANICorNOTLATINO,REP,REPUBLICAN,89.0,2021990.0,AgeOver66,AA70554
ALAMANCE,I,INACTIVE,BINDRIMFRANCESANNE,FRANCESANNEBINDRIM,1305TUDORCT,WHITE,NL,NOTHISPANICorNOTLATINO,REP,REPUBLICAN,53.0,6122001.0,Age4165,AA123496
ALAMANCE,,ACTIVE,BINGCARTERE,CARTEREBING,512EHARDENSTH,BLACKorAFRICANAMERICAN,UN,UNDESIGNATED,DEM,DEMOCRATIC,56.0,4112008.0,Age4165,EH461988
ALAMANCE,,ACTIVE,BINGENHEIMERCHARLESGEORGESR,CHARLESGEORGEBINGENHEIMERSR,3911CALVINCT,WHITE,NL,NOTHISPANICorNOTLATINO,DEM,DEMOCRATIC,84.0,3181972.0,AgeOver66,
ALAMANCE,,ACTIVE,BINGENHEIMERCHARLESGEORGEJR,CHARLESGEORGEBINGENHEIMERJR,436MEADOWOODDR,WHITE,NL,NOTHISPANICorNOTLATINO,UNA,UNAFFILIATED,59.0,2021993.0,Age4165,AA86602
ALAMANCE,,ACTIVE,BINGENHEIMERHARRIETIVES,HARRIETIVESBINGENHEIMER,3911CALVINCT,WHITE,NL,NOTHISPANICorNOTLATINO,DEM,DEMOCRATIC,83.0,,AgeOver66,
ALAMANCE,,ACTIVE,BINGENHEIMERLORENENEESE,,436MEADOWOODDR,WHITE,NL,NOTHISPANICorNOTLATINO,REP,REPUBLICAN,57.0,3131978.0,Age4165,
ALAMANCE,I,INACTIVE,BINGENHEIMERNANCFFELIZABETH,NANCFFELIZABETHBINGENHEIMER,3117COMMERCEPLL,WHITE,NL,NOTHISPANICorNOTLATINO,DEM,DEMOCRATIC,28.0,,Age2640,AA159160
ALAMANCE,,ACTIVE,BINGHAMADRIANBLAINE,ADRIANBLAINEBINGHAM,862SSPRINGST,BLACKorAFRICANAMERICAN,NL,NOTHISPANICorNOTLATINO,DEM,DEMOCRATIC,21.0,1052009.0,Age1825,AA163045
ALAMANCE,,ACTIVE,BINGHAMJEFFREYELLIS,JEFFREYELLISBINGHAM,3069OLDHILLSBOROUGHRD,WHITE,NL,NOTHISPANICorNOTLATINO,REP,REPUBLICAN,50.0,1292010.0,Age4165,AA165345
ALAMANCE,R,REMOVED,BINGHAMMICHAELALLENOSWALD,,862SSPRINGST,BLACKorAFRICANAMERICAN,NL,NOTHISPANICorNOTLATINO,UNA,UNAFFILIATED,26.0,6182004.0,Age2640,AA134836
ALAMANCE,,ACTIVE,BINGHAMMOLLISSIELAURA,MOLLISSIELAURABINGHAM,2909ARMFIELDAVE,BLACKorAFRICANAMERICAN,NL,NOTHISPANICorNOTLATINO,DEM,DEMOCRATIC,,5032008.0,Age4165,AA154700
ALAMANCE,,ACTIVE,BINGHAMRETTADEANE,RETTADEANEBINGHAM,416WILDWOODLN,WHITE,NL,NOTHISPANICorNOTLATINO,REP,REPUBLICAN,57.0,4041990.0,Age4165,AA71326
ALAMANCE,,ACTIVE,BINGHAMROBERTSCOTT,ROBERTSCOTTBINGHAM,416WILDWOODLN,WHITE,NL,NOTHISPANICorNOTLATINO,UNA,UNAFFILIATED,59.0,4091990.0,Age4165,AA71461
ALAMANCE,,ACTIVE,BINGHAMTHOMASELLIS,THOMASELLISBINGHAM,3069OLDHILLSBOROUGHRD,WHITE,NL,NOTHISPANICorNOTLATINO,REP,REPUBLICAN,71.0,8211997.0,AgeOver66,AA107222
ALAMANCE,,ACTIVE,BINKLEYALICEDARNELL,ALICEDARNELLBINKLEY,1920WOODLANDAVE,WHITE,NL,NOTHISPANICorNOTLATINO,REP,REPUBLICAN,69.0,7191976.0,AgeOver66,
ALAMANCE,,ACTIVE,BINKLEYCAROLYNBURKE,CAROLYNBURKEBINKLEY,1434EHARDENST,WHITE,NL,NOTHISPANICorNOTLATINO,DEM,DEMOCRATIC,75.0,10291960.0,AgeOver66,
ALAMANCE,I,INACTIVE,BINKLEYJOYKNOWLES,JOYKNOWLESBINKLEY,2206COMBSST,WHITE,NL,NOTHISPANICorNOTLATINO,REP,REPUBLICAN,,9201988.0,Age4165,AA66126
ALAMANCE,,ACTIVE,BINKLEYMYRATERRELL,MYRATERRELLBINKLEY,1438EHARDENST,WHITE,NL,NOTHISPANICorNOTLATINO,REP,REPUBLICAN,56.0,4121991.0,Age4165,AA77002
ALAMANCE,,ACTIVE,BINKLEYPEARLODELL,PEARLODELLBINKLEY,5254SNCHWY49,WHITE,NL,NOTHISPANICorNOTLATINO,DEM,DEMOCRATIC,78.0,9081988.0,AgeOver66,AA65902
ALAMANCE,,ACTIVE,BINKLEYPHILLIPODELL,PHILLIPODELLBINKLEY,1438EHARDENST,WHITE,NL,NOTHISPANICorNOTLATINO,REP,REPUBLICAN,55.0,10021984.0,Age4165,
ALAMANCE,,ACTIVE,BINKLEYREBECCAMCNEILL,REBECCAMCNEILLBINKLEY,4113NCHWY54,WHITE,NL,NOTHISPANICorNOTLATINO,DEM,DEMOCRATIC,66.0,10261968.0,Age4165,
ALAMANCE,,ACTIVE,BINKLEYSANDRASOX,SANDRASOXBINKLEY,5254SNCHWY49,WHITE,NL,NOTHISPANICorNOTLATINO,DEM,DEMOCRATIC,72.0,9081988.0,AgeOver66,AA65903
ALAMANCE,,ACTIVE,BINKLEYSTEVENWILSON,STEVENWILSONBINKLEY,1920WOODLANDAVE,WHITE,NL,NOTHISPANICorNOTLATINO,DEM,DEMOCRATIC,67.0,7191976.0,AgeOver66,
ALAMANCE,I,INACTIVE,BINKLEYTODDLEE,TODDLEEBINKLEY,2206COMBSST,WHITE,NL,NOTHISPANICorNOTLATINO,UNA,UNAFFILIATED,,5071992.0,Age4165,AA81407
ALAMANCE,,ACTIVE,BINNINGKENNETHGLENN,KENNETHGLENNBINNING,2065FIRETOWERRD,WHITE,NL,NOTHISPANICorNOTLATINO,DEM,DEMOCRATIC,,9092002.0,Age4165,AA127672
ALAMANCE,I,INACTIVE,BIONDOANTONIOJAMESJR,ANTONIOJAMESBIONDOJR,2381MILLBROOKDR,WHITE,NL,NOTHISPANICorNOTLATINO,REP,REPUBLICAN,32.0,9132002.0,Age2640,AA127604
ALAMANCE,,ACTIVE,BIRCHTYLERKELLIHER,TYLERKELLIHERBIRCH,,WHITE,NL,NOTHISPANICorNOTLATINO,DEM,DEMOCRATIC,51.0,8192004.0,Age4165,AA135296
ALAMANCE,,ACTIVE,BIRCHETTALBERTEASE,ALBERTEASEBIRCHETT,3942SWANNIECOBLERD,WHITE,NL,NOTHISPANICorNOTLATINO,UNA,UNAFFILIATED,77.0,3262010.0,AgeOver66,AA165627
ALAMANCE,R,REMOVED,BIRCHETTANNIESTJOHN,ANNIESTJOHNBIRCHETT,4503SMITHRD,WHITE,NL,NOTHISPANICorNOTLATINO,UNA,UNAFFILIATED,92.0,5091975.0,AgeOver66,
ALAMANCE,,ACTIVE,BIRCHETTASHLEIGHAUTUMN,ASHLEIGHAUTUMNBIRCHETT,123FORESTWOODCT,WHITE,NL,NOTHISPANICorNOTLATINO,UNA,UNAFFILIATED,21.0,1152010.0,Age1825,AA165306
ALAMANCE,D,DENIED,BIRCHETTCHADWICKALLEN,CHADWICKALLENBIRCHETT,4013MARKWOODDR,WHITE,NL,NOTHISPANICorNOTLATINO,DEM,DEMOCRATIC,33.0,10232003.0,Age2640,AA131861
ALAMANCE,R,REMOVED,BIRCHETTCHADWICKALLEN,CHADWICKALLENBIRCHETT,1012SMAINST,WHITE,NL,NOTHISPANICorNOTLATINO,DEM,DEMOCRATIC,33.0,10072004.0,Age2640,AA139896
ALAMANCE,,ACTIVE,BIRCHETTDAPHNEKERLEY,DAPHNEKERLEYBIRCHETT,123FORESTWOODCT,WHITE,NL,NOTHISPANICorNOTLATINO,UNA,UNAFFILIATED,43.0,8271993.0,Age4165,AA87891
ALAMANCE,,ACTIVE,BIRCHETTLEONARDDYLANSIMPSON,LEONARDDYLANSIMPSONBIRCHETT,,WHITE,NL,NOTHISPANICorNOTLATINO,REP,REPUBLICAN,20.0,8102010.0,Age1825,AA166501
ALAMANCE,,ACTIVE,BIRCHETTROGERGWYN,ROGERGWYNBIRCHETT,4520SMITHRD,WHITE,NL,NOTHISPANICorNOTLATINO,REP,REPUBLICAN,66.0,1071972.0,AgeOver66,
ALAMANCE,,ACTIVE,BIRCHETTRUBYJOAN,RUBYJOANBIRCHETT,3942SWANNIECOBLERD,WHITE,NL,NOTHISPANICorNOTLATINO,REP,REPUBLICAN,67.0,7082005.0,AgeOver66,AA143978
ALAMANCE,,ACTIVE,BIRCHETTVIRGINIASTUTTS,VIRGINIASTUTTSBIRCHETT,,WHITE,NL,NOTHISPANICorNOTLATINO,REP,REPUBLICAN,68.0,4041996.0,AgeOver66,AA99109
ALAMANCE,,ACTIVE,BIRCHETTWESLEYDAVID,WESLEYDAVIDBIRCHETT,814WASHINGTONST,WHITE,NL,NOTHISPANICorNOTLATINO,DEM,DEMOCRATIC,56.0,3081984.0,Age4165,
ALAMANCE,A,ACTIVE,BIRCHETTEAARONHIX,AARONHIXBIRCHETTE,3146BARNETTRD,WHITE,UN,UNDESIGNATED,UNA,UNAFFILIATED,,8292002.0,Age4165,AA127796
ALAMANCE,A,ACTIVE,BIRCHETTEANGELADIANNE,ANGELADIANNEBIRCHETTE,714MARYLANDAVE,WHITE,NL,NOTHISPANICorNOTLATINO,REP,REPUBLICAN,41.0,4041991.0,Age4165,AA77018
ALAMANCE,A,ACTIVE,BIRDDENNISEDWARD,DENNISEDWARDBIRD,528PARKVIEWDR,WHITE,NL,NOTHISPANICorNOTLATINO,UNA,UNAFFILIATED,60.0,10051992.0,Age4165,AA83476
ALAMANCE,A,ACTIVE,BIRDKEITHEDWARD,KEITHEDWARDBIRD,100ROSEMONTST,WHITE,NL,NOTHISPANICorNOTLATINO,UNA,UNAFFILIATED,26.0,9032004.0,Age2640,AA137065
ALAMANCE,A,ACTIVE,BIRDSHEILAANN,SHEILAANNBIRD,528PARKVIEWDR,WHITE,NL,NOTHISPANICorNOTLATINO,UNA,UNAFFILIATED,53.0,2271988.0,Age4165,AA64041
ALAMANCE,A,ACTIVE,BIRDSALLDEBRATHAL,DEBRATHALBIRDSALL,201TRAVISLN,WHITE,NL,NOTHISPANICorNOTLATINO,REP,REPUBLICAN,58.0,10031992.0,Age4165,AA84045
ALAMANCE,A,ACTIVE,BIRDSALLRAYMONDLAWRENCE,RAYMONDLAWRENCEBIRDSALL,201TRAVISLN,WHITE,NL,NOTHISPANICorNOTLATINO,REP,REPUBLICAN,58.0,2061990.0,Age4165,AA70555
ALAMANCE,A,ACTIVE,BIRDWELLWILLIAMALLENJR,WILLIAMALLENBIRDWELLJR,1346COMMONWEALTHCT,BLACKorAFRICANAMERICAN,UN,UNDESIGNATED,DEM,DEMOCRATIC,50.0,9302004.0,Age4165,AA138752
ALAMANCE,A,ACTIVE,BIRDYSHAWHAROLDALTON,HAROLDALTONBIRDYSHAW,2144BORDEAUXDR,WHITE,NL,NOTHISPANICorNOTLATINO,REP,REPUBLICAN,65.0,6112007.0,Age4165,BN116692
ALAMANCE,A,ACTIVE,BIRKETTLORIANNMARIE,,620ATWATERST,WHITE,NL,NOTHISPANICorNOTLATINO,UNA,UNAFFILIATED,,3032010.0,Age4165,AA165502
ALAMANCE,A,ACTIVE,BIRKSKAYLEIGHREBECCA,KAYLEIGHREBECCABIRKS,404WLEBANONAVE,WHITE,NL,NOTHISPANICorNOTLATINO,DEM,DEMOCRATIC,20.0,,Age1825,AA177931
ALAMANCE,A,ACTIVE,BIRMINGHAMBETTYJOHNSON,BETTYJOHNSONBIRMINGHAM,124PEPPERTREEDR,WHITE,NL,NOTHISPANICorNOTLATINO,REP,REPUBLICAN,56.0,11142005.0,Age4165,AA145242
ALAMANCE,A,ACTIVE,BIRMINGHAMELLENFRANCES,ELLENFRANCESBIRMINGHAM,202HIGHLANDAVE,WHITE,UN,UNDESIGNATED,DEM,DEMOCRATIC,21.0,7142009.0,Age1825,AA164367
ALAMANCE,A,ACTIVE,BIRTDARRENJAY,DARRENJAYBIRT,,WHITE,NL,NOTHISPANICorNOTLATINO,UNA,UNAFFILIATED,36.0,7232012.0,Age2640,EH521006
ALAMANCE,A,ACTIVE,BIRTHJAMESERNEST,JAMESERNESTBIRTH,,BLACKorAFRICANAMERICAN,UN,UNDESIGNATED,DEM,DEMOCRATIC,,10042000.0,Age4165,AA120636
ALAMANCE,A,ACTIVE,BISACCIOCOLLEENMARY,COLLEENMARYBISACCIO,210ELEBANONAVE202B,UNDESIGNATED,UN,UNDESIGNATED,UNA,UNAFFILIATED,18.0,10012012.0,Age1825,AA175915
ALAMANCE,D,DENIED,BISCHOFBRIANE,BRIANEBISCHOF,417WESTHAMPTONDR,WHITE,NL,NOTHISPANICorNOTLATINO,UNA,UNAFFILIATED,44.0,6031996.0,Age4165,AA99281
ALAMANCE,A,ACTIVE,BISCHOFFREBEKAKANE,REBEKAKANEBISCHOFF,210WOODALEDR,WHITE,NL,NOTHISPANICorNOTLATINO,REP,REPUBLICAN,21.0,9252012.0,Age1825,AA174910
ALAMANCE,R,REMOVED,BISESEWILLIAMMATTHEW,WILLIAMMATTHEWBISESE,808QUAKERCREEKDR,WHITE,NL,NOTHISPANICorNOTLATINO,UNA,UNAFFILIATED,44.0,5302002.0,Age4165,AA126533
ALAMANCE,A,ACTIVE,BISGROVEEILENEZAIDA,EILENEZAIDABISGROVE,3230PREACHERHOLMESRD,WHITE,NL,NOTHISPANICorNOTLATINO,UNA,UNAFFILIATED,65.0,9242012.0,Age4165,BL121957
ALAMANCE,A,ACTIVE,BISHOPAARONELSTON,AARONELSTONBISHOP,703APPLEST,WHITE,NL,NOTHISPANICorNOTLATINO,UNA,UNAFFILIATED,32.0,3022004.0,Age2640,AA133218
ALAMANCE,I,INACTIVE,BISHOPASHLEYMARIE,ASHLEYMARIEBISHOP,423KERNODLEDRC,WHITE,NL,NOTHISPANICorNOTLATINO,REP,REPUBLICAN,25.0,2282006.0,Age1825,AA146005
ALAMANCE,A,ACTIVE,BISHOPBENJAMINBENSON,BENJAMINBENSONBISHOP,307DRIFTWOODDR,WHITE,NL,NOTHISPANICorNOTLATINO,UNA,UNAFFILIATED,60.0,3291996.0,Age4165,AA98502
ALAMANCE,A,ACTIVE,BISHOPBEVERLYBURKS,BEVERLYBURKSBISHOP,,WHITE,NL,NOTHISPANICorNOTLATINO,REP,REPUBLICAN,74.0,4191996.0,AgeOver66,AA99283
ALAMANCE,A,ACTIVE,BISHOPBOYCEMILLARD,BOYCEMILLARDBISHOP,2154FARRELLRD,WHITE,UN,UNDESIGNATED,REP,REPUBLICAN,,8162012.0,Age4165,AA174197
ALAMANCE,A,ACTIVE,BISHOPBRADFORDHARRISON,BRADFORDHARRISONBISHOP,408SUNLANDDR,WHITE,NL,NOTHISPANICorNOTLATINO,DEM,DEMOCRATIC,35.0,10292008.0,Age2640,AA161967
ALAMANCE,A,ACTIVE,BISHOPCAROLMICHELLE,CAROLMICHELLEBISHOP,410NEWST,BLACKorAFRICANAMERICAN,UN,UNDESIGNATED,DEM,DEMOCRATIC,28.0,9292004.0,Age2640,AA138729
ALAMANCE,A,ACTIVE,BISHOPCONNIEBOSSONS,CONNIEBOSSONSBISHOP,307DRIFTWOODDR,WHITE,NL,NOTHISPANICorNOTLATINO,DEM,DEMOCRATIC,59.0,7201995.0,Age4165,AA94809
ALAMANCE,A,ACTIVE,BISHOPCURTISJ,CURTISJBISHOP,501EDMUNDCT,BLACKorAFRICANAMERICAN,UN,UNDESIGNATED,DEM,DEMOCRATIC,50.0,6232010.0,Age4165,AA166349
ALAMANCE,A,ACTIVE,BISHOPDAVIDLOUIS,DAVIDLOUISBISHOP,,BLACKorAFRICANAMERICAN,NL,NOTHISPANICorNOTLATINO,DEM,DEMOCRATIC,71.0,4132009.0,AgeOver66,DE140709
ALAMANCE,A,ACTIVE,BISHOPERICCLESTON,ERICCLESTONBISHOP,720WHARDENST,WHITE,NL,NOTHISPANICorNOTLATINO,DEM,DEMOCRATIC,,9091983.0,Age4165,
ALAMANCE,A,ACTIVE,BISHOPEVERETTDEWAYNE,EVERETTDEWAYNEBISHOP,1739EWEBBAVE,WHITE,NL,NOTHISPANICorNOTLATINO,DEM,DEMOCRATIC,39.0,6281996.0,Age2640,AA100270
ALAMANCE,A,ACTIVE,BISHOPFRANCESISLEY,FRANCESISLEYBISHOP,720WHARDENST,WHITE,NL,NOTHISPANICorNOTLATINO,DEM,DEMOCRATIC,84.0,5061950.0,AgeOver66,
ALAMANCE,R,REMOVED,BISHOPJOHNCOLONSR,JOHNCOLONBISHOPSR,2802RUSSELLMCPHERSONRD,WHITE,NL,NOTHISPANICorNOTLATINO,REP,REPUBLICAN,92.0,10241942.0,AgeOver66,
ALAMANCE,R,REMOVED,BISHOPJOHNCOLONJR,JOHNCOLONBISHOPJR,2832RUSSELLMCPHERSONRD,WHITE,NL,NOTHISPANICorNOTLATINO,REP,REPUBLICAN,66.0,10051980.0,AgeOver66,
ALAMANCE,A,ACTIVE,BISHOPJOYBETH,JOYBETHBISHOP,2856RUSSELLMCPHERSONRD,WHITE,UN,UNDESIGNATED,REP,REPUBLICAN,41.0,8132008.0,Age4165,AA156179
ALAMANCE,A,ACTIVE,BISHOPKARENPHILLIPS,KARENPHILLIPSBISHOP,4135PREACHERHOLMESRD1,WHITE,NL,NOTHISPANICorNOTLATINO,DEM,DEMOCRATIC,,7081993.0,Age4165,AA87583
ALAMANCE,A,ACTIVE,BISHOPLESLIEJENNIFER,LESLIEJENNIFERBISHOP,3508GARDENRDG3,WHITE,NL,NOTHISPANICorNOTLATINO,REP,REPUBLICAN,33.0,8082005.0,Age2640,AA144178
ALAMANCE,A,ACTIVE,BISHOPMACEOTHOMAS,,1528SMEBANEST814H,BLACKorAFRICANAMERICAN,NL,NOTHISPANICorNOTLATINO,DEM,DEMOCRATIC,42.0,8242009.0,Age4165,AA164591
ALAMANCE,A,ACTIVE,BISHOPMARCENEMILES,,3843DICKEYMILLRD,BLACKorAFRICANAMERICAN,NL,NOTHISPANICorNOTLATINO,DEM,DEMOCRATIC,60.0,10071990.0,Age4165,AA74560
ALAMANCE,R,REMOVED,BISHOPMARYGRAHAM,,417EOLDGLENCOERD,WHITE,NL,NOTHISPANICorNOTLATINO,DEM,DEMOCRATIC,88.0,10271980.0,AgeOver66,
ALAMANCE,R,REMOVED,BISHOPMILDREDROBERTA,,,WHITE,NL,NOTHISPANICorNOTLATINO,REP,REPUBLICAN,90.0,10261968.0,AgeOver66,
ALAMANCE,A,ACTIVE,BISHOPPAULEDWARD,PAULEDWARDBISHOP,712OLDFARMDR,WHITE,NL,NOTHISPANICorNOTLATINO,REP,REPUBLICAN,,9182003.0,Age4165,AA131414
ALAMANCE,I,INACTIVE,BISHOPPHILIPWAYNE,PHILIPWAYNEBISHOP,2856RUSSELLMCPHERSONRD,WHITE,NL,NOTHISPANICorNOTLATINO,REP,REPUBLICAN,39.0,5122000.0,Age2640,AA118105
ALAMANCE,A,ACTIVE,BISHOPRICKYDEAN,RICKYDEANBISHOP,903MILLPOINTEWAY,WHITE,NL,NOTHISPANICorNOTLATINO,REP,REPUBLICAN,55.0,11012006.0,Age4165,AA148115
ALAMANCE,A,ACTIVE,BISHOPROBERTJAMES,ROBERTJAMESBISHOP,7468SNCHWY49,WHITE,UN,UNDESIGNATED,UNA,UNAFFILIATED,53.0,6282006.0,Age4165,BY476040
ALAMANCE,A,ACTIVE,BISHOPRODNEYALLEN,RODNEYALLENBISHOP,2319BUCKINGHAMRD,WHITE,NL,NOTHISPANICorNOTLATINO,REP,REPUBLICAN,51.0,7301993.0,Age4165,AA87584
ALAMANCE,A,ACTIVE,BISHOPROLANDPRESTON,ROLANDPRESTONBISHOP,918DAYAVE,BLACKorAFRICANAMERICAN,UN,UNDESIGNATED,DEM,DEMOCRATIC,29.0,9302008.0,Age2640,AA158204
ALAMANCE,A,ACTIVE,BISHOPRONALDLYNN,RONALDLYNNBISHOP,4135PREACHERHOLMESRD1,WHITE,NL,NOTHISPANICorNOTLATINO,DEM,DEMOCRATIC,62.0,9301990.0,Age4165,AA73906
ALAMANCE,A,ACTIVE,BISHOPSAMANTHAKRISTINE,SAMANTHAKRISTINEBISHOP,,WHITE,NL,NOTHISPANICorNOTLATINO,UNA,UNAFFILIATED,21.0,,Age1825,AA164921
ALAMANCE,A,ACTIVE,BISHOPSAMUELARTHUR,SAMUELARTHURBISHOP,7520WALKINGSTICKLN,WHITE,NL,NOTHISPANICorNOTLATINO,UNA,UNAFFILIATED,,6102004.0,Age4165,AA134837
ALAMANCE,A,ACTIVE,BISHOPSARAJUDITH,SARAJUDITHBISHOP,408SUNLANDDR,WHITE,NL,NOTHISPANICorNOTLATINO,DEM,DEMOCRATIC,35.0,10312008.0,Age2640,BL344048
ALAMANCE,A,ACTIVE,BISHOPSHEILADIANNE,SHEILADIANNEBISHOP,1301KENWOODDR,WHITE,NL,NOTHISPANICorNOTLATINO,DEM,DEMOCRATIC,63.0,4041972.0,Age4165,AA21260
ALAMANCE,A,ACTIVE,BISHOPSINDYSMYLY,SINDYSMYLYBISHOP,903MILLPOINTEWAY,WHITE,NL,NOTHISPANICorNOTLATINO,UNA,UNAFFILIATED,54.0,7192006.0,Age4165,AA146953
ALAMANCE,A,ACTIVE,BISHOPSTEPHENLANE,STEPHENLANEBISHOP,2856RUSSELLMCPHERSONRD,WHITE,NL,NOTHISPANICorNOTLATINO,REP,REPUBLICAN,40.0,8132008.0,Age2640,BY391984
ALAMANCE,A,ACTIVE,BISHOPSTEVENANTHONY,STEVENANTHONYBISHOP,1800SMEBANEST,WHITE,UN,UNDESIGNATED,UNA,UNAFFILIATED,27.0,9302003.0,Age2640,AA131494
ALAMANCE,A,ACTIVE,BISHOPTEDDIELAVANN,TEDDIELAVANNBISHOP,1650HAWFIELDSDR,BLACKorAFRICANAMERICAN,NL,NOTHISPANICorNOTLATINO,DEM,DEMOCRATIC,19.0,10242011.0,,AA169577
ALAMANCE,A,ACTIVE,BISHOPTEVINDEVON,TEVINDEVONBISHOP,,UNDESIGNATED,UN,UNDESIGNATED,DEM,DEMOCRATIC,18.0,9142012.0,,AA174837
ALAMANCE,I,INACTIVE,BISHOPTIMOTHYKYLE,TIMOTHYKYLEBISHOP,3551FORESTDALEDRMI,TWOorMORERACES,NL,NOTHISPANICorNOTLATINO,UNA,UNAFFILIATED,24.0,3122007.0,,AA149061
ALAMANCE,A,ACTIVE,BISHOPTOMMIEJEAN,TOMMIEJEANBISHOP,,BLACKorAFRICANAMERICAN,UN,UNDESIGNATED,UNA,UNAFFILIATED,52.0,4112008.0,Age4165,AA153761
ALAMANCE,A,ACTIVE,BISHOPTYRONEASR,TYRONEABISHOPSR,3843DICKEYMILLRD,BLACKorAFRICANAMERICAN,UN,UNDESIGNATED,DEM,DEMOCRATIC,60.0,2192008.0,Age4165,AA152342
ALAMANCE,A,ACTIVE,BISHOPWILLIAMHENRYIII,WILLIAMHENRYBISHOPIII,1871USHWY702,WHITE,NL,NOTHISPANICorNOTLATINO,DEM,DEMOCRATIC,41.0,5192006.0,Age4165,EH656612
ALAMANCE,A,ACTIVE,BISKOLYNNEWALKER,,657HUNTINGDONST,WHITE,UN,UNDESIGNATED,UNA,UNAFFILIATED,56.0,8012003.0,Age4165,AA130853
ALAMANCE,A,ACTIVE,BISSETTJAMESSCOTT,JAMESSCOTTBISSETT,,WHITE,NL,NOTHISPANICorNOTLATINO,DEM,DEMOCRATIC,55.0,7181990.0,Age4165,AA72434
ALAMANCE,A,ACTIVE,BISSETTSHEREEREADLING,SHEREEREADLINGBISSETT,,WHITE,NL,NOTHISPANICorNOTLATINO,DEM,DEMOCRATIC,55.0,7231990.0,Age4165,AA72435
ALAMANCE,A,ACTIVE,BISSETTEMICHAELWAYNE,,3249HUFFINESDR,WHITE,UN,UNDESIGNATED,REP,REPUBLICAN,55.0,9282004.0,Age4165,AA138610
ALAMANCE,A,ACTIVE,BISSETTESHEILAWARD,SHEILAWARDBISSETTE,3249HUFFINESDR,WHITE,NL,NOTHISPANICorNOTLATINO,REP,REPUBLICAN,,10021990.0,Age4165,AA74467
ALAMANCE,A,ACTIVE,BITONTIBEVERLYCLARK,BEVERLYCLARKBITONTI,,WHITE,NL,NOTHISPANICorNOTLATINO,DEM,DEMOCRATIC,58.0,3272000.0,Age4165,AA117601
ALAMANCE,A,ACTIVE,BITONTIDAVIDJOSEPH,DAVIDJOSEPHBITONTI,,WHITE,NL,NOTHISPANICorNOTLATINO,REP,REPUBLICAN,61.0,8201999.0,Age4165,AA114903
ALAMANCE,A,ACTIVE,BITTLEAMORETDENNIS,AMORETDENNISBITTLE,4070SWANNIECOBLERD,WHITE,NL,NOTHISPANICorNOTLATINO,DEM,DEMOCRATIC,64.0,,Age4165,EH52547
ALAMANCE,A,ACTIVE,BITTLECATHYCOLTRANE,CATHYCOLTRANEBITTLE,6523PATTERSONRD,BLACKorAFRICANAMERICAN,NL,NOTHISPANICorNOTLATINO,DEM,DEMOCRATIC,58.0,3211990.0,Age4165,AA70992
ALAMANCE,A,ACTIVE,BITTLECLAUDEEHRESMANNJR,CLAUDEEHRESMANNBITTLEJR,4070SWANNIECOBLERD,WHITE,NL,NOTHISPANICorNOTLATINO,DEM,DEMOCRATIC,67.0,7022012.0,AgeOver66,EH7014
ALAMANCE,A,ACTIVE,BITTLEDEVOTED,DEVOTEDBITTLE,,BLACKorAFRICANAMERICAN,UN,UNDESIGNATED,DEM,DEMOCRATIC,,7252012.0,Age4165,AA173777
ALAMANCE,A,ACTIVE,BITTLEHERMANHERBERT,HERMANHERBERTBITTLE,6523PATTERSONRD,BLACKorAFRICANAMERICAN,NL,NOTHISPANICorNOTLATINO,DEM,DEMOCRATIC,57.0,,Age4165,AA161475
ALAMANCE,A,ACTIVE,BITTLEKIMIKOSHANDA,KIMIKOSHANDABITTLE,,BLACKorAFRICANAMERICAN,UN,UNDESIGNATED,DEM,DEMOCRATIC,22.0,9142012.0,,AA156535
ALAMANCE,I,INACTIVE,BITTLEMAKEDADENNISE,,1817HARRISDR,BLACKorAFRICANAMERICAN,NL,NOTHISPANICorNOTLATINO,UNA,UNAFFILIATED,29.0,9052001.0,Age2640,AA124336
ALAMANCE,A,ACTIVE,BITTMANNGEORGEWILLIAM,GEORGEWILLIAMBITTMANN,802LEIGHDR,WHITE,NL,NOTHISPANICorNOTLATINO,UNA,UNAFFILIATED,66.0,7301984.0,AgeOver66,
ALAMANCE,A,ACTIVE,BITTMANNNIEVELISNODA,NIEVELISNODABITTMANN,2804BMAPLEAVE,WHITE,NL,NOTHISPANICorNOTLATINO,REP,REPUBLICAN,72.0,4141988.0,AgeOver66,AA64950
ALAMANCE,A,ACTIVE,BITTNERCATHLEENMARIE,CATHLEENMARIEBITTNER,,WHITE,NL,NOTHISPANICorNOTLATINO,UNA,UNAFFILIATED,,10012008.0,Age4165,AA158458
ALAMANCE,A,ACTIVE,BITTNERHANNAHCARTER,HANNAHCARTERBITTNER,2728WOODBURYDR,WHITE,NL,NOTHISPANICorNOTLATINO,REP,REPUBLICAN,32.0,10072004.0,Age2640,AA139899
ALAMANCE,A,ACTIVE,BITTNERJAMESELIAS,JAMESELIASBITTNER,5745BASSMOUNTAINRD,WHITE,NL,NOTHISPANICorNOTLATINO,DEM,DEMOCRATIC,26.0,8222008.0,Age2640,AA156536
ALAMANCE,A,ACTIVE,BITTNERJOHNCARL,JOHNCARLBITTNER,5745BASSMOUNTAINRD,WHITE,NL,NOTHISPANICorNOTLATINO,DEM,DEMOCRATIC,63.0,4182007.0,Age4165,AA149419
ALAMANCE,A,ACTIVE,BITTNERLINDALEE,LINDALEEBITTNER,5739BASSMOUNTAINRD,WHITE,NL,NOTHISPANICorNOTLATINO,DEM,DEMOCRATIC,56.0,4172007.0,Age4165,AA149409
ALAMANCE,A,ACTIVE,BITTNERROBERTEDWARDJR,ROBERTEDWARDBITTNERJR,,WHITE,NL,NOTHISPANICorNOTLATINO,UNA,UNAFFILIATED,42.0,9272008.0,Age4165,AA158206
ALAMANCE,A,ACTIVE,BITTNERSTEPHANIEWOOD,STEPHANIEWOODBITTNER,2526CAMBRIDGERD,WHITE,UN,UNDESIGNATED,UNA,UNAFFILIATED,23.0,4082008.0,,AA153307
ALAMANCE,A,ACTIVE,BITTNERWILLIAMJOHN,WILLIAMJOHNBITTNER,2728WOODBURYDR,WHITE,UN,UNDESIGNATED,UNA,UNAFFILIATED,34.0,10072004.0,Age2640,AA139901
ALAMANCE,A,ACTIVE,BIVENSAMYSHELL,AMYSHELLBIVENS,1610FINNSBURYDR,WHITE,NL,NOTHISPANICorNOTLATINO,DEM,DEMOCRATIC,,8261997.0,Age4165,AA107288
ALAMANCE,A,ACTIVE,BIVENSARGIEHINSHAW,ARGIEHINSHAWBIVENS,1335SMAINST,WHITE,NL,NOTHISPANICorNOTLATINO,DEM,DEMOCRATIC,93.0,,AgeOver66,AA161489
ALAMANCE,R,REMOVED,BIVENSCHARLOTTEPRUITT,CHARLOTTEPRUITTBIVENS,3767WADECOBLEDR?,WHITE,NL,NOTHISPANICorNOTLATINO,REP,REPUBLICAN,95.0,1231991.0,AgeOver66,AA76520
ALAMANCE,A,ACTIVE,BIVENSCORRIEA,CORRIEABIVENS,2103YOUNGST,WHITE,UN,UNDESIGNATED,DEM,DEMOCRATIC,29.0,9062006.0,Age2640,AA147369
ALAMANCE,A,ACTIVE,BIVENSDANIELJOHN,DANIELJOHNBIVENS,1934HUNTLEYWAY,WHITE,NL,NOTHISPANICorNOTLATINO,UNA,UNAFFILIATED,41.0,6232010.0,Age4165,BY231064
ALAMANCE,A,ACTIVE,BIVINSANTOINEQ,ANTOINEQBIVINS,668LAKESIDEAVE,BLACKorAFRICANAMERICAN,UN,UNDESIGNATED,DEM,DEMOCRATIC,39.0,4102012.0,Age2640,AA171296
ALAMANCE,A,ACTIVE,BIVINSBARBARALEWEY,BARBARALEWEYBIVINS,4845SNCHWY49,WHITE,UN,UNDESIGNATED,REP,REPUBLICAN,77.0,10071972.0,AgeOver66,
ALAMANCE,A,ACTIVE,BIVINSCHARLESFISCHER,CHARLESFISCHERBIVINS,4083RURALRETREATRD,WHITE,NL,NOTHISPANICorNOTLATINO,DEM,DEMOCRATIC,80.0,4201968.0,AgeOver66,
ALAMANCE,A,ACTIVE,BIVINSCORINNEELIZABETH,CORINNEELIZABETHBIVINS,509CLIMAXST,WHITE,NL,NOTHISPANICorNOTLATINO,REP,REPUBLICAN,61.0,8041971.0,Age4165,
ALAMANCE,A,ACTIVE,BIVINSDEBBIENEWTON,DEBBIENEWTONBIVINS,2127CHARLESAVE,WHITE,NL,NOTHISPANICorNOTLATINO,DEM,DEMOCRATIC,39.0,10051992.0,Age2640,AA84562
ALAMANCE,R,REMOVED,BIVINSEMILYBLACKENBECKL,EMILYBLACKENBECKLBIVINS,2109CHARLESAVE,WHITE,NL,NOTHISPANICorNOTLATINO,REP,REPUBLICAN,44.0,3021992.0,Age4165,AA80068
ALAMANCE,R,REMOVED,BIVINSKENNETHMATTHEW,KENNETHMATTHEWBIVINS,2109CHARLESAVE,WHITE,NL,NOTHISPANICorNOTLATINO,REP,REPUBLICAN,43.0,12041987.0,Age4165,AA62879
ALAMANCE,A,ACTIVE,BIVINSKENNETHRANDALL,KENNETHRANDALLBIVINS,,WHITE,UN,UNDESIGNATED,REP,REPUBLICAN,68.0,3121980.0,AgeOver66,
ALAMANCE,A,ACTIVE,BIVINSKIRKRANDALL,KIRKRANDALLBIVINS,,WHITE,NL,NOTHISPANICorNOTLATINO,UNA,UNAFFILIATED,41.0,4051990.0,Age4165,AA71107
ALAMANCE,A,ACTIVE,BIVINSLAURACANADY,LAURACANADYBIVINS,,WHITE,NL,NOTHISPANICorNOTLATINO,DEM,DEMOCRATIC,41.0,6252009.0,Age4165,CJ72725
ALAMANCE,R,REMOVED,BIVINSLOISGRIZZARD,,4083RURALRETREATRD,WHITE,NL,NOTHISPANICorNOTLATINO,DEM,DEMOCRATIC,76.0,4201968.0,AgeOver66,
ALAMANCE,A,ACTIVE,BIVINSLYNDSIENICHOLLE,,,WHITE,UN,UNDESIGNATED,REP,REPUBLICAN,22.0,2012008.0,,AA152028
ALAMANCE,R,REMOVED,BIVINSMICHAELTODD,,1336EMAINSTC,WHITE,NL,NOTHISPANICorNOTLATINO,REP,REPUBLICAN,,3112002.0,Age4165,AA125819
ALAMANCE,A,ACTIVE,BIVINSRUTHLOY,RUTHLOYBIVINS,327MOSERST,WHITE,NL,NOTHISPANICorNOTLATINO,REP,REPUBLICAN,93.0,10281944.0,AgeOver66,
ALAMANCE,R,REMOVED,BIVINSWILLIAMHAYWOODJR,WILLIAMHAYWOODBIVINSJR,327MOSERST,WHITE,NL,NOTHISPANICorNOTLATINO,REP,REPUBLICAN,94.0,10261946.0,AgeOver66,
ALAMANCE,A,ACTIVE,BIXBYELAINECLAIRE,ELAINECLAIREBIXBY,,WHITE,NL,NOTHISPANICorNOTLATINO,UNA,UNAFFILIATED,38.0,9262005.0,Age2640,AA144762
ALAMANCE,A,ACTIVE,BIXBYWALTERROBERT,WALTERROBERTBIXBY,,WHITE,NL,NOTHISPANICorNOTLATINO,UNA,UNAFFILIATED,43.0,9272005.0,Age4165,AA144763
ALAMANCE,A,ACTIVE,BIZONFRANKPAUL,FRANKPAULBIZON,3056TIMBERLYNEDR,WHITE,NL,NOTHISPANICorNOTLATINO,UNA,UNAFFILIATED,69.0,7171976.0,AgeOver66,
ALAMANCE,A,ACTIVE,BIZONMARYCARTER,,40GRANITECT,WHITE,NL,NOTHISPANICorNOTLATINO,UNA,UNAFFILIATED,69.0,7171976.0,AgeOver66,
ALAMANCE,A,ACTIVE,BIZZELLIMANISHAMAE,IMANISHAMAEBIZZELL,,BLACKorAFRICANAMERICAN,UN,UNDESIGNATED,DEM,DEMOCRATIC,20.0,10022012.0,,AA176066
ALAMANCE,D,DENIED,BIZZELLJENNIFERDANIELLE,JENNIFERDANIELLEBIZZELL,206NFISHERST,BLACKorAFRICANAMERICAN,NL,NOTHISPANICorNOTLATINO,DEM,DEMOCRATIC,35.0,1292003.0,Age2640,AA129460
ALAMANCE,R,REMOVED,BIZZELLSUSAN,SUSANBIZZELL,181WILKINSRD161,BLACKorAFRICANAMERICAN,UN,UNDESIGNATED,DEM,DEMOCRATIC,,9302008.0,Age4165,AA158207
ALAMANCE,A,ACTIVE,BJORKDAVIDC,DAVIDCBJORK,216FIELDSTONEDR,WHITE,NL,NOTHISPANICorNOTLATINO,REP,REPUBLICAN,,4291996.0,Age4165,AA99285
ALAMANCE,A,ACTIVE,BJORKHEATHERCRAWFORD,HEATHERCRAWFORDBJORK,216FIELDSTONEDR,WHITE,NL,NOTHISPANICorNOTLATINO,REP,REPUBLICAN,42.0,4251996.0,Age4165,AA99286
ALAMANCE,A,ACTIVE,BJORKLUNDDANIELJEREMY,DANIELJEREMYBJORKLUND,5101MRSWHITELN,WHITE,NL,NOTHISPANICorNOTLATINO,UNA,UNAFFILIATED,43.0,5011997.0,Age4165,AA106057
ALAMANCE,A,ACTIVE,BJORKQUISTVIRGINIAANN,VIRGINIAANNBJORKQUIST,716DEERFIELDTRCE,WHITE,UN,UNDESIGNATED,UNA,UNAFFILIATED,26.0,,Age2640,DB171917
ALAMANCE,I,INACTIVE,BLAAUWWILLIAMEDWIN,WILLIAMEDWINBLAAUW,1320EMAINST,WHITE,NL,NOTHISPANICorNOTLATINO,UNA,UNAFFILIATED,58.0,9121990.0,Age4165,AA73201
ALAMANCE,A,ACTIVE,BLACKANGELALEWIS,ANGELALEWISBLACK,1351HAWRIVERHOPEDALERD,WHITE,UN,UNDESIGNATED,REP,REPUBLICAN,42.0,,Age4165,AA142020
ALAMANCE,A,ACTIVE,BLACKANITACHRISTOPHER,ANITACHRISTOPHERBLACK,904RUMARST,WHITE,NL,NOTHISPANICorNOTLATINO,REP,REPUBLICAN,57.0,1081979.0,Age4165,
ALAMANCE,A,ACTIVE,BLACKANTHONYKEITH,ANTHONYKEITHBLACK,1740LAURIEDR,WHITE,UN,UNDESIGNATED,REP,REPUBLICAN,,12231993.0,Age4165,AA88952
ALAMANCE,A,ACTIVE,BLACKANTHONYMICHAEL,ANTHONYMICHAELBLACK,,WHITE,NL,NOTHISPANICorNOTLATINO,DEM,DEMOCRATIC,26.0,9082012.0,Age2640,AA135185
ALAMANCE,A,ACTIVE,BLACKAPRILDARLENE,APRILDARLENEBLACK,802SARAHWILLIAMSAVE,BLACKorAFRICANAMERICAN,NL,NOTHISPANICorNOTLATINO,DEM,DEMOCRATIC,27.0,9142012.0,Age2640,EH906378
ALAMANCE,R,REMOVED,BLACKBARRYLYNN,BARRYLYNNBLACK,2528CHURCHILLDR,WHITE,NL,NOTHISPANICorNOTLATINO,REP,REPUBLICAN,55.0,10041976.0,Age4165,
ALAMANCE,A,ACTIVE,BLACKBETSYKIRKMAN,BETSYKIRKMANBLACK,717WARDST,WHITE,NL,NOTHISPANICorNOTLATINO,REP,REPUBLICAN,76.0,8251956.0,AgeOver66,
ALAMANCE,A,ACTIVE,BLACKBEVERLYJOANNE,BEVERLYJOANNEBLACK,3194ALTAMAHAWRACETRACKRD,WHITE,NL,NOTHISPANICorNOTLATINO,REP,REPUBLICAN,35.0,7262011.0,Age2640,AA100015
ALAMANCE,R,REMOVED,BLACKBOYDLEE,BOYDLEEBLACK,717WARDST,WHITE,NL,NOTHISPANICorNOTLATINO,REP,REPUBLICAN,82.0,8251956.0,AgeOver66,
ALAMANCE,A,ACTIVE,BLACKBRANDONALBERT,BRANDONALBERTBLACK,2771SNCHWY87,WHITE,UN,UNDESIGNATED,LIB,LIBERTARIAN,33.0,8132003.0,Age2640,AA131022
ALAMANCE,A,ACTIVE,BLACKBRYANDAVID,BRYANDAVIDBLACK,4093SALEMCHURCHRD,WHITE,NL,NOTHISPANICorNOTLATINO,REP,REPUBLICAN,40.0,5092005.0,Age2640,AA143705
ALAMANCE,A,ACTIVE,BLACKCANDICENELSON,CANDICENELSONBLACK,408COBBLESTONECT,WHITE,NL,NOTHISPANICorNOTLATINO,REP,REPUBLICAN,53.0,3311980.0,Age4165,
ALAMANCE,R,REMOVED,BLACKCATHYPARRISH,CATHYPARRISHBLACK,1508ROGERSRD,WHITE,NL,NOTHISPANICorNOTLATINO,DEM,DEMOCRATIC,56.0,3281974.0,Age4165,
ALAMANCE,A,ACTIVE,BLACKCHARLOTTEMARIE,CHARLOTTEMARIEBLACK,3401WGREENSBOROCHAPELHILLRD,WHITE,NL,NOTHISPANICorNOTLATINO,REP,REPUBLICAN,29.0,8272001.0,Age2640,AA124419
ALAMANCE,A,ACTIVE,BLACKCHRISTINAJO,CHRISTINAJOBLACK,234WESTRIDGEDR,WHITE,UN,UNDESIGNATED,UNA,UNAFFILIATED,22.0,2012008.0,,AA152029
ALAMANCE,A,ACTIVE,BLACKCLYDEEUGENEJR,CLYDEEUGENEBLACKJR,1928HOLLANDAVE,WHITE,NL,NOTHISPANICorNOTLATINO,DEM,DEMOCRATIC,89.0,5141960.0,AgeOver66,
ALAMANCE,A,ACTIVE,BLACKCLYDEEUGENEIII,CLYDEEUGENEBLACKIII,2433STRATFORDOAKSCT,WHITE,NL,NOTHISPANICorNOTLATINO,DEM,DEMOCRATIC,54.0,7191976.0,Age4165,
ALAMANCE,A,ACTIVE,BLACKCOLE,COLEBLACK,852SMAINST19,WHITE,NL,NOTHISPANICorNOTLATINO,DEM,DEMOCRATIC,36.0,4192011.0,Age2640,AA168399
ALAMANCE,A,ACTIVE,BLACKDAKODACHASE,DAKODACHASEBLACK,8102BLACKHADLEYLN,WHITE,UN,UNDESIGNATED,REP,REPUBLICAN,23.0,9232008.0,,AA158013
ALAMANCE,D,DENIED,BLACKDAVIDLEONJR,DAVIDLEONBLACKJR,204SNINTHST,WHITE,NL,NOTHISPANICorNOTLATINO,DEM,DEMOCRATIC,42.0,2192007.0,Age4165,AA148944
ALAMANCE,A,ACTIVE,BLACKDAVIDALLEN,DAVIDALLENBLACK,408COBBLESTONECT,WHITE,NL,NOTHISPANICorNOTLATINO,REP,REPUBLICAN,54.0,10021980.0,Age4165,
ALAMANCE,A,ACTIVE,BLACKDAVIDPETE,DAVIDPETEBLACK,2310WOODRIDGERD,WHITE,NL,NOTHISPANICorNOTLATINO,DEM,DEMOCRATIC,74.0,1161978.0,AgeOver66,
ALAMANCE,A,ACTIVE,BLACKDAVIDLESLIE,DAVIDLESLIEBLACK,6150COUNTRYHIGHLANDLN,UNDESIGNATED,UN,UNDESIGNATED,UNA,UNAFFILIATED,,7022010.0,Age4165,DE233338
ALAMANCE,A,ACTIVE,BLACKDEBORAHELAINE,DEBORAHELAINEBLACK,2206SOMERSAVE,WHITE,UN,UNDESIGNATED,DEM,DEMOCRATIC,57.0,1161984.0,Age4165,
ALAMANCE,A,ACTIVE,BLACKDIANEGASTON,DIANEGASTONBLACK,,WHITE,NL,NOTHISPANICorNOTLATINO,DEM,DEMOCRATIC,66.0,3181970.0,AgeOver66,
ALAMANCE,R,REMOVED,BLACKDONALDLEE,DONALDLEEBLACK,1508ROGERSRD,WHITE,NL,NOTHISPANICorNOTLATINO,DEM,DEMOCRATIC,58.0,3301972.0,Age4165,
ALAMANCE,A,ACTIVE,BLACKDONNAWEST,DONNAWESTBLACK,8102BLACKHADLEYLN,WHITE,NL,NOTHISPANICorNOTLATINO,REP,REPUBLICAN,53.0,3261980.0,Age4165,
ALAMANCE,A,ACTIVE,BLACKEULALONG,EULALONGBLACK,210JONESST,WHITE,NL,NOTHISPANICorNOTLATINO,REP,REPUBLICAN,85.0,10071978.0,AgeOver66,AA26271
ALAMANCE,A,ACTIVE,BLACKFELICIAMAE,FELICIAMAEBLACK,801TROLLINGWOODHAWFIELDSRD77,BLACKorAFRICANAMERICAN,UN,UNDESIGNATED,DEM,DEMOCRATIC,29.0,6192012.0,Age2640,AA173778
ALAMANCE,A,ACTIVE,BLACKFLOYDJAMES,FLOYDJAMESBLACK,904RUMARST,WHITE,NL,NOTHISPANICorNOTLATINO,REP,REPUBLICAN,57.0,1081979.0,Age4165,
ALAMANCE,A,ACTIVE,BLACKFLOYDKELLY,FLOYDKELLYBLACK,504STOKESRD,WHITE,NL,NOTHISPANICorNOTLATINO,DEM,DEMOCRATIC,80.0,3211972.0,AgeOver66,
ALAMANCE,A,ACTIVE,BLACKFREDERICKWILLIAM,FREDERICKWILLIAMBLACK,2406PARRISHST,WHITE,NL,NOTHISPANICorNOTLATINO,REP,REPUBLICAN,,3062003.0,Age4165,AA129646
ALAMANCE,A,ACTIVE,BLACKGEORGELADOW,GEORGELADOWBLACK,3919MUHLENBERGCT,WHITE,NL,NOTHISPANICorNOTLATINO,UNA,UNAFFILIATED,87.0,3132003.0,AgeOver66,AA129813
ALAMANCE,A,ACTIVE,BLACKGLADYSCHANDLER,GLADYSCHANDLERBLACK,1928HOLLANDAVE,WHITE,NL,NOTHISPANICorNOTLATINO,REP,REPUBLICAN,87.0,5141960.0,AgeOver66,
ALAMANCE,A,ACTIVE,BLACKGLORIAYOUNG,GLORIAYOUNGBLACK,1007EDITHST,WHITE,NL,NOTHISPANICorNOTLATINO,UNA,UNAFFILIATED,,1291990.0,Age4165,AA70496
ALAMANCE,A,ACTIVE,BLACKGRACEWILLIAMSON,GRACEWILLIAMSONBLACK,2310WOODRIDGERD,WHITE,NL,NOTHISPANICorNOTLATINO,DEM,DEMOCRATIC,67.0,1021986.0,AgeOver66,AA59368
ALAMANCE,A,ACTIVE,BLACKHANNAHMACKENZIE,HANNAHMACKENZIEBLACK,3598LIBERTYDR,WHITE,NL,NOTHISPANICorNOTLATINO,UNA,UNAFFILIATED,19.0,8122011.0,,AA169088
ALAMANCE,R,REMOVED,BLACKHAZELLOUISEGRUBB,HAZELLOUISEGRUBBBLACK,504STOKESRD,WHITE,NL,NOTHISPANICorNOTLATINO,DEM,DEMOCRATIC,77.0,,AgeOver66,
ALAMANCE,A,ACTIVE,BLACKHEATHERELISE,HEATHERELISEBLACK,6150COUNTRYHIGHLANDLN,WHITE,NL,NOTHISPANICorNOTLATINO,REP,REPUBLICAN,18.0,1172012.0,,AA170108
ALAMANCE,A,ACTIVE,BLACKHOWARDTYLERJR,HOWARDTYLERBLACKJR,349SPRINGVALLEYDR,WHITE,UN,UNDESIGNATED,UNA,UNAFFILIATED,57.0,9262012.0,Age4165,AA175326
ALAMANCE,A,ACTIVE,BLACKJAMESROBERT,JAMESROBERTBLACK,422LAKESIDEAVE,WHITE,NL,NOTHISPANICorNOTLATINO,REP,REPUBLICAN,69.0,,AgeOver66,AA103455
ALAMANCE,A,ACTIVE,BLACKJASONPHILIP,JASONPHILIPBLACK,6002HOLTCROSSRD,WHITE,NL,NOTHISPANICorNOTLATINO,LIB,LIBERTARIAN,39.0,,Age2640,AA96232
ALAMANCE,R,REMOVED,BLACKJEFFLYNN,JEFFLYNNBLACK,880NNCHWY87,WHITE,NL,NOTHISPANICorNOTLATINO,REP,REPUBLICAN,,3071980.0,Age4165,
ALAMANCE,A,ACTIVE,BLACKJENNIFERSUZANNE,JENNIFERSUZANNEBLACK,2346GRANDOAKSBLVD,WHITE,NL,NOTHISPANICorNOTLATINO,REP,REPUBLICAN,31.0,10032004.0,Age2640,AA139350
ALAMANCE,D,DENIED,BLACKJERRYLEE,JERRYLEEBLACK,734BURLINGTONAVE,WHITE,NL,NOTHISPANICorNOTLATINO,REP,REPUBLICAN,55.0,7081997.0,Age4165,AA106730
ALAMANCE,A,ACTIVE,BLACKJOANPARKER,JOANPARKERBLACK,3961WHITELEVELRD,WHITE,NL,NOTHISPANICorNOTLATINO,DEM,DEMOCRATIC,68.0,2011996.0,AgeOver66,AA97205
ALAMANCE,A,ACTIVE,BLACKJOHNMARTIN,JOHNMARTINBLACK,3961WHITELEVELRD,WHITE,NL,NOTHISPANICorNOTLATINO,DEM,DEMOCRATIC,78.0,2011996.0,AgeOver66,AA97206
ALAMANCE,A,ACTIVE,BLACKJOHNMARK,JOHNMARKBLACK,722BURLINGTONAVE,WHITE,NL,NOTHISPANICorNOTLATINO,DEM,DEMOCRATIC,60.0,12281971.0,Age4165,
ALAMANCE,A,ACTIVE,BLACKJOHNROBERT,JOHNROBERTBLACK,734WESTBROOKDR,WHITE,NL,NOTHISPANICorNOTLATINO,DEM,DEMOCRATIC,60.0,1111979.0,Age4165,
ALAMANCE,I,INACTIVE,BLACKJOHNLAWRENCE,JOHNLAWRENCEBLACK,1528SMEBANEST201,WHITE,UN,UNDESIGNATED,DEM,DEMOCRATIC,27.0,3272003.0,Age2640,AA129895
ALAMANCE,A,ACTIVE,BLACKJONSCOTT,JONSCOTTBLACK,1007EDITHST,WHITE,NL,NOTHISPANICorNOTLATINO,UNA,UNAFFILIATED,,3282007.0,Age4165,AA149211
ALAMANCE,A,ACTIVE,BLACKJUNEANN,JUNEANNBLACK,6150COUNTRYHIGHLANDLN,WHITE,NL,NOTHISPANICorNOTLATINO,UNA,UNAFFILIATED,51.0,7022010.0,Age4165,DE233337
ALAMANCE,A,ACTIVE,BLACKJUSTINMICHAEL,JUSTINMICHAELBLACK,2346GRANDOAKSBLVD,WHITE,NL,NOTHISPANICorNOTLATINO,DEM,DEMOCRATIC,32.0,9292000.0,Age2640,AA120367
ALAMANCE,A,ACTIVE,BLACKKAYSPANN,KAYSPANNBLACK,1901BROADWAYDR,WHITE,NL,NOTHISPANICorNOTLATINO,UNA,UNAFFILIATED,80.0,4081986.0,AgeOver66,AA59953
ALAMANCE,A,ACTIVE,BLACKKENNETHDARRELL,KENNETHDARRELLBLACK,8102BLACKHADLEYLN,WHITE,NL,NOTHISPANICorNOTLATINO,REP,REPUBLICAN,53.0,3261980.0,Age4165,
ALAMANCE,A,ACTIVE,BLACKKIMBERLYLAMBERT,KIMBERLYLAMBERTBLACK,2406PARRISHST,WHITE,NL,NOTHISPANICorNOTLATINO,REP,REPUBLICAN,42.0,10281998.0,Age4165,AA112542
ALAMANCE,I,INACTIVE,BLACKKIMBERLYANN,KIMBERLYANNBLACK,4022BURCHBRIDGERD,WHITE,NL,NOTHISPANICorNOTLATINO,REP,REPUBLICAN,,,Age4165,AA121330
ALAMANCE,A,ACTIVE,BLACKKOLTONBRETT,KOLTONBRETTBLACK,8102BLACKHADLEYLN,WHITE,NL,NOTHISPANICorNOTLATINO,REP,REPUBLICAN,21.0,2062012.0,,AA170278
ALAMANCE,A,ACTIVE,BLACKLAKEITHALEMAR,LAKEITHALEMARBLACK,1717STRATFORDRD,BLACKorAFRICANAMERICAN,NL,NOTHISPANICorNOTLATINO,DEM,DEMOCRATIC,21.0,8202012.0,,AA174311
ALAMANCE,A,ACTIVE,BLACKLISAWRENN,,708ALAMANCEST,WHITE,NL,NOTHISPANICorNOTLATINO,UNA,UNAFFILIATED,44.0,5122003.0,Age4165,AA130267
ALAMANCE,A,ACTIVE,BLACKLISATHOMPSON,,430DEVONSHIRELN,WHITE,NL,NOTHISPANICorNOTLATINO,DEM,DEMOCRATIC,54.0,8051980.0,Age4165,
ALAMANCE,A,ACTIVE,BLACKLORIANN,,2870CREEKPOINTRD,WHITE,NL,NOTHISPANICorNOTLATINO,UNA,UNAFFILIATED,,12012011.0,Age4165,AA169789
ALAMANCE,R,REMOVED,BLACKMARYFLORENCE,,1654WYNNWOODDR,UNDESIGNATED,UN,UNDESIGNATED,UNA,UNAFFILIATED,81.0,7142004.0,AgeOver66,AA136892
ALAMANCE,A,ACTIVE,BLACKMARYLOVVORN,,3919MUHLENBERGCT,WHITE,UN,UNDESIGNATED,UNA,UNAFFILIATED,85.0,3132003.0,AgeOver66,AA129814
ALAMANCE,A,ACTIVE,BLACKMARYKATHERINE,,430DEVONSHIRELN,WHITE,NL,NOTHISPANICorNOTLATINO,REP,REPUBLICAN,24.0,1112008.0,,AA151816
ALAMANCE,R,REMOVED,BLACKMELANIE,,413SHOFFNERST,WHITE,NL,NOTHISPANICorNOTLATINO,DEM,DEMOCRATIC,31.0,8062004.0,Age2640,AA135186
ALAMANCE,A,ACTIVE,BLACKMELINDAKAY,,1916MALONERDJ,WHITE,NL,NOTHISPANICorNOTLATINO,REP,REPUBLICAN,,2271992.0,Age4165,AA79845
ALAMANCE,A,ACTIVE,BLACKMICHAELDAL,,3163MAPLEAVE3,WHITE,NL,NOTHISPANICorNOTLATINO,UNA,UNAFFILIATED,66.0,6202001.0,AgeOver66,AA123716
ALAMANCE,A,ACTIVE,BLACKMUNAISSA,MUNAISSABLACK,349SPRINGVALLEYDR,WHITE,UN,UNDESIGNATED,REP,REPUBLICAN,,,Age4165,AA176946
ALAMANCE,A,ACTIVE,BLACKNORAKATHERINE,NORAKATHERINEBLACK,2771SNCHWY87,WHITE,NL,NOTHISPANICorNOTLATINO,LIB,LIBERTARIAN,31.0,8132003.0,Age2640,AA131023
ALAMANCE,A,ACTIVE,BLACKNORMANALEXANDER,NORMANALEXANDERBLACK,635WENDYDR,TWOorMORERACES,NL,NOTHISPANICorNOTLATINO,REP,REPUBLICAN,65.0,9062005.0,Age4165,AA144574
ALAMANCE,A,ACTIVE,BLACKPATRICIAFOSTER,PATRICIAFOSTERBLACK,1924HOLLANDAVE,WHITE,NL,NOTHISPANICorNOTLATINO,DEM,DEMOCRATIC,52.0,3211978.0,Age4165,AA15924
ALAMANCE,A,ACTIVE,BLACKRHONDAKEESEE,RHONDAKEESEEBLACK,722BURLINGTONAVE,WHITE,NL,NOTHISPANICorNOTLATINO,DEM,DEMOCRATIC,60.0,9271976.0,Age4165,
ALAMANCE,R,REMOVED,BLACKROBERTTHOMAS,ROBERTTHOMASBLACK,1654WYNNWOODDR,UNDESIGNATED,UN,UNDESIGNATED,REP,REPUBLICAN,82.0,7142004.0,AgeOver66,AA136894
ALAMANCE,R,REMOVED,BLACKROSEMARIE,ROSEMARIEBLACK,635WENDYDR,WHITE,NL,NOTHISPANICorNOTLATINO,REP,REPUBLICAN,63.0,6272005.0,Age4165,AA143898
ALAMANCE,I,INACTIVE,BLACKRYANROBERT,RYANROBERTBLACK,,WHITE,NL,NOTHISPANICorNOTLATINO,UNA,UNAFFILIATED,24.0,8082008.0,,AA156153
ALAMANCE,A,ACTIVE,BLACKSAMANTHAMARIE,SAMANTHAMARIEBLACK,,WHITE,UN,UNDESIGNATED,DEM,DEMOCRATIC,24.0,6072006.0,,AA146663
ALAMANCE,A,ACTIVE,BLACKSARAHELIZABETHGREES,SARAHELIZABETHGREESBLACK,4093SALEMCHURCHRD,WHITE,NL,NOTHISPANICorNOTLATINO,REP,REPUBLICAN,34.0,5092005.0,Age2640,AA143706
ALAMANCE,I,INACTIVE,BLACKSARAHELIZABETH,SARAHELIZABETHBLACK,2433STRATFORDOAKSCT,WHITE,NL,NOTHISPANICorNOTLATINO,DEM,DEMOCRATIC,28.0,9292004.0,Age2640,AA138793
ALAMANCE,A,ACTIVE,BLACKSHIRLEYFOSTER,SHIRLEYFOSTERBLACK,3401WGREENSBOROCHAPELHILLRD,WHITE,NL,NOTHISPANICorNOTLATINO,DEM,DEMOCRATIC,51.0,4181991.0,Age4165,AA77008
ALAMANCE,A,ACTIVE,BLACKSTEPHENCHANDLER,STEPHENCHANDLERBLACK,1924HOLLANDAVE,WHITE,NL,NOTHISPANICorNOTLATINO,REP,REPUBLICAN,52.0,3151978.0,Age4165,
ALAMANCE,A,ACTIVE,BLACKSTEPHENCHANDLERJR,STEPHENCHANDLERBLACKJR,1924HOLLANDAVE,WHITE,NL,NOTHISPANICorNOTLATINO,REP,REPUBLICAN,25.0,8262005.0,,AA144455
ALAMANCE,A,ACTIVE,BLACKSUSANBRASWELL,SUSANBRASWELLBLACK,734WESTBROOKDR,WHITE,NL,NOTHISPANICorNOTLATINO,DEM,DEMOCRATIC,58.0,1091979.0,Age4165,
ALAMANCE,A,ACTIVE,BLACKSUZANNAMARIE,SUZANNAMARIEBLACK,1364EMAINST,WHITE,NL,NOTHISPANICorNOTLATINO,UNA,UNAFFILIATED,,10312008.0,Age4165,AA162492
ALAMANCE,A,ACTIVE,BLACKTAMMYJO,TAMMYJOBLACK,234WESTRIDGEDR,WHITE,NL,NOTHISPANICorNOTLATINO,REP,REPUBLICAN,,7191994.0,Age4165,AA90593
ALAMANCE,I,INACTIVE,BLACKTIARASHANEL,TIARASHANELBLACK,2437FOXFIRELN,BLACKorAFRICANAMERICAN,UN,UNDESIGNATED,DEM,DEMOCRATIC,20.0,3112010.0,,AA165748
ALAMANCE,A,ACTIVE,BLACKTREVORRYAN,TREVORRYANBLACK,349SPRINGVALLEYDR,WHITE,NL,NOTHISPANICorNOTLATINO,UNA,UNAFFILIATED,22.0,7242008.0,,AA155810
ALAMANCE,A,ACTIVE,BLACKVICTORIAANN,VICTORIAANNBLACK,323GLENRAVENRD,WHITE,NL,NOTHISPANICorNOTLATINO,DEM,DEMOCRATIC,60.0,5251990.0,Age4165,AA71901
ALAMANCE,A,ACTIVE,BLACKWAELSTONTANNER,WAELSTONTANNERBLACK,223WCOLLEGEAVE223,WHITE,UN,UNDESIGNATED,REP,REPUBLICAN,21.0,5082012.0,,AN163034
ALAMANCE,I,INACTIVE,BLACKWESLEYEUGENE,WESLEYEUGENEBLACK,3317MTWILLENRD,WHITE,NL,NOTHISPANICorNOTLATINO,REP,REPUBLICAN,44.0,1092006.0,Age4165,AA145527
ALAMANCE,A,ACTIVE,BLACKWILLIAMGENE,WILLIAMGENEBLACK,234WESTRIDGEDR,WHITE,NL,NOTHISPANICorNOTLATINO,REP,REPUBLICAN,57.0,9151995.0,Age4165,AA95630
ALAMANCE,A,ACTIVE,BLACKWILLIAMDAVID,WILLIAMDAVIDBLACK,,WHITE,NL,NOTHISPANICorNOTLATINO,DEM,DEMOCRATIC,88.0,10261946.0,AgeOver66,
ALAMANCE,A,ACTIVE,BLACKWINONAPICKARD,WINONAPICKARDBLACK,1902MEADOWGREENDR,WHITE,NL,NOTHISPANICorNOTLATINO,REP,REPUBLICAN,89.0,5171952.0,AgeOver66,
ALAMANCE,A,ACTIVE,BLACKALLANMARYALICE,,405SFIFTHST,WHITE,NL,NOTHISPANICorNOTLATINO,UNA,UNAFFILIATED,58.0,3181999.0,Age4165,AA113810
ALAMANCE,A,ACTIVE,BLACKBLESSINGTONSARAHVICTORIA,SARAHVICTORIABLACKBLESSINGTON,705CENTRALDR,WHITE,NL,NOTHISPANICorNOTLATINO,UNA,UNAFFILIATED,29.0,11132007.0,Age2640,DL172075
ALAMANCE,A,ACTIVE,BLACKARDASHLEYJONES,ASHLEYJONESBLACKARD,3250SUNDANCEDR,WHITE,NL,NOTHISPANICorNOTLATINO,DEM,DEMOCRATIC,30.0,8112000.0,Age2640,AA118971
ALAMANCE,A,ACTIVE,BLACKARDBARRYLESLIE,BARRYLESLIEBLACKARD,1941MALONERD,WHITE,NL,NOTHISPANICorNOTLATINO,REP,REPUBLICAN,60.0,9011972.0,Age4165,
ALAMANCE,A,ACTIVE,BLACKARDBRIANLYNN,BRIANLYNNBLACKARD,640WENDYDR,WHITE,NL,NOTHISPANICorNOTLATINO,REP,REPUBLICAN,41.0,4081991.0,Age4165,AA77057
ALAMANCE,A,ACTIVE,BLACKARDEDITHIRENE,EDITHIRENEBLACKARD,1423GREENWOODDR,WHITE,UN,UNDESIGNATED,REP,REPUBLICAN,83.0,11042008.0,AgeOver66,AA162579
ALAMANCE,A,ACTIVE,BLACKARDJONATHANDAVID,JONATHANDAVIDBLACKARD,3505BROOKSTONEDR,WHITE,NL,NOTHISPANICorNOTLATINO,REP,REPUBLICAN,32.0,11042008.0,Age2640,CL37410
ALAMANCE,A,ACTIVE,BLACKARDJOSEPHTHOMAS,JOSEPHTHOMASBLACKARD,3250SUNDANCEDR,WHITE,NL,NOTHISPANICorNOTLATINO,UNA,UNAFFILIATED,31.0,10312006.0,Age2640,AT17045
ALAMANCE,A,ACTIVE,BLACKARDNANNIEBLALOCK,NANNIEBLALOCKBLACKARD,2129ROGERST,WHITE,NL,NOTHISPANICorNOTLATINO,DEM,DEMOCRATIC,83.0,12052000.0,AgeOver66,AA122035
ALAMANCE,A,ACTIVE,BLACKARDSARAHWOODELL,SARAHWOODELLBLACKARD,640WENDYDR,WHITE,NL,NOTHISPANICorNOTLATINO,REP,REPUBLICAN,36.0,,Age2640,AA91802
ALAMANCE,A,ACTIVE,BLACKBURNALLISONMARY,ALLISONMARYBLACKBURN,740HIAWATHACT,WHITE,NL,NOTHISPANICorNOTLATINO,DEM,DEMOCRATIC,23.0,3012007.0,,AA149073
ALAMANCE,I,INACTIVE,BLACKBURNCARLANTHONY,CARLANTHONYBLACKBURN,5161JMTHERMONROCKCREEKRD,WHITE,NL,NOTHISPANICorNOTLATINO,REP,REPUBLICAN,69.0,10051988.0,AgeOver66,AA66619
ALAMANCE,A,ACTIVE,BLACKBURNCASEYMONEE,CASEYMONEEBLACKBURN,203GREEKDORMG,UNDESIGNATED,UN,UNDESIGNATED,REP,REPUBLICAN,23.0,9122008.0,,AA156968
ALAMANCE,A,ACTIVE,BLACKBURNCATHERINEELIZABETH,CATHERINEELIZABETHBLACKBURN,700EHAGGARDAVE2020,WHITE,UN,UNDESIGNATED,REP,REPUBLICAN,20.0,5032012.0,,BN420747
ALAMANCE,R,REMOVED,BLACKBURNEVELYNWARD,EVELYNWARDBLACKBURN,3727WADECOBLEDR206,WHITE,UN,UNDESIGNATED,DEM,DEMOCRATIC,88.0,11212003.0,AgeOver66,AA132172
ALAMANCE,A,ACTIVE,BLACKBURNHEATHERNICOLE,HEATHERNICOLEBLACKBURN,303PEBBLEBEACHDR,WHITE,NL,NOTHISPANICorNOTLATINO,REP,REPUBLICAN,28.0,9232004.0,Age2640,AA138432
ALAMANCE,I,INACTIVE,BLACKBURNIANDELANO,IANDELANOBLACKBURN,5161JMTHERMONROCKCREEKRD,WHITE,NL,NOTHISPANICorNOTLATINO,UNA,UNAFFILIATED,31.0,,Age2640,AA121139
ALAMANCE,A,ACTIVE,BLACKBURNJEANNETTECRAIG,JEANNETTECRAIGBLACKBURN,429EDINBURGHDR,WHITE,NL,NOTHISPANICorNOTLATINO,UNA,UNAFFILIATED,52.0,6231994.0,Age4165,AA90431
ALAMANCE,A,ACTIVE,BLACKBURNJENNIFERLEE,JENNIFERLEEBLACKBURN,1920MILESCHAPELRD,WHITE,NL,NOTHISPANICorNOTLATINO,REP,REPUBLICAN,26.0,8062004.0,Age2640,AA136453
ALAMANCE,A,ACTIVE,BLACKBURNJESSICAMARIE,JESSICAMARIEBLACKBURN,2304STONESTEXT,WHITE,UN,UNDESIGNATED,UNA,UNAFFILIATED,22.0,4102008.0,,AA153762
ALAMANCE,A,ACTIVE,BLACKBURNJOHNRAY,JOHNRAYBLACKBURN,740HIAWATHACT,WHITE,NL,NOTHISPANICorNOTLATINO,UNA,UNAFFILIATED,59.0,3301992.0,Age4165,AA80620
ALAMANCE,A,ACTIVE,BLACKBURNJOSHUADAVID,JOSHUADAVIDBLACKBURN,1920MILESCHAPELRD,WHITE,NL,NOTHISPANICorNOTLATINO,REP,REPUBLICAN,32.0,5072007.0,Age2640,BY472291
ALAMANCE,I,INACTIVE,BLACKBURNJUDITHCHACE,JUDITHCHACEBLACKBURN,5161JMTHERMONROCKCREEKRD,WHITE,NL,NOTHISPANICorNOTLATINO,REP,REPUBLICAN,65.0,10051988.0,Age4165,AA66618
ALAMANCE,A,ACTIVE,BLACKBURNMARVINLAWRENCE,,429EDINBURGHDR,WHITE,NL,NOTHISPANICorNOTLATINO,UNA,UNAFFILIATED,52.0,6281994.0,Age4165,AA90432
ALAMANCE,A,ACTIVE,BLACKBURNMARYPIERCE,,1402QUAKERCREEKDR,WHITE,UN,UNDESIGNATED,DEM,DEMOCRATIC,81.0,10032008.0,AgeOver66,AA159246
ALAMANCE,A,ACTIVE,BLACKBURNPHYLLISWALTERS,PHYLLISWALTERSBLACKBURN,2166NNCHWY119,WHITE,NL,NOTHISPANICorNOTLATINO,DEM,DEMOCRATIC,67.0,9022009.0,AgeOver66,BE174800
ALAMANCE,A,ACTIVE,BLACKBURNSHARONLYNN,SHARONLYNNBLACKBURN,740HIAWATHACT,WHITE,NL,NOTHISPANICorNOTLATINO,REP,REPUBLICAN,53.0,9211990.0,Age4165,AA73567
ALAMANCE,A,ACTIVE,BLACKBURNSLADEEDWARD,SLADEEDWARDBLACKBURN,2309TUCKERSTA,WHITE,HL,HISPANICorLATINO,UNA,UNAFFILIATED,36.0,,Age2640,AA161408
ALAMANCE,A,ACTIVE,BLACKINGTONELAINETUCKER,ELAINETUCKERBLACKINGTON,6655TREELINEDCT,WHITE,NL,NOTHISPANICorNOTLATINO,REP,REPUBLICAN,65.0,10081984.0,Age4165,
ALAMANCE,A,ACTIVE,BLACKINGTONJULIAMEDLIN,JULIAMEDLINBLACKINGTON,318CHESTNUTST,WHITE,NL,NOTHISPANICorNOTLATINO,REP,REPUBLICAN,33.0,2222008.0,Age2640,AA152419
ALAMANCE,A,ACTIVE,BLACKINGTONTHEODORETUCKER,THEODORETUCKERBLACKINGTON,318CHESTNUTST,WHITE,NL,NOTHISPANICorNOTLATINO,REP,REPUBLICAN,35.0,10072004.0,Age2640,AA139902
,I,INACTIVE,BLACKINGTONTHEODOREC,THEODORECBLACKINGTON,448EHANOVERRD,WHITE,NL,NOTHISPANICorNOTLATINO,REP,REPUBLICAN,75.0,3071984.0,AgeOver66,
ALAMANCE,R,REMOVED,BLACKINGTONTHOMASEDWARD,THOMASEDWARDBLACKINGTON,400MILLST,WHITE,NL,NOTHISPANICorNOTLATINO,UNA,UNAFFILIATED,31.0,7022004.0,Age2640,AA135780
,A,ACTIVE,BLACKMANALLENROSS,ALLENROSSBLACKMAN,1939WOODLANDAVE,WHITE,NL,NOTHISPANICorNOTLATINO,REP,REPUBLICAN,59.0,10051984.0,Age4165,AA57800
ALAMANCE,A,ACTIVE,BLACKMANJUDYBAILEY,JUDYBAILEYBLACKMAN,3135CALLOWAYDR15,WHITE,UN,UNDESIGNATED,DEM,DEMOCRATIC,65.0,10012008.0,Age4165,AA158459
ALAMANCE,A,ACTIVE,BLACKMANPATRICIALITTLE,PATRICIALITTLEBLACKMAN,1939WOODLANDAVE,WHITE,NL,NOTHISPANICorNOTLATINO,REP,REPUBLICAN,59.0,8111988.0,Age4165,AA65516
ALAMANCE,D,DENIED,BLACKMANTERESAANN,TERESAANNBLACKMAN,645GUNNST,BLACKorAFRICANAMERICAN,NL,NOTHISPANICorNOTLATINO,DEM,DEMOCRATIC,,7241996.0,Age4165,AA101489
ALAMANCE,A,ACTIVE,BLACKMANTERESAANN,TERESAANNBLACKMAN,,BLACKorAFRICANAMERICAN,UN,UNDESIGNATED,UNA,UNAFFILIATED,,10062010.0,Age4165,AA167038
ALAMANCE,A,ACTIVE,BLACKMONDEBORAHBRANCH,DEBORAHBRANCHBLACKMON,343BROOKSIDEDR,WHITE,UN,UNDESIGNATED,DEM,DEMOCRATIC,58.0,9232008.0,Age4165,AA157834
ALAMANCE,A,ACTIVE,BLACKMONHEATHEREDWARDS,HEATHEREDWARDSBLACKMON,712OLDFARMDR,WHITE,UN,UNDESIGNATED,DEM,DEMOCRATIC,42.0,4052010.0,Age4165,BY223361
ALAMANCE,A,ACTIVE,BLACKMONKIMBERLYANNE,KIMBERLYANNEBLACKMON,2215MOTLEYST,BLACKorAFRICANAMERICAN,UN,UNDESIGNATED,DEM,DEMOCRATIC,43.0,3261993.0,Age4165,AA86991
ALAMANCE,A,ACTIVE,BLACKMONMARKTIMOTHY,,,WHITE,UN,UNDESIGNATED,UNA,UNAFFILIATED,40.0,11042008.0,Age2640,AA162493
ALAMANCE,A,ACTIVE,BLACKMONPATRICIAHUDSON,PATRICIAHUDSONBLACKMON,6231CKIMESVILLERD,WHITE,NL,NOTHISPANICorNOTLATINO,REP,REPUBLICAN,60.0,1311997.0,Age4165,AA105433
ALAMANCE,A,ACTIVE,BLACKMORETYANITALYNNETTE,TYANITALYNNETTEBLACKMORE,4061STONECRESTDR207,BLACKorAFRICANAMERICAN,NL,NOTHISPANICorNOTLATINO,,DEMOCRATIC,38.0,7302009.0,Age2640,AA164447
ALAMANCE,A,ACTIVE,BLACKNALLCANDICESHERELLE,CANDICESHERELLEBLACKNALL,201DANIELEYCENTERF,BLACKorAFRICANAMERICAN,NL,NOTHISPANICorNOTLATINO,,DEMOCRATIC,23.0,9032008.0,,AA157475
ALAMANCE,A,ACTIVE,BLACKNELLCALLIEANITA,CALLIEANITABLACKNELL,704TRAIL'SENDDR,BLACKorAFRICANAMERICAN,NL,NOTHISPANICorNOTLATINO,,DEMOCRATIC,36.0,9152006.0,Age2640,DE205922
ALAMANCE,A,ACTIVE,BLACKNELLGERTRUDEHOWARD,GERTRUDEHOWARDBLACKNELL,2430GREENWAYST,BLACKorAFRICANAMERICAN,NL,NOTHISPANICorNOTLATINO,,DEMOCRATIC,85.0,,AgeOver66,
ALAMANCE,A,ACTIVE,BLACKNELLKAREEMJR,KAREEMBLACKNELLJR,4929MEBANEOAKSRD,BLACKorAFRICANAMERICAN,UN,UNDESIGNATED,,DEMOCRATIC,30.0,7112012.0,Age2640,AA144180
ALAMANCE,A,ACTIVE,BLACKNELLKARIJACINTA,KARIJACINTABLACKNELL,4929MEBANEOAKSRD,BLACKorAFRICANAMERICAN,NL,NOTHISPANICorNOTLATINO,,DEMOCRATIC,,7112012.0,Age4165,AA171774
ALAMANCE,A,ACTIVE,BLACKNELLKEOSHENICOLE,KEOSHENICOLEBLACKNELL,4929MEBANEOAKSRD,BLACKorAFRICANAMERICAN,UN,UNDESIGNATED,,DEMOCRATIC,24.0,7112012.0,,AA146859
ALAMANCE,I,INACTIVE,BLACKNELLLEROY(NMN),LEROY(NMN)BLACKNELL,701SEIGHTHST,BLACKorAFRICANAMERICAN,NL,NOTHISPANICorNOTLATINO,,DEMOCRATIC,91.0,,AgeOver66,
ALAMANCE,R,REMOVED,BLACKSTOCKHELENMOIZE,HELENMOIZEBLACKSTOCK,409SFLANNERST,WHITE,NL,NOTHISPANICorNOTLATINO,REP,REPUBLICAN,63.0,10081990.0,Age4165,AA74564
ALAMANCE,A,ACTIVE,BLACKSTOCKHILDAWILSON,HILDAWILSONBLACKSTOCK,409SFLANNERST,WHITE,NL,NOTHISPANICorNOTLATINO,,DEMOCRATIC,76.0,,AgeOver66,
ALAMANCE,I,INACTIVE,BLACKSTOCKKENNETHLEON,KENNETHLEONBLACKSTOCK,318NFISHERST,BLACKorAFRICANAMERICAN,NL,NOTHISPANICorNOTLATINO,UNA,UNAFFILIATED,,2031995.0,Age4165,AA92674
ALAMANCE,A,ACTIVE,BLACKSTOCKLATORIEDEVONNE,LATORIEDEVONNEBLACKSTOCK,1814HARRISDR,BLACKorAFRICANAMERICAN,NL,NOTHISPANICorNOTLATINO,,DEMOCRATIC,33.0,2182005.0,Age2640,AA142966
ALAMANCE,A,ACTIVE,BLACKSTOCKMICHAELANDREW,,1415PIEDMONTWAY,WHITE,NL,NOTHISPANICorNOTLATINO,REP,REPUBLICAN,56.0,12311996.0,Age4165,AA104690
ALAMANCE,R,REMOVED,BLACKSTOCKMICHAELELLISON,,1909FONVILLERD,WHITE,NL,NOTHISPANICorNOTLATINO,UNA,UNAFFILIATED,33.0,1151999.0,Age2640,AA113150
ALAMANCE,A,ACTIVE,BLACKSTOCKODELL,ODELLBLACKSTOCK,858ROSSST,BLACKorAFRICANAMERICAN,UN,UNDESIGNATED,,DEMOCRATIC,88.0,6192002.0,AgeOver66,AA126718
ALAMANCE,A,ACTIVE,BLACKSTOCKPETERMATHIS,PETERMATHISBLACKSTOCK,,WHITE,UN,UNDESIGNATED,UNA,UNAFFILIATED,,4112008.0,Age4165,AA154543
ALAMANCE,A,ACTIVE,BLACKSTOCKRANDYTHOMAS,RANDYTHOMASBLACKSTOCK,409SFLANNERST,WHITE,NL,NOTHISPANICorNOTLATINO,REP,REPUBLICAN,55.0,3181996.0,Age4165,AA98185
ALAMANCE,A,ACTIVE,BLACKWELDERALMAFRANKIE,ALMAFRANKIEBLACKWELDER,1707WOODLANDAVE,UNDESIGNATED,UN,UNDESIGNATED,UNA,UNAFFILIATED,69.0,3272011.0,AgeOver66,BL149346
ALAMANCE,R,REMOVED,BLACKWELDERBLANCHESTAFFORD,BLANCHESTAFFORDBLACKWELDER,1707WOODLANDAVE,WHITE,NL,NOTHISPANICorNOTLATINO,REP,REPUBLICAN,102.0,5141960.0,AgeOver66,
ALAMANCE,A,ACTIVE,BLACKWELDERKELLYMICHELLE,KELLYMICHELLEBLACKWELDER,2311WFRONTST,WHITE,UN,UNDESIGNATED,UNA,UNAFFILIATED,35.0,9272006.0,Age2640,DT73464
ALAMANCE,A,ACTIVE,BLACKWELDERPATSYGRIFFITH,PATSYGRIFFITHBLACKWELDER,1700WFRONTST36B,WHITE,NL,NOTHISPANICorNOTLATINO,REP,REPUBLICAN,69.0,4112008.0,AgeOver66,DT23175
ALAMANCE,A,ACTIVE,BLACKWELLALDEENCATES,ALDEENCATESBLACKWELL,6712MTHERMONROCKCREEKRD,WHITE,NL,NOTHISPANICorNOTLATINO,DEM,DEMOCRATIC,81.0,4061979.0,AgeOver66,
ALAMANCE,A,ACTIVE,BLACKWELLANGELASHAW,ANGELASHAWBLACKWELL,4847BAKERBELLFARMRD,BLACKorAFRICANAMERICAN,NL,NOTHISPANICorNOTLATINO,DEM,DEMOCRATIC,59.0,1051972.0,Age4165,AA34690
ALAMANCE,A,ACTIVE,BLACKWELLANGELAROYSTER,ANGELAROYSTERBLACKWELL,5041NEIGHBORSRD,BLACKorAFRICANAMERICAN,NL,NOTHISPANICorNOTLATINO,DEM,DEMOCRATIC,53.0,3152004.0,Age4165,AA133348
ALAMANCE,R,REMOVED,BLACKWELLANNSUTTON,ANNSUTTONBLACKWELL,661BOONESTATIONDR3,WHITE,NL,NOTHISPANICorNOTLATINO,REP,REPUBLICAN,73.0,9111980.0,AgeOver66,
ALAMANCE,A,ACTIVE,BLACKWELLANNEBARBER,ANNEBARBERBLACKWELL,410HOMEWOODAVE,WHITE,NL,NOTHISPANICorNOTLATINO,UNA,UNAFFILIATED,62.0,9071984.0,Age4165,
ALAMANCE,A,ACTIVE,BLACKWELLANNEMITCHELL,ANNEMITCHELLBLACKWELL,1428BEECHDR,WHITE,NL,NOTHISPANICorNOTLATINO,UNA,UNAFFILIATED,56.0,3111997.0,Age4165,AA105732
ALAMANCE,R,REMOVED,BLACKWELLAPRILMARIE,APRILMARIEBLACKWELL,746SHAWNEEDRE,BLACKorAFRICANAMERICAN,UN,UNDESIGNATED,,DEMOCRATIC,41.0,5062008.0,Age4165,AA155782
ALAMANCE,A,ACTIVE,BLACKWELLARTHUREARLSR,ARTHUREARLBLACKWELLSR,4952BAKERBELLFARMRD,BLACKorAFRICANAMERICAN,NL,NOTHISPANICorNOTLATINO,,DEMOCRATIC,64.0,3021990.0,Age4165,AA70750
ALAMANCE,A,ACTIVE,BLACKWELLARTHUREARLJR,ARTHUREARLBLACKWELLJR,3437SHEPHERDRD42,BLACKorAFRICANAMERICAN,NL,NOTHISPANICorNOTLATINO,,DEMOCRATIC,35.0,10072008.0,Age2640,AA158460
ALAMANCE,A,ACTIVE,BLACKWELLARTISLAMUAN,ARTISLAMUANBLACKWELL,605RIDGEWAYDR,BLACKorAFRICANAMERICAN,NL,NOTHISPANICorNOTLATINO,,DEMOCRATIC,65.0,,Age4165,AA103457
ALAMANCE,A,ACTIVE,BLACKWELLAVAISANTONIA,AVAISANTONIABLACKWELL,4952BAKERBELLFARMRD,BLACKorAFRICANAMERICAN,NL,NOTHISPANICorNOTLATINO,DEM,DEMOCRATIC,28.0,9162008.0,Age2640,AA157756
ALAMANCE,A,ACTIVE,BLACKWELLBARBARAJO,BARBARAJOBLACKWELL,1710MALONERDA,WHITE,UN,UNDESIGNATED,DEM,DEMOCRATIC,61.0,4092008.0,Age4165,AA153794
ALAMANCE,A,ACTIVE,BLACKWELLBETTYMCCRARY,BETTYMCCRARYBLACKWELL,3308ELKST,WHITE,NL,NOTHISPANICorNOTLATINO,UNA,UNAFFILIATED,86.0,5242001.0,AgeOver66,AA123403
ALAMANCE,A,ACTIVE,BLACKWELLBEVERLYWILLIAMS,BEVERLYWILLIAMSBLACKWELL,2520OAKCRESTCT,BLACKorAFRICANAMERICAN,NL,NOTHISPANICorNOTLATINO,DEM,DEMOCRATIC,56.0,10011988.0,Age4165,AA66931
ALAMANCE,A,ACTIVE,BLACKWELLBRANDONCHARLES,BRANDONCHARLESBLACKWELL,4571NNCHWY49,BLACKorAFRICANAMERICAN,UN,UNDESIGNATED,UNA,UNAFFILIATED,22.0,10022008.0,,AA158916
ALAMANCE,A,ACTIVE,BLACKWELLBRIANNAEVANICHOL,BRIANNAEVANICHOLBLACKWELL,1811LYNWOODDR,BLACKorAFRICANAMERICAN,NL,NOTHISPANICorNOTLATINO,UNA,UNAFFILIATED,18.0,6222012.0,,AA172975
ALAMANCE,A,ACTIVE,BLACKWELLBRITTNEYK,BRITTNEYKBLACKWELL,2520OAKCRESTCT,BLACKorAFRICANAMERICAN,UN,UNDESIGNATED,DEM,DEMOCRATIC,23.0,10012012.0,,AA175916
ALAMANCE,A,ACTIVE,BLACKWELLCARLMINNOW,CARLMINNOWBLACKWELL,1005RICHMONDAVE,BLACKorAFRICANAMERICAN,NL,NOTHISPANICorNOTLATINO,DEM,DEMOCRATIC,81.0,10041975.0,AgeOver66,
ALAMANCE,A,ACTIVE,BLACKWELLCARLLAVALLEJR,CARLLAVALLEBLACKWELLJR,209EMERSONDR,BLACKorAFRICANAMERICAN,UN,UNDESIGNATED,DEM,DEMOCRATIC,43.0,4301993.0,Age4165,AA87292
ALAMANCE,A,ACTIVE,BLACKWELLCARNELLALAVERNE,CARNELLALAVERNEBLACKWELL,336WILLIAMSONST,BLACKorAFRICANAMERICAN,NL,NOTHISPANICorNOTLATINO,DEM,DEMOCRATIC,38.0,6111999.0,Age2640,AA114516
ALAMANCE,A,ACTIVE,BLACKWELLCAROLYNMATTHEWS,CAROLYNMATTHEWSBLACKWELL,2834SPRINGFIELDDR,BLACKorAFRICANAMERICAN,NL,NOTHISPANICorNOTLATINO,DEM,DEMOCRATIC,62.0,9251976.0,Age4165,
ALAMANCE,A,ACTIVE,BLACKWELLCEDRICDONALD,CEDRICDONALDBLACKWELL,218ADAMSST,BLACKorAFRICANAMERICAN,UN,UNDESIGNATED,DEM,DEMOCRATIC,33.0,,Age2640,AA176914
ALAMANCE,R,REMOVED,BLACKWELLCHARLESDURWARD,CHARLESDURWARDBLACKWELL,3308ELKST,WHITE,NL,NOTHISPANICorNOTLATINO,DEM,DEMOCRATIC,88.0,5242001.0,AgeOver66,AA123404
ALAMANCE,I,INACTIVE,BLACKWELLCHARLESDOUGLASSR,CHARLESDOUGLASBLACKWELLSR,2529CARLACT,BLACKorAFRICANAMERICAN,NL,NOTHISPANICorNOTLATINO,DEM,DEMOCRATIC,58.0,2031999.0,Age4165,AA113151
ALAMANCE,A,ACTIVE,BLACKWELLCHARLESBRIAN,CHARLESBRIANBLACKWELL,2520BAYBERRYCT,WHITE,NL,NOTHISPANICorNOTLATINO,REP,REPUBLICAN,56.0,8202001.0,Age4165,AA124236
ALAMANCE,A,ACTIVE,BLACKWELLCHRISTANJOURNIE,CHRISTANJOURNIEBLACKWELL,413JERKINSST,BLACKorAFRICANAMERICAN,NL,NOTHISPANICorNOTLATINO,DEM,DEMOCRATIC,24.0,7182006.0,,AA146954
ALAMANCE,A,ACTIVE,BLACKWELLCHRISTIANLAFAITH,CHRISTIANLAFAITHBLACKWELL,123LESTERCT,BLACKorAFRICANAMERICAN,UN,UNDESIGNATED,UNA,UNAFFILIATED,18.0,5292012.0,,AA172608
ALAMANCE,A,ACTIVE,BLACKWELLCHRISTINAJERMAN,CHRISTINAJERMANBLACKWELL,406CADBURYCT,BLACKorAFRICANAMERICAN,NL,NOTHISPANICorNOTLATINO,DEM,DEMOCRATIC,37.0,9211998.0,Age2640,AA111939
ALAMANCE,A,ACTIVE,BLACKWELLCHRISTOPHERE,CHRISTOPHEREBLACKWELL,304APPLEST,BLACKorAFRICANAMERICAN,NL,NOTHISPANICorNOTLATINO,DEM,DEMOCRATIC,,5012008.0,Age4165,AA154679
ALAMANCE,A,ACTIVE,BLACKWELLCHRISTOPHERLEE,CHRISTOPHERLEEBLACKWELL,747GREENWOODDR,WHITE,UN,UNDESIGNATED,DEM,DEMOCRATIC,28.0,6062012.0,Age2640,AA173033
ALAMANCE,A,ACTIVE,BLACKWELLCHRISTYNICOLE,CHRISTYNICOLEBLACKWELL,354AUSTINST,BLACKorAFRICANAMERICAN,NL,NOTHISPANICorNOTLATINO,DEM,DEMOCRATIC,24.0,9052008.0,,AA157476
ALAMANCE,A,ACTIVE,BLACKWELLCLEOLAPOTEAT,CLEOLAPOTEATBLACKWELL,2235NNCHWY872,BLACKorAFRICANAMERICAN,UN,UNDESIGNATED,DEM,DEMOCRATIC,75.0,9152004.0,AgeOver66,AA137627
ALAMANCE,A,ACTIVE,BLACKWELLCONNIE,CONNIEBLACKWELL,605RIDGEWAYDR,BLACKorAFRICANAMERICAN,UN,UNDESIGNATED,DEM,DEMOCRATIC,56.0,2042004.0,Age4165,AA132758
ALAMANCE,A,ACTIVE,BLACKWELLDANIELHUDSON,DANIELHUDSONBLACKWELL,826WHITTEMORERD,WHITE,UN,UNDESIGNATED,REP,REPUBLICAN,22.0,11032012.0,,DE251474
ALAMANCE,A,ACTIVE,BLACKWELLDANNYLEE,DANNYLEEBLACKWELL,4571NNCHWY49,BLACKorAFRICANAMERICAN,UN,UNDESIGNATED,UNA,UNAFFILIATED,53.0,10022008.0,Age4165,AA158917
ALAMANCE,A,ACTIVE,BLACKWELLDAVIDLYNN,DAVIDLYNNBLACKWELL,1870LOWERHOPEDALERD,WHITE,NL,NOTHISPANICorNOTLATINO,DEM,DEMOCRATIC,64.0,9211978.0,Age4165,
ALAMANCE,A,ACTIVE,BLACKWELLDEBORAHLYNN,DEBORAHLYNNBLACKWELL,3745HAMPTONOAKSLN,WHITE,NL,NOTHISPANICorNOTLATINO,REP,REPUBLICAN,57.0,5061991.0,Age4165,AA77296
ALAMANCE,A,ACTIVE,BLACKWELLDEBORAHVANESSA,DEBORAHVANESSABLACKWELL,203OVERBROOKTER,BLACKorAFRICANAMERICAN,NL,NOTHISPANICorNOTLATINO,DEM,DEMOCRATIC,59.0,10081990.0,Age4165,AA74566
ALAMANCE,A,ACTIVE,BLACKWELLDELBERT,DELBERTBLACKWELL,,BLACKorAFRICANAMERICAN,NL,NOTHISPANICorNOTLATINO,DEM,DEMOCRATIC,71.0,1081972.0,AgeOver66,
ALAMANCE,A,ACTIVE,BLACKWELLDELBERTRUDY,DELBERTRUDYBLACKWELL,2420MANLEYTRL,BLACKorAFRICANAMERICAN,UN,UNDESIGNATED,DEM,DEMOCRATIC,43.0,,Age4165,AA159762
ALAMANCE,A,ACTIVE,BLACKWELLDELMONTECENTELLAS,DELMONTECENTELLASBLACKWELL,500COLLEGEST,BLACKorAFRICANAMERICAN,UN,UNDESIGNATED,DEM,DEMOCRATIC,26.0,,Age2640,AA159565
ALAMANCE,A,ACTIVE,BLACKWELLDESHANNONMCCOY,DESHANNONMCCOYBLACKWELL,2106MAPLEAVE,BLACKorAFRICANAMERICAN,NL,NOTHISPANICorNOTLATINO,DEM,DEMOCRATIC,43.0,3061990.0,Age4165,AA70825
ALAMANCE,R,REMOVED,BLACKWELLDIANNMARSH,DIANNMARSHBLACKWELL,415BROOKLYNST,BLACKorAFRICANAMERICAN,NL,NOTHISPANICorNOTLATINO,DEM,DEMOCRATIC,61.0,10041990.0,Age4165,AA75067
ALAMANCE,A,ACTIVE,BLACKWELLDONNAKAYE,DONNAKAYEBLACKWELL,726FORDST,BLACKorAFRICANAMERICAN,NL,NOTHISPANICorNOTLATINO,DEM,DEMOCRATIC,41.0,4042008.0,Age4165,AA153308
ALAMANCE,A,ACTIVE,BLACKWELLDORISAMELIA,DORISAMELIABLACKWELL,2235NNCHWY87LOT2,BLACKorAFRICANAMERICAN,UN,UNDESIGNATED,DEM,DEMOCRATIC,55.0,10072008.0,Age4165,AA161354
ALAMANCE,A,ACTIVE,BLACKWELLDZENITASUKURICA,DZENITASUKURICABLACKWELL,826WHITTEMORERD,WHITE,NL,NOTHISPANICorNOTLATINO,REP,REPUBLICAN,21.0,7202012.0,,DT133640
ALAMANCE,I,INACTIVE,BLACKWELLEMILYSUSAN,EMILYSUSANBLACKWELL,2520BAYBERRYCT,WHITE,NL,NOTHISPANICorNOTLATINO,DEM,DEMOCRATIC,20.0,3262010.0,,AA165624
ALAMANCE,I,INACTIVE,BLACKWELLERICDUPREE,ERICDUPREEBLACKWELL,,BLACKorAFRICANAMERICAN,NL,NOTHISPANICorNOTLATINO,UNA,UNAFFILIATED,31.0,,Age2640,AA121331
ALAMANCE,R,REMOVED,BLACKWELLEUGENE(NMN),EUGENE(NMN)BLACKWELL,526MONTCLAIRDR,BLACKorAFRICANAMERICAN,NL,NOTHISPANICorNOTLATINO,DEM,DEMOCRATIC,73.0,10021990.0,AgeOver66,AA74250
ALAMANCE,A,ACTIVE,BLACKWELLEVASLADE,EVASLADEBLACKWELL,1307JACKSONST,BLACKorAFRICANAMERICAN,NL,NOTHISPANICorNOTLATINO,DEM,DEMOCRATIC,65.0,4081984.0,Age4165,
ALAMANCE,A,ACTIVE,BLACKWELLFAIGERMEGREASR,FAIGERMEGREABLACKWELLSR,2234LAKEVIEWTER,BLACKorAFRICANAMERICAN,NL,NOTHISPANICorNOTLATINO,DEM,DEMOCRATIC,56.0,9111990.0,Age4165,AA73465
ALAMANCE,A,ACTIVE,BLACKWELLFAIGERMEGREAII,FAIGERMEGREABLACKWELLII,2234LAKEVIEWTER,BLACKorAFRICANAMERICAN,NL,NOTHISPANICorNOTLATINO,DEM,DEMOCRATIC,20.0,10292010.0,,AA167341
ALAMANCE,A,ACTIVE,BLACKWELLFELICIA,FELICIABLACKWELL,,BLACKorAFRICANAMERICAN,NL,NOTHISPANICorNOTLATINO,DEM,DEMOCRATIC,27.0,,Age2640,AA177094
ALAMANCE,A,ACTIVE,BLACKWELLGARYLEE,GARYLEEBLACKWELL,249FAUCETTEAVE,BLACKorAFRICANAMERICAN,NL,NOTHISPANICorNOTLATINO,DEM,DEMOCRATIC,50.0,9221990.0,Age4165,AA73568
ALAMANCE,A,ACTIVE,BLACKWELLGEORGEJULIUS,GEORGEJULIUSBLACKWELL,651GIBSONRD,BLACKorAFRICANAMERICAN,NL,NOTHISPANICorNOTLATINO,DEM,DEMOCRATIC,90.0,5021964.0,AgeOver66,
ALAMANCE,A,ACTIVE,BLACKWELLGINAOLDANI,GINAOLDANIBLACKWELL,3439ALAMANCERD,WHITE,NL,NOTHISPANICorNOTLATINO,REP,REPUBLICAN,50.0,11021983.0,Age4165,
ALAMANCE,A,ACTIVE,BLACKWELLGLORIESFULLER,GLORIESFULLERBLACKWELL,4579NNCHWY49,BLACKorAFRICANAMERICAN,UN,UNDESIGNATED,DEM,DEMOCRATIC,76.0,6062012.0,AgeOver66,AA173369
ALAMANCE,A,ACTIVE,BLACKWELLGREGORYJR,GREGORYBLACKWELLJR,709MERIDIANAVE,BLACKorAFRICANAMERICAN,UN,UNDESIGNATED,REP,REPUBLICAN,20.0,9212012.0,,AA175327
ALAMANCE,A,ACTIVE,BLACKWELLGREGORY,GREGORYBLACKWELL,1620WOODBROOKEDR,BLACKorAFRICANAMERICAN,NL,NOTHISPANICorNOTLATINO,DEM,DEMOCRATIC,55.0,8151995.0,Age4165,AA95232
ALAMANCE,A,ACTIVE,BLACKWELLGUYLACY,GUYLACYBLACKWELL,2834SPRINGFIELDDR,BLACKorAFRICANAMERICAN,NL,NOTHISPANICorNOTLATINO,UNA,UNAFFILIATED,63.0,10021976.0,Age4165,
ALAMANCE,A,ACTIVE,BLACKWELLHEATHERPOHAIKEALOHA,HEATHERPOHAIKEALOHABLACKWELL,2478BARBERFOSTERRD,WHITE,NL,NOTHISPANICorNOTLATINO,UNA,UNAFFILIATED,31.0,6232010.0,Age2640,BL330549
ALAMANCE,A,ACTIVE,BLACKWELLHERMANIII,HERMANBLACKWELLIII,1914KEOGHST,BLACKorAFRICANAMERICAN,UN,UNDESIGNATED,DEM,DEMOCRATIC,31.0,10012004.0,Age2640,AA139234
ALAMANCE,A,ACTIVE,BLACKWELLJACKCLEDITH,JACKCLEDITHBLACKWELL,1975MCKENZIEPARKLN5,WHITE,UN,UNDESIGNATED,UNA,UNAFFILIATED,36.0,10292012.0,Age2640,AA178460
ALAMANCE,A,ACTIVE,BLACKWELLJAMESSTEVE,JAMESSTEVEBLACKWELL,2219MELFIELDDR,BLACKorAFRICANAMERICAN,UN,UNDESIGNATED,DEM,DEMOCRATIC,42.0,10022008.0,Age4165,AA158481
ALAMANCE,A,ACTIVE,BLACKWELLJAMIEDEVOUR,JAMIEDEVOURBLACKWELL,,WHITE,NL,NOTHISPANICorNOTLATINO,UNA,UNAFFILIATED,34.0,11022006.0,Age2640,AA148151
ALAMANCE,A,ACTIVE,BLACKWELLJANICEANNETTE,JANICEANNETTEBLACKWELL,1666MCCRAYRD,BLACKorAFRICANAMERICAN,UN,UNDESIGNATED,DEM,DEMOCRATIC,53.0,3021988.0,Age4165,AA64045
ALAMANCE,R,REMOVED,BLACKWELLJANICEFAYE,JANICEFAYEBLACKWELL,,BLACKorAFRICANAMERICAN,NL,NOTHISPANICorNOTLATINO,DEM,DEMOCRATIC,60.0,8171983.0,Age4165,
ALAMANCE,A,ACTIVE,BLACKWELLJERRYDOSS,JERRYDOSSBLACKWELL,1518WICKHAMST,WHITE,UN,UNDESIGNATED,UNA,UNAFFILIATED,67.0,10242012.0,AgeOver66,AA178259
ALAMANCE,A,ACTIVE,BLACKWELLJIMMIEFOXJR,JIMMIEFOXBLACKWELLJR,1428BEECHDR,WHITE,NL,NOTHISPANICorNOTLATINO,DEM,DEMOCRATIC,56.0,3241979.0,Age4165,
ALAMANCE,I,INACTIVE,BLACKWELLJOANWARREN,JOANWARRENBLACKWELL,1402EHARDENST3,BLACKorAFRICANAMERICAN,NL,NOTHISPANICorNOTLATINO,REP,REPUBLICAN,55.0,3181998.0,Age4165,AA109584
ALAMANCE,D,DENIED,BLACKWELLJOELEMONT,JOELEMONTBLACKWELL,210NLOGANST,BLACKorAFRICANAMERICAN,UN,UNDESIGNATED,DEM,DEMOCRATIC,21.0,6122012.0,,AA172817
ALAMANCE,A,ACTIVE,BLACKWELLJOHNWILLIAM,JOHNWILLIAMBLACKWELL,212CYPRESSCT,WHITE,UN,UNDESIGNATED,REP,REPUBLICAN,27.0,,Age2640,DE204183
ALAMANCE,A,ACTIVE,BLACKWELLJOHNDUANE,JOHNDUANEBLACKWELL,202TRAILFOUR,WHITE,NL,NOTHISPANICorNOTLATINO,UNA,UNAFFILIATED,61.0,10041980.0,Age4165,
ALAMANCE,A,ACTIVE,BLACKWELLJOHNVERNONIII,JOHNVERNONBLACKWELLIII,3439ALAMANCERD,WHITE,NL,NOTHISPANICorNOTLATINO,REP,REPUBLICAN,51.0,10051987.0,Age4165,AA62480
ALAMANCE,A,ACTIVE,BLACKWELLJOHNJULIUS,JOHNJULIUSBLACKWELL,233HOWARDST,BLACKorAFRICANAMERICAN,UN,UNDESIGNATED,DEM,DEMOCRATIC,65.0,10072008.0,Age4165,AA159065
ALAMANCE,A,ACTIVE,BLACKWELLJONATHANDANIEL,JONATHANDANIELBLACKWELL,308CEDARST,UNDESIGNATED,UN,UNDESIGNATED,UNA,UNAFFILIATED,34.0,11042008.0,Age2640,AA162847
ALAMANCE,R,REMOVED,BLACKWELLJONATHANDANIEL,JONATHANDANIELBLACKWELL,202TRAILFOUR,WHITE,NL,NOTHISPANICorNOTLATINO,REP,REPUBLICAN,34.0,,Age2640,AA103058
ALAMANCE,A,ACTIVE,BLACKWELLJOSEPHLEE,JOSEPHLEEBLACKWELL,1307JACKSONST,BLACKorAFRICANAMERICAN,NL,NOTHISPANICorNOTLATINO,UNA,UNAFFILIATED,42.0,8192005.0,Age4165,AA144367
ALAMANCE,A,ACTIVE,BLACKWELLJOSEPHLAFAYETTEJR,JOSEPHLAFAYETTEBLACKWELLJR,1321ROCKWOODAVE,WHITE,NL,NOTHISPANICorNOTLATINO,DEM,DEMOCRATIC,59.0,10031984.0,Age4165,
ALAMANCE,R,REMOVED,BLACKWELLJOSEPHINESTARNES,JOSEPHINESTARNESBLACKWELL,1317VAUGHNRD,WHITE,NL,NOTHISPANICorNOTLATINO,DEM,DEMOCRATIC,82.0,10251952.0,AgeOver66,
ALAMANCE,R,REMOVED,BLACKWELLJUANITALILLIAN,JUANITALILLIANBLACKWELL,1005RICHMONDAVE,BLACKorAFRICANAMERICAN,NL,NOTHISPANICorNOTLATINO,DEM,DEMOCRATIC,84.0,10021980.0,AgeOver66,
ALAMANCE,A,ACTIVE,BLACKWELLJUNETEEL,JUNETEELBLACKWELL,,BLACKorAFRICANAMERICAN,NL,NOTHISPANICorNOTLATINO,DEM,DEMOCRATIC,70.0,2021984.0,AgeOver66,
ALAMANCE,A,ACTIVE,BLACKWELLKAIROD,KAIRODBLACKWELL,651GIBSONRD,BLACKorAFRICANAMERICAN,NL,NOTHISPANICorNOTLATINO,DEM,DEMOCRATIC,82.0,5021964.0,AgeOver66,
ALAMANCE,A,ACTIVE,BLACKWELLKARENSUMMERS,KARENSUMMERSBLACKWELL,500COLLEGEST,BLACKorAFRICANAMERICAN,NL,NOTHISPANICorNOTLATINO,DEM,DEMOCRATIC,51.0,5222002.0,Age4165,AA126409
ALAMANCE,A,ACTIVE,BLACKWELLKATHERINEEDWARDS,KATHERINEEDWARDSBLACKWELL,,WHITE,NL,NOTHISPANICorNOTLATINO,DEM,DEMOCRATIC,39.0,11141996.0,Age2640,AA104412
ALAMANCE,A,ACTIVE,BLACKWELLKATHRYNCELESTE,KATHRYNCELESTEBLACKWELL,202TRAILFOUR,WHITE,UN,UNDESIGNATED,REP,REPUBLICAN,28.0,,Age2640,AA131731
ALAMANCE,A,ACTIVE,BLACKWELLKEITHDUANE,KEITHDUANEBLACKWELL,,BLACKorAFRICANAMERICAN,NL,NOTHISPANICorNOTLATINO,DEM,DEMOCRATIC,44.0,6011990.0,Age4165,AA71945
ALAMANCE,A,ACTIVE,BLACKWELLKELLYLEWIS,KELLYLEWISBLACKWELL,330WMARKETST,WHITE,NL,NOTHISPANICorNOTLATINO,UNA,UNAFFILIATED,44.0,3112003.0,Age4165,AA129841
ALAMANCE,A,ACTIVE,BLACKWELLKENDRADENEA,KENDRADENEABLACKWELL,726FORDST,BLACKorAFRICANAMERICAN,NL,NOTHISPANICorNOTLATINO,DEM,DEMOCRATIC,22.0,,,AA159282
ALAMANCE,A,ACTIVE,BLACKWELLKIMBERLYSATTERWHITE,KIMBERLYSATTERWHITEBLACKWELL,209EMERSONDR,BLACKorAFRICANAMERICAN,NL,NOTHISPANICorNOTLATINO,DEM,DEMOCRATIC,,2012002.0,Age4165,AA125591
ALAMANCE,A,ACTIVE,BLACKWELLKINAEVELYNWATKI,KINAEVELYNWATKIBLACKWELL,1622MORNINGSIDEDRE,WHITE,NL,NOTHISPANICorNOTLATINO,DEM,DEMOCRATIC,78.0,4201968.0,AgeOver66,
ALAMANCE,A,ACTIVE,BLACKWELLKINTELAMONTSR,KINTELAMONTBLACKWELLSR,,BLACKorAFRICANAMERICAN,UN,UNDESIGNATED,DEM,DEMOCRATIC,24.0,,,AA159763
ALAMANCE,A,ACTIVE,BLACKWELLKWANETTASHARMAINE,KWANETTASHARMAINEBLACKWELL,1721NJIMMINORRDB,BLACKorAFRICANAMERICAN,NL,NOTHISPANICorNOTLATINO,DEM,DEMOCRATIC,21.0,8302012.0,,AA174487
ALAMANCE,A,ACTIVE,BLACKWELLLATASHANICOLE,LATASHANICOLEBLACKWELL,1620WOODBROOKEDR,BLACKorAFRICANAMERICAN,NL,NOTHISPANICorNOTLATINO,UNA,UNAFFILIATED,27.0,6052006.0,Age2640,AA146665
ALAMANCE,A,ACTIVE,BLACKWELLLATISHASHARINE,LATISHASHARINEBLACKWELL,,BLACKorAFRICANAMERICAN,UN,UNDESIGNATED,DEM,DEMOCRATIC,41.0,11022004.0,Age4165,AA141523
ALAMANCE,A,ACTIVE,BLACKWELLLAURENDEBORAH,LAURENDEBORAHBLACKWELL,1715BELLEMONTALAMANCERD,WHITE,NL,NOTHISPANICorNOTLATINO,DEM,DEMOCRATIC,24.0,5082012.0,,AA146389
ALAMANCE,A,ACTIVE,BLACKWELLLAURIEMOORE,LAURIEMOOREBLACKWELL,,WHITE,NL,NOTHISPANICorNOTLATINO,REP,REPUBLICAN,,12181995.0,Age4165,AA96798
ALAMANCE,R,REMOVED,BLACKWELLLAVERNEENOCH,LAVERNEENOCHBLACKWELL,1947WILLIEPACERD,BLACKorAFRICANAMERICAN,NL,NOTHISPANICorNOTLATINO,DEM,DEMOCRATIC,74.0,4041980.0,AgeOver66,
ALAMANCE,I,INACTIVE,BLACKWELLLISARENEE,,2814CHARLOTTELN,WHITE,NL,NOTHISPANICorNOTLATINO,DEM,DEMOCRATIC,51.0,10041980.0,Age4165,
ALAMANCE,A,ACTIVE,BLACKWELLLITTLEHOPEJUNIOR,,,BLACKorAFRICANAMERICAN,UN,UNDESIGNATED,DEM,DEMOCRATIC,,4222005.0,Age4165,AA143472
ALAMANCE,A,ACTIVE,BLACKWELLLOREANGRAVES,,201OVERBROOKTER,BLACKorAFRICANAMERICAN,UN,UNDESIGNATED,DEM,DEMOCRATIC,58.0,9202000.0,Age4165,AA120074
ALAMANCE,I,INACTIVE,BLACKWELLLOUISVANCEJR,,315BALLPARKAVE,BLACKorAFRICANAMERICAN,NL,NOTHISPANICorNOTLATINO,DEM,DEMOCRATIC,57.0,11292002.0,Age4165,AA128931
ALAMANCE,D,DENIED,BLACKWELLLOUISEVANCEJR,,315BALLPARKAVE,BLACKorAFRICANAMERICAN,UN,UNDESIGNATED,DEM,DEMOCRATIC,57.0,11282001.0,Age4165,AA124907
ALAMANCE,A,ACTIVE,BLACKWELLLYNNWALTERS,,1317VAUGHNRD,WHITE,NL,NOTHISPANICorNOTLATINO,DEM,DEMOCRATIC,85.0,2181992.0,AgeOver66,AA79846
ALAMANCE,A,ACTIVE,BLACKWELLLYNWOODLEE,,1516WICKHAMST,WHITE,NL,NOTHISPANICorNOTLATINO,DEM,DEMOCRATIC,75.0,,AgeOver66,
ALAMANCE,A,ACTIVE,BLACKWELLMARGARETHAWES,,1321ROCKWOODAVE,WHITE,NL,NOTHISPANICorNOTLATINO,DEM,DEMOCRATIC,59.0,8151984.0,Age4165,
ALAMANCE,A,ACTIVE,BLACKWELLMARQUISLAVAR,,,UNDESIGNATED,NL,NOTHISPANICorNOTLATINO,DEM,DEMOCRATIC,25.0,5062008.0,,AA154773
ALAMANCE,A,ACTIVE,BLACKWELLMARYLOU,,4952BAKERBELLFARMRD,BLACKorAFRICANAMERICAN,NL,NOTHISPANICorNOTLATINO,DEM,DEMOCRATIC,56.0,9252000.0,Age4165,AA120084
ALAMANCE,A,ACTIVE,BLACKWELLMCCOTTAELIZABETH,,531EWILLOWBROOKDR,WHITE,UN,UNDESIGNATED,UNA,UNAFFILIATED,29.0,1022002.0,Age2640,AA125212
ALAMANCE,A,ACTIVE,BLACKWELLMICHAELDAVID,,,WHITE,NL,NOTHISPANICorNOTLATINO,UNA,UNAFFILIATED,51.0,4202004.0,Age4165,AA133931
ALAMANCE,A,ACTIVE,BLACKWELLNESHELLLASHAE,NESHELLLASHAEBLACKWELL,,BLACKorAFRICANAMERICAN,NL,NOTHISPANICorNOTLATINO,DEM,DEMOCRATIC,23.0,10312008.0,,AA162204
ALAMANCE,A,ACTIVE,BLACKWELLNICHOLASJAMAR,NICHOLASJAMARBLACKWELL,201CHRISST,BLACKorAFRICANAMERICAN,UN,UNDESIGNATED,DEM,DEMOCRATIC,23.0,4102008.0,,AA154086
ALAMANCE,A,ACTIVE,BLACKWELLNITASHASHEIRON,NITASHASHEIRONBLACKWELL,418FULTONST,BLACKorAFRICANAMERICAN,NL,NOTHISPANICorNOTLATINO,DEM,DEMOCRATIC,29.0,,Age2640,AA159567
ALAMANCE,A,ACTIVE,BLACKWELLODISLEE,ODISLEEBLACKWELL,722FORDST,BLACKorAFRICANAMERICAN,UN,UNDESIGNATED,DEM,DEMOCRATIC,67.0,12161994.0,AgeOver66,AA91981
ALAMANCE,R,REMOVED,BLACKWELLPEGGYDENISE,PEGGYDENISEBLACKWELL,215WALKERAVE,BLACKorAFRICANAMERICAN,NL,NOTHISPANICorNOTLATINO,DEM,DEMOCRATIC,35.0,4251997.0,Age2640,AA106198
ALAMANCE,A,ACTIVE,BLACKWELLPRISCILLASULLIVAN,PRISCILLASULLIVANBLACKWELL,1516WICKHAMST,WHITE,NL,NOTHISPANICorNOTLATINO,DEM,DEMOCRATIC,71.0,,AgeOver66,
ALAMANCE,A,ACTIVE,BLACKWELLQIUANADASHIA,QIUANADASHIABLACKWELL,2520OAKCRESTCT,UNDESIGNATED,UN,UNDESIGNATED,DEM,DEMOCRATIC,19.0,5142012.0,,AA173572
ALAMANCE,A,ACTIVE,BLACKWELLRICKEYWAYNE,RICKEYWAYNEBLACKWELL,317APPLEST,BLACKorAFRICANAMERICAN,NL,NOTHISPANICorNOTLATINO,DEM,DEMOCRATIC,53.0,4022004.0,Age4165,AA133698
ALAMANCE,A,ACTIVE,BLACKWELLRICKYJEROME,RICKYJEROMEBLACKWELL,410HOMEWOODAVE,WHITE,NL,NOTHISPANICorNOTLATINO,DEM,DEMOCRATIC,63.0,,Age4165,AA68078
ALAMANCE,A,ACTIVE,BLACKWELLRIKKITARACQUEL,RIKKITARACQUELBLACKWELL,2658WILLIAMALLENRD,BLACKorAFRICANAMERICAN,UN,UNDESIGNATED,DEM,DEMOCRATIC,25.0,,,AA149767
ALAMANCE,A,ACTIVE,BLACKWELLROBERTDEAN,ROBERTDEANBLACKWELL,3822BOLDENPL,WHITE,NL,NOTHISPANICorNOTLATINO,REP,REPUBLICAN,53.0,10041982.0,Age4165,
ALAMANCE,A,ACTIVE,BLACKWELLROBINPROPST,ROBINPROPSTBLACKWELL,3822BOLDENPL,WHITE,NL,NOTHISPANICorNOTLATINO,REP,REPUBLICAN,55.0,10041982.0,Age4165,
ALAMANCE,A,ACTIVE,BLACKWELLROCKEY,ROCKEYBLACKWELL,4519NNCHWY49,BLACKorAFRICANAMERICAN,UN,UNDESIGNATED,DEM,DEMOCRATIC,52.0,10072008.0,Age4165,AA159375
ALAMANCE,A,ACTIVE,BLACKWELLROGER,ROGERBLACKWELL,2520OAKCRESTCT,BLACKorAFRICANAMERICAN,UN,UNDESIGNATED,DEM,DEMOCRATIC,52.0,10011988.0,Age4165,AA66932
ALAMANCE,R,REMOVED,BLACKWELLROYLAVALLE,ROYLAVALLEBLACKWELL,2446MORANSTA,BLACKorAFRICANAMERICAN,NL,NOTHISPANICorNOTLATINO,DEM,DEMOCRATIC,,1312005.0,Age4165,AA142838
ALAMANCE,A,ACTIVE,BLACKWELLSANDELLROGERSJR,SANDELLROGERSBLACKWELLJR,2226DURHAMSTEXT,BLACKorAFRICANAMERICAN,UN,UNDESIGNATED,DEM,DEMOCRATIC,66.0,9241993.0,AgeOver66,AA88136
ALAMANCE,A,ACTIVE,BLACKWELLSANDRIKALASHALE,SANDRIKALASHALEBLACKWELL,314NCOBBAVE,UNDESIGNATED,UN,UNDESIGNATED,DEM,DEMOCRATIC,19.0,7252012.0,,AA173782
ALAMANCE,A,ACTIVE,BLACKWELLSHELIAKAYE,SHELIAKAYEBLACKWELL,,BLACKorAFRICANAMERICAN,UN,UNDESIGNATED,UNA,UNAFFILIATED,50.0,8262008.0,Age4165,AA156966
ALAMANCE,A,ACTIVE,BLACKWELLSHELTONLAMAR,SHELTONLAMARBLACKWELL,202BLANDBLVD,BLACKorAFRICANAMERICAN,UN,UNDESIGNATED,DEM,DEMOCRATIC,24.0,5012006.0,,AA146370
ALAMANCE,A,ACTIVE,BLACKWELLSHELTONROMERO,SHELTONROMEROBLACKWELL,213WALKERAVE,BLACKorAFRICANAMERICAN,NL,NOTHISPANICorNOTLATINO,DEM,DEMOCRATIC,43.0,7201995.0,Age4165,AA94927
ALAMANCE,A,ACTIVE,BLACKWELLSHIRLEYGILLIAM,SHIRLEYGILLIAMBLACKWELL,249FAUCETTEAVE,BLACKorAFRICANAMERICAN,NL,NOTHISPANICorNOTLATINO,DEM,DEMOCRATIC,76.0,5101960.0,AgeOver66,
ALAMANCE,A,ACTIVE,BLACKWELLSHUNTALANELL,SHUNTALANELLBLACKWELL,415RICHMONDAVE,BLACKorAFRICANAMERICAN,UN,UNDESIGNATED,DEM,DEMOCRATIC,39.0,,Age2640,AA91993
ALAMANCE,A,ACTIVE,BLACKWELLSTEPHANIESHANA,STEPHANIESHANABLACKWELL,712NMAINST,BLACKorAFRICANAMERICAN,UN,UNDESIGNATED,DEM,DEMOCRATIC,22.0,10062008.0,,AA161970
ALAMANCE,A,ACTIVE,BLACKWELLSUERICKS,SUERICKSBLACKWELL,774BAKERCT,WHITE,NL,NOTHISPANICorNOTLATINO,DEM,DEMOCRATIC,,3301984.0,Age4165,
ALAMANCE,A,ACTIVE,BLACKWELLSUSANDENISE,SUSANDENISEBLACKWELL,142MONTREELN,WHITE,NL,NOTHISPANICorNOTLATINO,DEM,DEMOCRATIC,54.0,9201978.0,Age4165,
ALAMANCE,A,ACTIVE,BLACKWELLTAMELANICOLE,TAMELANICOLEBLACKWELL,413JERKINSST,BLACKorAFRICANAMERICAN,NL,NOTHISPANICorNOTLATINO,DEM,DEMOCRATIC,42.0,6101996.0,Age4165,AA100904
ALAMANCE,A,ACTIVE,BLACKWELLTENELLSHONTE,TENELLSHONTEBLACKWELL,,BLACKorAFRICANAMERICAN,NL,NOTHISPANICorNOTLATINO,DEM,DEMOCRATIC,30.0,1212003.0,Age2640,AA129235
ALAMANCE,A,ACTIVE,BLACKWELLTERESASMITH,TERESASMITHBLACKWELL,2815BERKLEYRD,BLACKorAFRICANAMERICAN,NL,NOTHISPANICorNOTLATINO,UNA,UNAFFILIATED,54.0,9291992.0,Age4165,AA84059
ALAMANCE,A,ACTIVE,BLACKWELLTERESAMOLLMAN,TERESAMOLLMANBLACKWELL,202TRAILFOUR,WHITE,NL,NOTHISPANICorNOTLATINO,REP,REPUBLICAN,60.0,10041980.0,Age4165,
ALAMANCE,R,REMOVED,BLACKWELLTERESSAH,TERESSAHBLACKWELL,,BLACKorAFRICANAMERICAN,NL,NOTHISPANICorNOTLATINO,DEM,DEMOCRATIC,41.0,10012003.0,Age4165,AA131650
ALAMANCE,I,INACTIVE,BLACKWELLTIMOTHYWAYNE,TIMOTHYWAYNEBLACKWELL,661BOONESTATIONDR3,WHITE,NL,NOTHISPANICorNOTLATINO,DEM,DEMOCRATIC,,9271982.0,Age4165,
ALAMANCE,A,ACTIVE,BLACKWELLTIMOTHYALDEN,TIMOTHYALDENBLACKWELL,6712MTHERMONROCKCREEKRD,WHITE,NL,NOTHISPANICorNOTLATINO,REP,REPUBLICAN,52.0,11171997.0,Age4165,AA108042
ALAMANCE,A,ACTIVE,BLACKWELLTIMOTHYBRIAN,TIMOTHYBRIANBLACKWELL,406CADBURYCT,BLACKorAFRICANAMERICAN,NL,NOTHISPANICorNOTLATINO,DEM,DEMOCRATIC,39.0,3252003.0,Age2640,AA129896
ALAMANCE,A,ACTIVE,BLACKWELLTINASLADE,TINASLADEBLACKWELL,747GREENWOODDR,WHITE,NL,NOTHISPANICorNOTLATINO,REP,REPUBLICAN,54.0,,Age4165,AA91850
ALAMANCE,A,ACTIVE,BLACKWELLTOMMYEUGENE,TOMMYEUGENEBLACKWELL,410STONEHEDGEDR,BLACKorAFRICANAMERICAN,UN,UNDESIGNATED,UNA,UNAFFILIATED,43.0,4052011.0,Age4165,BL297842
ALAMANCE,A,ACTIVE,BLACKWELLTONYALAN,TONYALANBLACKWELL,774BAKERCT,WHITE,NL,NOTHISPANICorNOTLATINO,DEM,DEMOCRATIC,,3201992.0,Age4165,AA80237
ALAMANCE,A,ACTIVE,BLACKWELLTONY,TONYBLACKWELL,4579NNCHWY49,BLACKorAFRICANAMERICAN,UN,UNDESIGNATED,DEM,DEMOCRATIC,,10022008.0,Age4165,AA158919
ALAMANCE,A,ACTIVE,BLACKWELLTONYJR,TONYBLACKWELLJR,4579NNCHWY49,BLACKorAFRICANAMERICAN,NL,NOTHISPANICorNOTLATINO,DEM,DEMOCRATIC,24.0,9272007.0,,AA150664
ALAMANCE,A,ACTIVE,BLACKWELLTOSHARACHELLE,TOSHARACHELLEBLACKWELL,,WHITE,NL,NOTHISPANICorNOTLATINO,UNA,UNAFFILIATED,32.0,6232010.0,Age2640,AA165852
ALAMANCE,A,ACTIVE,BLACKWELLTOWANDAL,TOWANDALBLACKWELL,2420MANLEYTRL,BLACKorAFRICANAMERICAN,NL,NOTHISPANICorNOTLATINO,DEM,DEMOCRATIC,37.0,11022004.0,Age2640,AA141528
ALAMANCE,A,ACTIVE,BLACKWELLTYRONECLIFTON,TYRONECLIFTONBLACKWELL,235SCHOOLST,BLACKorAFRICANAMERICAN,UN,UNDESIGNATED,DEM,DEMOCRATIC,22.0,4142008.0,,AA154969
ALAMANCE,A,ACTIVE,BLACKWELLVALENTENEPATRICE,VALENTENEPATRICEBLACKWELL,,BLACKorAFRICANAMERICAN,UN,UNDESIGNATED,DEM,DEMOCRATIC,28.0,6182008.0,Age2640,BY382663
ALAMANCE,A,ACTIVE,BLACKWELLVANESSAELLEN,VANESSAELLENBLACKWELL,2734BLANCHEDR,WHITE,NL,NOTHISPANICorNOTLATINO,DEM,DEMOCRATIC,60.0,,Age4165,DL70815
ALAMANCE,A,ACTIVE,BLACKWELLVIRGINIAJOAN,VIRGINIAJOANBLACKWELL,133MONTREELN,WHITE,UN,UNDESIGNATED,REP,REPUBLICAN,83.0,9202011.0,AgeOver66,AA169335
ALAMANCE,A,ACTIVE,BLACKWELLWILLIELEE,WILLIELEEBLACKWELL,4519NNCHWY49,BLACKorAFRICANAMERICAN,NL,NOTHISPANICorNOTLATINO,DEM,DEMOCRATIC,77.0,,AgeOver66,AA122037
ALAMANCE,A,ACTIVE,BLACKWOODAMYWALTERS,AMYWALTERSBLACKWOOD,203CEARLKIMBERRD,WHITE,NL,NOTHISPANICorNOTLATINO,REP,REPUBLICAN,,11031994.0,Age4165,AA91927
ALAMANCE,A,ACTIVE,BLACKWOODBETTYWAY,BETTYWAYBLACKWOOD,2719JONESDR,WHITE,NL,NOTHISPANICorNOTLATINO,DEM,DEMOCRATIC,78.0,4122010.0,AgeOver66,AA165765
ALAMANCE,A,ACTIVE,BLACKWOODBORISRONALD,BORISRONALDBLACKWOOD,2719JONESDR,WHITE,UN,UNDESIGNATED,UNA,UNAFFILIATED,77.0,10252012.0,AgeOver66,AA178332
ALAMANCE,A,ACTIVE,BLACKWOODBRANDONDRAKE,BRANDONDRAKEBLACKWOOD,4124NCHWY5438,WHITE,UN,UNDESIGNATED,REP,REPUBLICAN,28.0,4132010.0,Age2640,AA165767
ALAMANCE,R,REMOVED,BLACKWOODCOLLEENKIMBROUGH,COLLEENKIMBROUGHBLACKWOOD,1911SPRINGMEADOWDR,WHITE,NL,NOTHISPANICorNOTLATINO,REP,REPUBLICAN,76.0,11171982.0,AgeOver66,
ALAMANCE,A,ACTIVE,BLACKWOODDENNISEUGENE,DENNISEUGENEBLACKWOOD,4124NCHWY5438,WHITE,UN,UNDESIGNATED,REP,REPUBLICAN,53.0,10081994.0,Age4165,AA91556
ALAMANCE,A,ACTIVE,BLACKWOODDEREKSEATON,DEREKSEATONBLACKWOOD,203CEARLKIMBERRD,WHITE,NL,NOTHISPANICorNOTLATINO,DEM,DEMOCRATIC,,10021987.0,Age4165,AA62483
ALAMANCE,A,ACTIVE,BLACKWOODHILARYSUSAN,HILARYSUSANBLACKWOOD,2460MILLBROOKDR,WHITE,NL,NOTHISPANICorNOTLATINO,DEM,DEMOCRATIC,52.0,3122004.0,Age4165,AA133427
ALAMANCE,R,REMOVED,BLACKWOODIRENESMITH,IRENESMITHBLACKWOOD,1812WOODAVE,WHITE,NL,NOTHISPANICorNOTLATINO,REP,REPUBLICAN,78.0,,AgeOver66,
ALAMANCE,A,ACTIVE,BLACKWOODJOYCEPHELPS,JOYCEPHELPSBLACKWOOD,6252BETTY'SWAY,WHITE,NL,NOTHISPANICorNOTLATINO,UNA,UNAFFILIATED,53.0,10052012.0,Age4165,BH123566
ALAMANCE,A,ACTIVE,BLACKWOODKENONRAYJR,KENONRAYBLACKWOODJR,2460MILLBROOKDR,WHITE,NL,NOTHISPANICorNOTLATINO,DEM,DEMOCRATIC,53.0,9072004.0,Age4165,AA137296
ALAMANCE,A,ACTIVE,BLACKWOODLINDAMEDLIN,LINDAMEDLINBLACKWOOD,4124NCHWY5438,WHITE,UN,UNDESIGNATED,REP,REPUBLICAN,54.0,6031994.0,Age4165,AA90312
ALAMANCE,A,ACTIVE,BLACKWOODMINNIEHAMLETT,MINNIEHAMLETTBLACKWOOD,7221HOLMANMILLRD,WHITE,NL,NOTHISPANICorNOTLATINO,REP,REPUBLICAN,67.0,7112000.0,AgeOver66,AA118804
ALAMANCE,A,ACTIVE,BLACKWOODPAMELAANN,PAMELAANNBLACKWOOD,21CATESCIRCLEDRA,WHITE,NL,NOTHISPANICorNOTLATINO,DEM,DEMOCRATIC,60.0,11062000.0,Age4165,AA122038
ALAMANCE,A,ACTIVE,BLACKWOODROBERTCRAIGJR,ROBERTCRAIGBLACKWOODJR,2021SWEETBAYCIR,WHITE,NL,NOTHISPANICorNOTLATINO,DEM,DEMOCRATIC,,4121996.0,Age4165,AA99005
ALAMANCE,A,ACTIVE,BLACKWOODSAMUELBANKSJR,SAMUELBANKSBLACKWOODJR,317LAKESIDEAVE,WHITE,NL,NOTHISPANICorNOTLATINO,UNA,UNAFFILIATED,83.0,9122003.0,AgeOver66,AA131295
ALAMANCE,R,REMOVED,BLACKWOODSONYAHILLIARD,SONYAHILLIARDBLACKWOOD,302NMAPLEST,WHITE,NL,NOTHISPANICorNOTLATINO,REP,REPUBLICAN,37.0,4132004.0,Age2640,AA133826
ALAMANCE,A,ACTIVE,BLAETZJARRYDDALTON,JARRYDDALTONBLAETZ,515EDINBURGHDR,WHITE,NL,NOTHISPANICorNOTLATINO,UNA,UNAFFILIATED,20.0,6232010.0,,AA165853
ALAMANCE,A,ACTIVE,BLAETZPATRICIAGALLAGHER,PATRICIAGALLAGHERBLAETZ,515EDINBURGHDR,WHITE,NL,NOTHISPANICorNOTLATINO,UNA,UNAFFILIATED,54.0,8061994.0,Age4165,AA90741
ALAMANCE,A,ACTIVE,BLAETZPETERTIMSON,PETERTIMSONBLAETZ,515EDINBURGHDR,WHITE,NL,NOTHISPANICorNOTLATINO,UNA,UNAFFILIATED,53.0,7111994.0,Age4165,AA90391
ALAMANCE,A,ACTIVE,BLAETZZACHARYTIMSON,ZACHARYTIMSONBLAETZ,515EDINBURGHDR,WHITE,UN,UNDESIGNATED,UNA,UNAFFILIATED,24.0,9182008.0,,AA157266
ALAMANCE,A,ACTIVE,BLAHUTAGAILLYNN,GAILLYNNBLAHUTA,2010LEWISDR,WHITE,NL,NOTHISPANICorNOTLATINO,REP,REPUBLICAN,41.0,4071989.0,Age4165,AA69026
ALAMANCE,A,ACTIVE,BLAHUTAJOEWILLIE,JOEWILLIEBLAHUTA,2010LEWISDR,WHITE,NL,NOTHISPANICorNOTLATINO,UNA,UNAFFILIATED,70.0,5041988.0,AgeOver66,AA64952
ALAMANCE,A,ACTIVE,BLAHUTAMARGARETMURPHY,,2010LEWISDR,WHITE,NL,NOTHISPANICorNOTLATINO,DEM,DEMOCRATIC,67.0,9231988.0,AgeOver66,AA66176
ALAMANCE,I,INACTIVE,BLAINFRANCISMAURICE,FRANCISMAURICEBLAIN,206KITLN,WHITE,NL,NOTHISPANICorNOTLATINO,REP,REPUBLICAN,73.0,6142004.0,AgeOver66,AA134838
ALAMANCE,I,INACTIVE,BLAINPHYLLISMAE,PHYLLISMAEBLAIN,206KITLN,WHITE,UN,UNDESIGNATED,REP,REPUBLICAN,70.0,1162002.0,AgeOver66,AA126071
ALAMANCE,A,ACTIVE,BLAIRBARBARAANN,BARBARAANNBLAIR,406FOUNTAINPL,WHITE,NL,NOTHISPANICorNOTLATINO,UNA,UNAFFILIATED,54.0,9201984.0,Age4165,
ALAMANCE,A,ACTIVE,BLAIRBARBARABECHTOLD,BARBARABECHTOLDBLAIR,,WHITE,NL,NOTHISPANICorNOTLATINO,REP,REPUBLICAN,53.0,10081984.0,Age4165,
ALAMANCE,A,ACTIVE,BLAIRCHRISTOPHERALLEN,CHRISTOPHERALLENBLAIR,1460THOMASHAITHLN,WHITE,UN,UNDESIGNATED,DEM,DEMOCRATIC,24.0,11072006.0,,AA148059
ALAMANCE,A,ACTIVE,BLAIRDAPHNEBARNES,DAPHNEBARNESBLAIR,2316MELFIELDDR,BLACKorAFRICANAMERICAN,NL,NOTHISPANICorNOTLATINO,UNA,UNAFFILIATED,51.0,9181997.0,Age4165,AA107553
ALAMANCE,A,ACTIVE,BLAIRDAVIDLEE,DAVIDLEEBLAIR,406FOUNTAINPL,WHITE,NL,NOTHISPANICorNOTLATINO,DEM,DEMOCRATIC,56.0,9211987.0,Age4165,AA62092
ALAMANCE,A,ACTIVE,BLAIRFAYEBROADWAY,FAYEBROADWAYBLAIR,,WHITE,NL,NOTHISPANICorNOTLATINO,DEM,DEMOCRATIC,69.0,12301997.0,AgeOver66,AA108576
ALAMANCE,A,ACTIVE,BLAIRFELECIAROACH,FELECIAROACHBLAIR,1004PINERIDGECT,WHITE,NL,NOTHISPANICorNOTLATINO,REP,REPUBLICAN,51.0,12291995.0,Age4165,AA96930
ALAMANCE,A,ACTIVE,BLAIRFRANCESGAIL,FRANCESGAILBLAIR,1511BRAMBLETONCT,WHITE,NL,NOTHISPANICorNOTLATINO,REP,REPUBLICAN,68.0,9252008.0,AgeOver66,AA157365
ALAMANCE,R,REMOVED,BLAIRFRANCESERWIN,FRANCESERWINBLAIR,900ELAKEDR,WHITE,NL,NOTHISPANICorNOTLATINO,UNA,UNAFFILIATED,87.0,10291960.0,AgeOver66,AA14432
ALAMANCE,R,REMOVED,BLAIRGEORGEWALKERJR,GEORGEWALKERBLAIRJR,1880BROOKWOODAVE405,WHITE,UN,UNDESIGNATED,UNA,UNAFFILIATED,88.0,5121962.0,AgeOver66,
ALAMANCE,A,ACTIVE,BLAIRGEORGEWALKERIII,GEORGEWALKERBLAIRIII,1400ROSLYNDR17D,WHITE,NL,NOTHISPANICorNOTLATINO,UNA,UNAFFILIATED,60.0,9021980.0,Age4165,
ALAMANCE,A,ACTIVE,BLAIRJASONJOHN,JASONJOHNBLAIR,,WHITE,NL,NOTHISPANICorNOTLATINO,REP,REPUBLICAN,52.0,8311990.0,Age4165,AA73200
ALAMANCE,A,ACTIVE,BLAIRKRISTINELIZABETH,KRISTINELIZABETHBLAIR,2302QUAKERCREEKDR,WHITE,NL,NOTHISPANICorNOTLATINO,REP,REPUBLICAN,30.0,8192002.0,Age2640,AA127453
ALAMANCE,D,DENIED,BLAIRLISAREGINA,,847TROLLINGWOODHAWFIELDSRD,WHITE,NL,NOTHISPANICorNOTLATINO,REP,REPUBLICAN,,9181996.0,Age4165,AA102088
ALAMANCE,I,INACTIVE,BLAIRLYNNGANT,,513APPLEST,BLACKorAFRICANAMERICAN,NL,NOTHISPANICorNOTLATINO,DEM,DEMOCRATIC,57.0,11072000.0,Age4165,AA121906
ALAMANCE,A,ACTIVE,BLAIRMARIEJESCHOW,,1460THOMASHAITHLN,WHITE,NL,NOTHISPANICorNOTLATINO,DEM,DEMOCRATIC,59.0,1021992.0,Age4165,AA79403
ALAMANCE,A,ACTIVE,BLAIRMARYHELEN,,1880BROOKWOODAVE405,WHITE,UN,UNDESIGNATED,UNA,UNAFFILIATED,86.0,4201968.0,AgeOver66,AA27706
ALAMANCE,I,INACTIVE,BLAIRMAUREENANN,,1416JEFFRIESCROSSRD,UNDESIGNATED,HL,HISPANICorLATINO,UNA,UNAFFILIATED,,9202004.0,Age4165,AA137945
ALAMANCE,A,ACTIVE,BLAIRMAXINEP,,,WHITE,UN,UNDESIGNATED,DEM,DEMOCRATIC,85.0,10052007.0,AgeOver66,BL116828
ALAMANCE,I,INACTIVE,BLAIRNICHOLASJERROD,NICHOLASJERRODBLAIR,513APPLEST,BLACKorAFRICANAMERICAN,NL,NOTHISPANICorNOTLATINO,UNA,UNAFFILIATED,23.0,11252009.0,,AA165047
ALAMANCE,A,ACTIVE,BLAIRRICHARDJOSEPH,RICHARDJOSEPHBLAIR,509PINEST,WHITE,NL,NOTHISPANICorNOTLATINO,DEM,DEMOCRATIC,77.0,8251993.0,AgeOver66,AA87892
ALAMANCE,A,ACTIVE,BLAIRRICHARDCOREY,RICHARDCOREYBLAIR,,WHITE,UN,UNDESIGNATED,REP,REPUBLICAN,24.0,9142010.0,,AA166768
ALAMANCE,A,ACTIVE,BLAIRROBERTPETER,ROBERTPETERBLAIR,2302QUAKERCREEKDR,WHITE,NL,NOTHISPANICorNOTLATINO,REP,REPUBLICAN,62.0,,Age4165,AA128368
ALAMANCE,A,ACTIVE,BLAIRSCOTTRONALD,SCOTTRONALDBLAIR,8583HINSHAWSHOPRD,WHITE,NL,NOTHISPANICorNOTLATINO,REP,REPUBLICAN,,9142012.0,Age4165,BY473316
ALAMANCE,A,ACTIVE,BLAIRSUZANNEMARIE,SUZANNEMARIEBLAIR,8583HINSHAWSHOPRD,WHITE,NL,NOTHISPANICorNOTLATINO,UNA,UNAFFILIATED,41.0,10242011.0,Age4165,BY236720
ALAMANCE,I,INACTIVE,BLAIRTHERISIAMARIE,THERISIAMARIEBLAIR,1727MAPLEAVE,WHITE,NL,NOTHISPANICorNOTLATINO,DEM,DEMOCRATIC,39.0,2191999.0,Age2640,AA113290
ALAMANCE,A,ACTIVE,BLAIRTODDH,TODDHBLAIR,509PINEST,WHITE,NL,NOTHISPANICorNOTLATINO,UNA,UNAFFILIATED,,10051995.0,Age4165,AA95807
ALAMANCE,A,ACTIVE,BLAISPAULINEMARIE,PAULINEMARIEBLAIS,611GRACEAVEB,WHITE,UN,UNDESIGNATED,UNA,UNAFFILIATED,53.0,,Age4165,AA176874
ALAMANCE,A,ACTIVE,BLAISDELLGEORGEHENRY,GEORGEHENRYBLAISDELL,430WARDST,WHITE,NL,NOTHISPANICorNOTLATINO,UNA,UNAFFILIATED,,,Age4165,AX27342
ALAMANCE,I,INACTIVE,BLAKEANNEREDDICK,ANNEREDDICKBLAKE,2432HARRISONDR,WHITE,NL,NOTHISPANICorNOTLATINO,UNA,UNAFFILIATED,69.0,3101997.0,AgeOver66,AA105733
ALAMANCE,I,INACTIVE,BLAKEANTINA,ANTINABLAKE,841SARAHWILLIAMSAVE,UNDESIGNATED,UN,UNDESIGNATED,UNA,UNAFFILIATED,32.0,12182007.0,Age2640,AA163810
ALAMANCE,A,ACTIVE,BLAKEBRITTANYNICOLE,BRITTANYNICOLEBLAKE,700EHAGGARDAVE,WHITE,NL,NOTHISPANICorNOTLATINO,UNA,UNAFFILIATED,18.0,10012012.0,,AA175374
ALAMANCE,A,ACTIVE,BLAKECAMERONRAE,CAMERONRAEBLAKE,822LOOPRD,WHITE,UN,UNDESIGNATED,UNA,UNAFFILIATED,29.0,9112012.0,Age2640,AA174699
ALAMANCE,A,ACTIVE,BLAKECAMERONAUSTIN,CAMERONAUSTINBLAKE,3199CARRIAGECREEKCT,OTHER,HL,HISPANICorLATINO,DEM,DEMOCRATIC,18.0,7022012.0,,AA172619
ALAMANCE,A,ACTIVE,BLAKECAROLCOBB,CAROLCOBBBLAKE,207TRINITYDR,WHITE,NL,NOTHISPANICorNOTLATINO,REP,REPUBLICAN,73.0,10051970.0,AgeOver66,
ALAMANCE,A,ACTIVE,BLAKECAROLINESPINELLI,CAROLINESPINELLIBLAKE,206AMALLARDCREEKDR,WHITE,NL,NOTHISPANICorNOTLATINO,UNA,UNAFFILIATED,64.0,7311990.0,Age4165,AA72739
ALAMANCE,A,ACTIVE,BLAKECHERYLL,CHERYLLBLAKE,825CORNWALLISDR,WHITE,NL,NOTHISPANICorNOTLATINO,UNA,UNAFFILIATED,56.0,9162002.0,Age4165,AA127797
ALAMANCE,A,ACTIVE,BLAKECOURTNEYNICOLE,COURTNEYNICOLEBLAKE,5377LONGSPURDR,BLACKorAFRICANAMERICAN,NL,NOTHISPANICorNOTLATINO,DEM,DEMOCRATIC,19.0,5042011.0,,AA168481
ALAMANCE,A,ACTIVE,BLAKEDEBRAMONTALVO,DEBRAMONTALVOBLAKE,3199CARRIAGECREEKCT,UNDESIGNATED,HL,HISPANICorLATINO,REP,REPUBLICAN,,,Age4165,AA140308
ALAMANCE,A,ACTIVE,BLAKEELLENMARIE,ELLENMARIEBLAKE,2250DELANEYDR,WHITE,NL,NOTHISPANICorNOTLATINO,UNA,UNAFFILIATED,68.0,10242006.0,AgeOver66,AA148152
ALAMANCE,A,ACTIVE,BLAKEJAMESGLENN,JAMESGLENNBLAKE,608COUNTRYCLUBDR,WHITE,NL,NOTHISPANICorNOTLATINO,REP,REPUBLICAN,58.0,8271990.0,Age4165,AA72900
ALAMANCE,A,ACTIVE,BLAKEJASONMICHAEL,JASONMICHAELBLAKE,742CRUTCHFIELDDR,WHITE,NL,NOTHISPANICorNOTLATINO,REP,REPUBLICAN,27.0,2152008.0,Age2640,AA152277
ALAMANCE,A,ACTIVE,BLAKEJAZMINEALISANDRA,JAZMINEALISANDRABLAKE,418QUINTASAVE,UNDESIGNATED,UN,UNDESIGNATED,UNA,UNAFFILIATED,23.0,9142012.0,,AA174838
ALAMANCE,D,DENIED,BLAKEJONSTEWART,JONSTEWARTBLAKE,1528SMEBANEST,WHITE,NL,NOTHISPANICorNOTLATINO,UNA,UNAFFILIATED,44.0,6031999.0,Age4165,AA114360
ALAMANCE,A,ACTIVE,BLAKEJONATHANANDREW,JONATHANANDREWBLAKE,,WHITE,NL,NOTHISPANICorNOTLATINO,REP,REPUBLICAN,,7311990.0,Age4165,AA72521
ALAMANCE,A,ACTIVE,BLAKEJUDYWESTBROOKS,JUDYWESTBROOKSBLAKE,608COUNTRYCLUBDR,WHITE,NL,NOTHISPANICorNOTLATINO,DEM,DEMOCRATIC,60.0,,Age4165,AA14988
ALAMANCE,A,ACTIVE,BLAKEMARYMUCKENFUSS,,203FRIENDLYRD,WHITE,NL,NOTHISPANICorNOTLATINO,DEM,DEMOCRATIC,81.0,8241992.0,AgeOver66,AA82477
ALAMANCE,A,ACTIVE,BLAKEMATTHEWJUSTIN,,734CRUTCHFIELDDR,WHITE,NL,NOTHISPANICorNOTLATINO,UNA,UNAFFILIATED,30.0,8272008.0,Age2640,DE183444
ALAMANCE,A,ACTIVE,BLAKEMICHAELCHRISTOPHER,,1705QUAKERCREEKDR,BLACKorAFRICANAMERICAN,NL,NOTHISPANICorNOTLATINO,DEM,DEMOCRATIC,25.0,12202011.0,,AA169945
ALAMANCE,A,ACTIVE,BLAKENANCYDELOACHE,NANCYDELOACHEBLAKE,,WHITE,NL,NOTHISPANICorNOTLATINO,DEM,DEMOCRATIC,,4091984.0,Age4165,
ALAMANCE,A,ACTIVE,BLAKEREBECCAFIELDS,REBECCAFIELDSBLAKE,1700ROSLYNDR25B,WHITE,NL,NOTHISPANICorNOTLATINO,DEM,DEMOCRATIC,59.0,4302008.0,Age4165,DN49207
ALAMANCE,A,ACTIVE,BLAKEROBERTGRADY,ROBERTGRADYBLAKE,207TRINITYDR,WHITE,NL,NOTHISPANICorNOTLATINO,REP,REPUBLICAN,78.0,10051970.0,AgeOver66,
ALAMANCE,A,ACTIVE,BLAKESHIRLEYMARIE,SHIRLEYMARIEBLAKE,2192MAYDR,WHITE,UN,UNDESIGNATED,UNA,UNAFFILIATED,69.0,4102008.0,AgeOver66,AA154549
ALAMANCE,A,ACTIVE,BLAKETHOMASLEON,THOMASLEONBLAKE,3199CARRIAGECREEKCT,WHITE,UN,UNDESIGNATED,REP,REPUBLICAN,52.0,,Age4165,AA140307
ALAMANCE,A,ACTIVE,BLAKETIFFANYMARIE,TIFFANYMARIEBLAKE,365BOGGSRANCHRD,WHITE,NL,NOTHISPANICorNOTLATINO,UNA,UNAFFILIATED,23.0,9142012.0,,AA175165
ALAMANCE,A,ACTIVE,BLAKELYBOBBIECAMPBELL,BOBBIECAMPBELLBLAKELY,3768LUTHERCT,WHITE,NL,NOTHISPANICorNOTLATINO,REP,REPUBLICAN,83.0,8162001.0,AgeOver66,AA124297
ALAMANCE,A,ACTIVE,BLAKELYBRANDONWAYNE,BRANDONWAYNEBLAKELY,224WILLOWBROOKCT,WHITE,NL,NOTHISPANICorNOTLATINO,REP,REPUBLICAN,33.0,10292008.0,Age2640,AA161972
ALAMANCE,A,ACTIVE,BLAKELYJONESHOYTJR,JONESHOYTBLAKELYJR,3768LUTHERCT,WHITE,NL,NOTHISPANICorNOTLATINO,REP,REPUBLICAN,85.0,8142001.0,AgeOver66,AA124298
ALAMANCE,A,ACTIVE,BLAKENEYSONIACARISSA,SONIACARISSABLAKENEY,505BALLPARKAVE,BLACKorAFRICANAMERICAN,NL,NOTHISPANICorNOTLATINO,DEM,DEMOCRATIC,39.0,12181998.0,Age2640,AA112367
ALAMANCE,A,ACTIVE,BLALOCKAARONLYNN,AARONLYNNBLALOCK,5142MTHERMONROCKCREEKRD,WHITE,UN,UNDESIGNATED,LIB,LIBERTARIAN,26.0,2032004.0,Age2640,AA132943
ALAMANCE,A,ACTIVE,BLALOCKALFREDFRANKLINJR,ALFREDFRANKLINBLALOCKJR,2428SWEPSONVILLERD,WHITE,NL,NOTHISPANICorNOTLATINO,REP,REPUBLICAN,64.0,,Age4165,AA68081
ALAMANCE,A,ACTIVE,BLALOCKAMBERBROOKE,AMBERBROOKEBLALOCK,,WHITE,UN,UNDESIGNATED,UNA,UNAFFILIATED,31.0,11022010.0,Age2640,AA167436
ALAMANCE,A,ACTIVE,BLALOCKBETTYBOWMAN,BETTYBOWMANBLALOCK,1880BROOKWOODAVE106,WHITE,UN,UNDESIGNATED,DEM,DEMOCRATIC,80.0,,AgeOver66,BY364917
ALAMANCE,A,ACTIVE,BLALOCKBONNIESUE,BONNIESUEBLALOCK,215EPINEST,WHITE,NL,NOTHISPANICorNOTLATINO,REP,REPUBLICAN,54.0,7171976.0,Age4165,
ALAMANCE,A,ACTIVE,BLALOCKCAROLANN,CAROLANNBLALOCK,3927CLAPPMILLRD,WHITE,NL,NOTHISPANICorNOTLATINO,REP,REPUBLICAN,63.0,,Age4165,AA124908
ALAMANCE,A,ACTIVE,BLALOCKCHARLESFREDERICKSR,CHARLESFREDERICKBLALOCKSR,235ROLLINGRD,BLACKorAFRICANAMERICAN,NL,NOTHISPANICorNOTLATINO,DEM,DEMOCRATIC,81.0,3012001.0,AgeOver66,AA122888
ALAMANCE,R,REMOVED,BLALOCKCHERYLCREECH,CHERYLCREECHBLALOCK,3190OAKRIDGEDR,WHITE,NL,NOTHISPANICorNOTLATINO,REP,REPUBLICAN,59.0,10061986.0,Age4165,AA60759
ALAMANCE,A,ACTIVE,BLALOCKCHRISTOPHERJOHN,CHRISTOPHERJOHNBLALOCK,3348NESTER'SCT,WHITE,NL,NOTHISPANICorNOTLATINO,REP,REPUBLICAN,33.0,9272012.0,Age2640,AX28112
ALAMANCE,A,ACTIVE,BLALOCKCHRISTOPHERDAVID,CHRISTOPHERDAVIDBLALOCK,,WHITE,NL,NOTHISPANICorNOTLATINO,UNA,UNAFFILIATED,32.0,3252009.0,Age2640,AA163621
ALAMANCE,A,ACTIVE,BLALOCKCOTYALLEN,COTYALLENBLALOCK,5108MTHERMONROCKCREEKRD,WHITE,UN,UNDESIGNATED,REP,REPUBLICAN,19.0,9212012.0,,AA175097
ALAMANCE,A,ACTIVE,BLALOCKCYNTHIAANN,CYNTHIAANNBLALOCK,2554HYDEST,WHITE,NL,NOTHISPANICorNOTLATINO,REP,REPUBLICAN,,4041986.0,Age4165,AA59814
ALAMANCE,I,INACTIVE,BLALOCKCYNTHIALOY,CYNTHIALOYBLALOCK,2760BELLEMONTALAMANCERD,WHITE,NL,NOTHISPANICorNOTLATINO,UNA,UNAFFILIATED,,4071984.0,Age4165,
ALAMANCE,A,ACTIVE,BLALOCKDAVIDALLEN,DAVIDALLENBLALOCK,5108MTHERMONROCKCREEKRD,WHITE,NL,NOTHISPANICorNOTLATINO,REP,REPUBLICAN,50.0,8161996.0,Age4165,AA101015
ALAMANCE,A,ACTIVE,BLALOCKDEBORAHEILEEN,DEBORAHEILEENBLALOCK,9637SNCHWY49,WHITE,NL,NOTHISPANICorNOTLATINO,UNA,UNAFFILIATED,57.0,9151995.0,Age4165,AA95669
ALAMANCE,R,REMOVED,BLALOCKDEBRACHEEK,DEBRACHEEKBLALOCK,2943COUNCILMANDR,WHITE,NL,NOTHISPANICorNOTLATINO,REP,REPUBLICAN,56.0,9011977.0,Age4165,
ALAMANCE,A,ACTIVE,BLALOCKDELCIEHART,DELCIEHARTBLALOCK,4409DOGWOODRD,WHITE,NL,NOTHISPANICorNOTLATINO,UNA,UNAFFILIATED,81.0,,AgeOver66,
ALAMANCE,A,ACTIVE,BLALOCKDOROTHYKIVETT,DOROTHYKIVETTBLALOCK,2814MAPLEAVEB,WHITE,NL,NOTHISPANICorNOTLATINO,UNA,UNAFFILIATED,73.0,3291993.0,AgeOver66,AA86904
ALAMANCE,R,REMOVED,BLALOCKELISABETHANN,ELISABETHANNBLALOCK,,WHITE,UN,UNDESIGNATED,REP,REPUBLICAN,29.0,8302002.0,Age2640,AA127798
ALAMANCE,A,ACTIVE,BLALOCKELIZABETHNEWTON,ELIZABETHNEWTONBLALOCK,511NCHARLESST,WHITE,UN,UNDESIGNATED,REP,REPUBLICAN,43.0,10072008.0,Age4165,DE118000
ALAMANCE,A,ACTIVE,BLALOCKELIZABETHNELSON,ELIZABETHNELSONBLALOCK,4943HOMESTEADDR,WHITE,NL,NOTHISPANICorNOTLATINO,DEM,DEMOCRATIC,44.0,6052007.0,Age4165,BL238067
ALAMANCE,A,ACTIVE,BLALOCKEVELYNMOORE,EVELYNMOOREBLALOCK,215EPINEST,WHITE,NL,NOTHISPANICorNOTLATINO,REP,REPUBLICAN,86.0,5061950.0,AgeOver66,
ALAMANCE,I,INACTIVE,BLALOCKFRANCESBRYANT,FRANCESBRYANTBLALOCK,523CHEEKSLN,WHITE,NL,NOTHISPANICorNOTLATINO,DEM,DEMOCRATIC,93.0,4291940.0,AgeOver66,
ALAMANCE,I,INACTIVE,BLALOCKGEORGIABARE,GEORGIABAREBLALOCK,1626MORNINGSIDEDRG,WHITE,NL,NOTHISPANICorNOTLATINO,UNA,UNAFFILIATED,76.0,4242006.0,AgeOver66,AA146390
ALAMANCE,A,ACTIVE,BLALOCKGRETASTOUT,GRETASTOUTBLALOCK,709EHAGGARDAVEA,WHITE,NL,NOTHISPANICorNOTLATINO,DEM,DEMOCRATIC,,11262001.0,Age4165,AA124909
ALAMANCE,A,ACTIVE,BLALOCKHAROLDSCOTT,HAROLDSCOTTBLALOCK,4943HOMESTEADDR,WHITE,NL,NOTHISPANICorNOTLATINO,REP,REPUBLICAN,,6042007.0,Age4165,BL188446
ALAMANCE,A,ACTIVE,BLALOCKHAROLDJAMES,HAROLDJAMESBLALOCK,633STONEST,WHITE,NL,NOTHISPANICorNOTLATINO,REP,REPUBLICAN,60.0,9281982.0,Age4165,
ALAMANCE,A,ACTIVE,BLALOCKJACOBFLOYDJR,JACOBFLOYDBLALOCKJR,441CHEEKSLN,WHITE,NL,NOTHISPANICorNOTLATINO,DEM,DEMOCRATIC,88.0,10251958.0,AgeOver66,
ALAMANCE,A,ACTIVE,BLALOCKJAMESALBERT,JAMESALBERTBLALOCK,,WHITE,NL,NOTHISPANICorNOTLATINO,DEM,DEMOCRATIC,82.0,10241964.0,AgeOver66,
ALAMANCE,A,ACTIVE,BLALOCKJAMESWILLIAM,JAMESWILLIAMBLALOCK,1661AALLENJARRETTDR,WHITE,NL,NOTHISPANICorNOTLATINO,DEM,DEMOCRATIC,70.0,3101984.0,AgeOver66,
ALAMANCE,I,INACTIVE,BLALOCKJAMESEVERETTE,JAMESEVERETTEBLALOCK,2025STONEBROOKDR,WHITE,NL,NOTHISPANICorNOTLATINO,REP,REPUBLICAN,23.0,11152006.0,,AA148153
ALAMANCE,A,ACTIVE,BLALOCKJAMESGREGORY,JAMESGREGORYBLALOCK,3551FORESTDALEDRSG,WHITE,NL,NOTHISPANICorNOTLATINO,UNA,UNAFFILIATED,43.0,3232009.0,Age4165,AA133008
ALAMANCE,A,ACTIVE,BLALOCKJENNIFERWALKER,JENNIFERWALKERBLALOCK,3348NESTER'SCT,WHITE,NL,NOTHISPANICorNOTLATINO,REP,REPUBLICAN,27.0,6252004.0,Age2640,AA135136
ALAMANCE,R,REMOVED,BLALOCKJOHNNIEEDWARDSR,JOHNNIEEDWARDBLALOCKSR,4409DOGWOODRD,WHITE,NL,NOTHISPANICorNOTLATINO,REP,REPUBLICAN,83.0,10281950.0,AgeOver66,
ALAMANCE,A,ACTIVE,BLALOCKJONATHANEDWARD,JONATHANEDWARDBLALOCK,,WHITE,UN,UNDESIGNATED,UNA,UNAFFILIATED,30.0,4102000.0,Age2640,AA118108
ALAMANCE,A,ACTIVE,BLALOCKJOSEPHWARREN,JOSEPHWARRENBLALOCK,1817MEADOWVIEWDR,WHITE,NL,NOTHISPANICorNOTLATINO,DEM,DEMOCRATIC,88.0,9181996.0,AgeOver66,AA102089
ALAMANCE,A,ACTIVE,BLALOCKKATHIEMARIE,KATHIEMARIEBLALOCK,1745CEDARCREEKDR,WHITE,NL,NOTHISPANICorNOTLATINO,DEM,DEMOCRATIC,56.0,7051996.0,Age4165,AA100357
ALAMANCE,R,REMOVED,BLALOCKKATHLEENHART,KATHLEENHARTBLALOCK,1580WATKINSRD,WHITE,NL,NOTHISPANICorNOTLATINO,DEM,DEMOCRATIC,87.0,,AgeOver66,
ALAMANCE,A,ACTIVE,BLALOCKKATHYLORRAINE,KATHYLORRAINEBLALOCK,4118MTHERMONROCKCREEKRD,WHITE,NL,NOTHISPANICorNOTLATINO,REP,REPUBLICAN,43.0,2091994.0,Age4165,AA89229
ALAMANCE,D,DENIED,BLALOCKKATHYJEAN,KATHYJEANBLALOCK,206NFISHERST,WHITE,NL,NOTHISPANICorNOTLATINO,REP,REPUBLICAN,57.0,5082000.0,Age4165,AA118109
ALAMANCE,A,ACTIVE,BLALOCKKENNETHWAYNE,KENNETHWAYNEBLALOCK,2601NNCHWY4915,WHITE,NL,NOTHISPANICorNOTLATINO,REP,REPUBLICAN,53.0,8102007.0,Age4165,DE135621
ALAMANCE,A,ACTIVE,BLALOCKLAKEWRENN,LAKEWRENNBLALOCK,633STONEST,WHITE,NL,NOTHISPANICorNOTLATINO,DEM,DEMOCRATIC,60.0,1041971.0,Age4165,AA31913
ALAMANCE,A,ACTIVE,BLALOCKLINDAWESTBROOKS,,5108MTHERMONROCKCREEKRD,WHITE,NL,NOTHISPANICorNOTLATINO,REP,REPUBLICAN,44.0,8161996.0,Age4165,AA101016
ALAMANCE,R,REMOVED,BLALOCKMAMIELEESEAGROVE,,2554HYDEST,WHITE,NL,NOTHISPANICorNOTLATINO,REP,REPUBLICAN,98.0,5161964.0,AgeOver66,
ALAMANCE,A,ACTIVE,BLALOCKMARKTODD,,5132MTHERMONROCKCREEKRD,WHITE,NL,NOTHISPANICorNOTLATINO,UNA,UNAFFILIATED,,4301996.0,Age4165,AA99295
ALAMANCE,A,ACTIVE,BLALOCKMARYPITTS,,2428SWEPSONVILLERD,WHITE,NL,NOTHISPANICorNOTLATINO,REP,REPUBLICAN,66.0,,AgeOver66,AA68082
ALAMANCE,A,ACTIVE,BLALOCKMICHAELLEE,,1745CEDARCREEKDR,WHITE,NL,NOTHISPANICorNOTLATINO,UNA,UNAFFILIATED,57.0,11122002.0,Age4165,AA128521
ALAMANCE,A,ACTIVE,BLALOCKMILDREDBREWER,,441CHEEKSLN,WHITE,NL,NOTHISPANICorNOTLATINO,DEM,DEMOCRATIC,85.0,10261968.0,AgeOver66,
ALAMANCE,A,ACTIVE,BLALOCKNICHOLASLEE,NICHOLASLEEBLALOCK,142OLIVERLN,WHITE,NL,NOTHISPANICorNOTLATINO,UNA,UNAFFILIATED,30.0,,Age2640,AA124691
ALAMANCE,I,INACTIVE,BLALOCKNICKOLASWAYNE,NICKOLASWAYNEBLALOCK,5465SWEPSONVILLESAXAPAHAWRD,WHITE,NL,NOTHISPANICorNOTLATINO,UNA,UNAFFILIATED,33.0,12302003.0,Age2640,AA132485
ALAMANCE,A,ACTIVE,BLALOCKPEGGYNEEMS,PEGGYNEEMSBLALOCK,502VETERANDR,WHITE,NL,NOTHISPANICorNOTLATINO,UNA,UNAFFILIATED,65.0,11162006.0,Age4165,AA148154
ALAMANCE,A,ACTIVE,BLALOCKPHYLLISGODWIN,PHYLLISGODWINBLALOCK,7652OAKFLATLN,WHITE,UN,UNDESIGNATED,UNA,UNAFFILIATED,65.0,3312008.0,Age4165,BL6766
ALAMANCE,A,ACTIVE,BLALOCKRACHELLELYNETTE,RACHELLELYNETTEBLALOCK,4118MTHERMONROCKCREEKRD,WHITE,UN,UNDESIGNATED,DEM,DEMOCRATIC,22.0,4082008.0,,AA153309
ALAMANCE,I,INACTIVE,BLALOCKRANDALLSCOTT,RANDALLSCOTTBLALOCK,,WHITE,NL,NOTHISPANICorNOTLATINO,DEM,DEMOCRATIC,41.0,6212004.0,Age4165,AA134897
ALAMANCE,A,ACTIVE,BLALOCKRONNIEGRAY,RONNIEGRAYBLALOCK,3190OAKRIDGEDR,WHITE,NL,NOTHISPANICorNOTLATINO,UNA,UNAFFILIATED,63.0,10022008.0,Age4165,AA161355
ALAMANCE,A,ACTIVE,BLALOCKROYLEEJR,ROYLEEBLALOCKJR,1880BROOKWOODAVE106,WHITE,NL,NOTHISPANICorNOTLATINO,DEM,DEMOCRATIC,82.0,,AgeOver66,AA176499
ALAMANCE,A,ACTIVE,BLALOCKRUTHEDWARDS,RUTHEDWARDSBLALOCK,1661AALLENJARRETTDR,WHITE,NL,NOTHISPANICorNOTLATINO,REP,REPUBLICAN,64.0,4071976.0,Age4165,
ALAMANCE,A,ACTIVE,BLALOCKSARABYRD,SARABYRDBLALOCK,1817MEADOWVIEWDR,WHITE,NL,NOTHISPANICorNOTLATINO,DEM,DEMOCRATIC,85.0,9181996.0,AgeOver66,AA102090
ALAMANCE,I,INACTIVE,BLALOCKSPENCERDANE,SPENCERDANEBLALOCK,,WHITE,UN,UNDESIGNATED,REP,REPUBLICAN,23.0,10062008.0,,CJ128912
ALAMANCE,A,ACTIVE,BLALOCKSTEVENGERALD,STEVENGERALDBLALOCK,1522WATKINSRD,WHITE,NL,NOTHISPANICorNOTLATINO,DEM,DEMOCRATIC,38.0,4061992.0,Age2640,AA80622
ALAMANCE,A,ACTIVE,BLALOCKSUSANDELAYNE,SUSANDELAYNEBLALOCK,1580WATKINSRD,WHITE,NL,NOTHISPANICorNOTLATINO,DEM,DEMOCRATIC,54.0,3271980.0,Age4165,
ALAMANCE,A,ACTIVE,BLALOCKTERRYLEE,TERRYLEEBLALOCK,5142MTHERMONROCKCREEKRD,WHITE,NL,NOTHISPANICorNOTLATINO,DEM,DEMOCRATIC,57.0,11141983.0,Age4165,
ALAMANCE,A,ACTIVE,BLALOCKTIMOTHYFLOYD,TIMOTHYFLOYDBLALOCK,4118MTHERMONROCKCREEKRD,WHITE,NL,NOTHISPANICorNOTLATINO,DEM,DEMOCRATIC,52.0,4221993.0,Age4165,AA87099
ALAMANCE,A,ACTIVE,BLALOCKTODDANDREW,TODDANDREWBLALOCK,5132MTHERMONROCKCREEKRD,WHITE,UN,UNDESIGNATED,UNA,UNAFFILIATED,22.0,,,AA159568
ALAMANCE,A,ACTIVE,BLALOCKWANDAGAIL,WANDAGAILBLALOCK,5132MTHERMONROCKCREEKRD,WHITE,NL,NOTHISPANICorNOTLATINO,REP,REPUBLICAN,,1131995.0,Age4165,AA92675
ALAMANCE,A,ACTIVE,BLALOCKWILHELMINAT,WILHELMINATBLALOCK,235ROLLINGRD,BLACKorAFRICANAMERICAN,NL,NOTHISPANICorNOTLATINO,DEM,DEMOCRATIC,68.0,3122001.0,AgeOver66,AA122889
ALAMANCE,D,DENIED,BLANCAFLORJESSICACHRISTINE,JESSICACHRISTINEBLANCAFLOR,1921MORROWSCHOOLRD,WHITE,NL,NOTHISPANICorNOTLATINO,UNA,UNAFFILIATED,21.0,6232009.0,,AA164197
ALAMANCE,A,ACTIVE,BLANCHARDAGNESBOONE,AGNESBOONEBLANCHARD,577BOONERD,WHITE,NL,NOTHISPANICorNOTLATINO,DEM,DEMOCRATIC,88.0,,AgeOver66,
ALAMANCE,A,ACTIVE,BLANCHARDBETHELFREDERICKIII,BETHELFREDERICKBLANCHARDIII,940BORDERLAKETRL,WHITE,NL,NOTHISPANICorNOTLATINO,REP,REPUBLICAN,57.0,6011976.0,Age4165,
ALAMANCE,A,ACTIVE,BLANCHARDBETTYTROXLER,BETTYTROXLERBLANCHARD,465ALTAMAHAWUNIONRIDGERD,WHITE,NL,NOTHISPANICorNOTLATINO,DEM,DEMOCRATIC,68.0,10261968.0,AgeOver66,
ALAMANCE,A,ACTIVE,BLANCHARDBETTYWARD,BETTYWARDBLANCHARD,413JONESST,WHITE,NL,NOTHISPANICorNOTLATINO,REP,REPUBLICAN,80.0,,AgeOver66,
ALAMANCE,A,ACTIVE,BLANCHARDBILLYWAYNE,BILLYWAYNEBLANCHARD,465ALTAMAHAWUNIONRIDGERD,WHITE,NL,NOTHISPANICorNOTLATINO,UNA,UNAFFILIATED,76.0,,AgeOver66,
ALAMANCE,A,ACTIVE,BLANCHARDBILLYWAYNEJR,BILLYWAYNEBLANCHARDJR,630MCARTHURLN,WHITE,NL,NOTHISPANICorNOTLATINO,UNA,UNAFFILIATED,,,Age4165,AA177932
ALAMANCE,A,ACTIVE,BLANCHARDBRYANTHOMAS,BRYANTHOMASBLANCHARD,4932PREACHERHOLMESRD,WHITE,NL,NOTHISPANICorNOTLATINO,UNA,UNAFFILIATED,26.0,8192010.0,Age2640,AA166587
ALAMANCE,A,ACTIVE,BLANCHARDCOLEYWILLIAM,COLEYWILLIAMBLANCHARD,2746SPRINGGARDENRD,WHITE,NL,NOTHISPANICorNOTLATINO,DEM,DEMOCRATIC,52.0,3211978.0,Age4165,
ALAMANCE,A,ACTIVE,BLANCHARDDANNYBOONE,DANNYBOONEBLANCHARD,2937UNIONRIDGERD,WHITE,NL,NOTHISPANICorNOTLATINO,DEM,DEMOCRATIC,57.0,4121983.0,Age4165,
ALAMANCE,A,ACTIVE,BLANCHARDDANNYLYNN,DANNYLYNNBLANCHARD,4241BLANCHARDRD,WHITE,NL,NOTHISPANICorNOTLATINO,DEM,DEMOCRATIC,54.0,2201976.0,Age4165,
ALAMANCE,A,ACTIVE,BLANCHARDDAVIDNATHANIEL,DAVIDNATHANIELBLANCHARD,1001GEORGETOWNEDR,WHITE,NL,NOTHISPANICorNOTLATINO,UNA,UNAFFILIATED,19.0,9242012.0,,AA174994
ALAMANCE,A,ACTIVE,BLANCHARDDEBRADRIVER,DEBRADRIVERBLANCHARD,940BORDERLAKETRL,WHITE,NL,NOTHISPANICorNOTLATINO,REP,REPUBLICAN,57.0,4091979.0,Age4165,
ALAMANCE,A,ACTIVE,BLANCHARDDEBRAOVERMAN,DEBRAOVERMANBLANCHARD,4241BLANCHARDRD,WHITE,NL,NOTHISPANICorNOTLATINO,DEM,DEMOCRATIC,52.0,3151984.0,Age4165,
ALAMANCE,A,ACTIVE,BLANCHARDDIANECOOK,DIANECOOKBLANCHARD,2937UNIONRIDGERD,WHITE,NL,NOTHISPANICorNOTLATINO,DEM,DEMOCRATIC,55.0,11012008.0,Age4165,AA162443
ALAMANCE,A,ACTIVE,BLANCHARDDONALDBOYD,DONALDBOYDBLANCHARD,4026BLANCHARDRD,WHITE,UN,UNDESIGNATED,UNA,UNAFFILIATED,67.0,,AgeOver66,
ALAMANCE,A,ACTIVE,BLANCHARDDONALDKEITH,DONALDKEITHBLANCHARD,611BOONERD,WHITE,NL,NOTHISPANICorNOTLATINO,DEM,DEMOCRATIC,55.0,10021980.0,Age4165,
ALAMANCE,A,ACTIVE,BLANCHARDDOROTHYFAUCETTE,DOROTHYFAUCETTEBLANCHARD,4026BLANCHARDRD,WHITE,NL,NOTHISPANICorNOTLATINO,REP,REPUBLICAN,66.0,1071980.0,AgeOver66,
ALAMANCE,I,INACTIVE,BLANCHARDEARLCHANDLER,EARLCHANDLERBLANCHARD,3045OCHERST,WHITE,NL,NOTHISPANICorNOTLATINO,DEM,DEMOCRATIC,89.0,10261989.0,AgeOver66,AA70037
ALAMANCE,A,ACTIVE,BLANCHARDEDNAOLIVER,EDNAOLIVERBLANCHARD,503NFIFTHST,WHITE,NL,NOTHISPANICorNOTLATINO,DEM,DEMOCRATIC,74.0,10251962.0,AgeOver66,
ALAMANCE,R,REMOVED,BLANCHARDELIZABETHJOJOLA,ELIZABETHJOJOLABLANCHARD,2247BURCHBRIDGERD,WHITE,NL,NOTHISPANICorNOTLATINO,REP,REPUBLICAN,91.0,10261968.0,AgeOver66,
ALAMANCE,A,ACTIVE,BLANCHARDERINBARBEE,ERINBARBEEBLANCHARD,2728DEEST,WHITE,NL,NOTHISPANICorNOTLATINO,UNA,UNAFFILIATED,34.0,8211996.0,Age2640,AA101219
ALAMANCE,A,ACTIVE,BLANCHARDESTHERPERRY,ESTHERPERRYBLANCHARD,822BORDERLAKETRL,WHITE,NL,NOTHISPANICorNOTLATINO,REP,REPUBLICAN,83.0,,AgeOver66,
ALAMANCE,A,ACTIVE,BLANCHARDGEORGETHOMASIII,GEORGETHOMASBLANCHARDIII,1507GEORGEBASONRD,WHITE,NL,NOTHISPANICorNOTLATINO,DEM,DEMOCRATIC,73.0,5141960.0,AgeOver66,
ALAMANCE,I,INACTIVE,BLANCHARDGLADYSMURIEL,GLADYSMURIELBLANCHARD,3045OCHERST,WHITE,NL,NOTHISPANICorNOTLATINO,DEM,DEMOCRATIC,91.0,10261989.0,AgeOver66,AA70038
ALAMANCE,A,ACTIVE,BLANCHARDGORDONLEEJR,GORDONLEEBLANCHARDJR,636GUNNST,WHITE,UN,UNDESIGNATED,DEM,DEMOCRATIC,56.0,10032012.0,Age4165,AA175867
ALAMANCE,A,ACTIVE,BLANCHARDGREGORYOLIVER,GREGORYOLIVERBLANCHARD,,WHITE,NL,NOTHISPANICorNOTLATINO,DEM,DEMOCRATIC,,9281995.0,Age4165,AA95738
ALAMANCE,A,ACTIVE,BLANCHARDHELENCHRISTINE,HELENCHRISTINEBLANCHARD,4021BLANCHARDRD,WHITE,NL,NOTHISPANICorNOTLATINO,DEM,DEMOCRATIC,81.0,8251956.0,AgeOver66,
ALAMANCE,R,REMOVED,BLANCHARDJAMESEDWARD,JAMESEDWARDBLANCHARD,4021BLANCHARDRD,WHITE,NL,NOTHISPANICorNOTLATINO,DEM,DEMOCRATIC,83.0,5061950.0,AgeOver66,
ALAMANCE,A,ACTIVE,BLANCHARDJEFFREYBRYAN,JEFFREYBRYANBLANCHARD,306SLATEDR,WHITE,NL,NOTHISPANICorNOTLATINO,REP,REPUBLICAN,26.0,9032010.0,Age2640,AA166728
ALAMANCE,A,ACTIVE,BLANCHARDJELENEBAILEY,JELENEBAILEYBLANCHARD,1507GEORGEBASONRD,WHITE,NL,NOTHISPANICorNOTLATINO,REP,REPUBLICAN,76.0,5161964.0,AgeOver66,
ALAMANCE,R,REMOVED,BLANCHARDJOANTHOMAS,JOANTHOMASBLANCHARD,,WHITE,NL,NOTHISPANICorNOTLATINO,DEM,DEMOCRATIC,78.0,5141966.0,AgeOver66,
ALAMANCE,A,ACTIVE,BLANCHARDJOSEPHWILLIAM,JOSEPHWILLIAMBLANCHARD,,WHITE,NL,NOTHISPANICorNOTLATINO,DEM,DEMOCRATIC,26.0,9302008.0,Age2640,AA158208
ALAMANCE,A,ACTIVE,BLANCHARDKIMBERLYJOYCE,KIMBERLYJOYCEBLANCHARD,630MCARTHURLN,WHITE,NL,NOTHISPANICorNOTLATINO,REP,REPUBLICAN,37.0,8262005.0,Age2640,AA144456
ALAMANCE,A,ACTIVE,BLANCHARDLAURAELLEN,LAURAELLENBLANCHARD,1001GEORGETOWNEDR,WHITE,NL,NOTHISPANICorNOTLATINO,UNA,UNAFFILIATED,51.0,9161987.0,Age4165,AA62044
ALAMANCE,A,ACTIVE,BLANCHARDLAURENSUGGS,LAURENSUGGSBLANCHARD,,WHITE,NL,NOTHISPANICorNOTLATINO,DEM,DEMOCRATIC,27.0,8112006.0,Age2640,AA147198
ALAMANCE,A,ACTIVE,BLANCHARDLINDAWILLIAMS,,211FORESTDR,WHITE,NL,NOTHISPANICorNOTLATINO,DEM,DEMOCRATIC,71.0,,AgeOver66,
ALAMANCE,A,ACTIVE,BLANCHARDLORAFULP,,2839SJIMMINORRD,WHITE,NL,NOTHISPANICorNOTLATINO,REP,REPUBLICAN,,10011987.0,Age4165,AA62412
ALAMANCE,R,REMOVED,BLANCHARDLORIANN,,924KINGST,WHITE,NL,NOTHISPANICorNOTLATINO,REP,REPUBLICAN,42.0,2031988.0,Age4165,AA63385
ALAMANCE,A,ACTIVE,BLANCHARDMARKALEX,,1515SMEBANEST115,WHITE,NL,NOTHISPANICorNOTLATINO,REP,REPUBLICAN,50.0,9231980.0,Age4165,
ALAMANCE,A,ACTIVE,BLANCHARDMARYMILLER,,1880BROOKWOODAVE318,WHITE,NL,NOTHISPANICorNOTLATINO,DEM,DEMOCRATIC,94.0,5171952.0,AgeOver66,
ALAMANCE,A,ACTIVE,BLANCHARDMARYBOWMAN,,1904WLAKEDR,WHITE,NL,NOTHISPANICorNOTLATINO,DEM,DEMOCRATIC,26.0,4162004.0,Age2640,AA133827
ALAMANCE,A,ACTIVE,BLANCHARDMELISSAJOYCEWILSON,,306SLATEDR,WHITE,NL,NOTHISPANICorNOTLATINO,REP,REPUBLICAN,25.0,1172008.0,,AA151865
ALAMANCE,A,ACTIVE,BLANCHARDMORGANLINDSAY,MORGANLINDSAYBLANCHARD,940BORDERLAKETRL,WHITE,NL,NOTHISPANICorNOTLATINO,REP,REPUBLICAN,29.0,3172003.0,Age2640,AA129815
ALAMANCE,A,ACTIVE,BLANCHARDMORRISNOEL,MORRISNOELBLANCHARD,,WHITE,NL,NOTHISPANICorNOTLATINO,REP,REPUBLICAN,79.0,5141966.0,AgeOver66,
ALAMANCE,R,REMOVED,BLANCHARDNANCYTIDWELL,NANCYTIDWELLBLANCHARD,924KINGST,WHITE,NL,NOTHISPANICorNOTLATINO,DEM,DEMOCRATIC,78.0,9241980.0,AgeOver66,
ALAMANCE,A,ACTIVE,BLANCHARDRENEETAYLOR,RENEETAYLORBLANCHARD,705WILBARD,WHITE,NL,NOTHISPANICorNOTLATINO,UNA,UNAFFILIATED,42.0,6061988.0,Age4165,AA65191
ALAMANCE,A,ACTIVE,BLANCHARDRICHARDVINCENT,RICHARDVINCENTBLANCHARD,1001GEORGETOWNEDR,WHITE,NL,NOTHISPANICorNOTLATINO,UNA,UNAFFILIATED,50.0,9161987.0,Age4165,AA62045
ALAMANCE,A,ACTIVE,BLANCHARDROGERWOODSON,ROGERWOODSONBLANCHARD,303SHADOWBROOKDR,WHITE,NL,NOTHISPANICorNOTLATINO,REP,REPUBLICAN,51.0,3142002.0,Age4165,AA125993
ALAMANCE,A,ACTIVE,BLANCHARDSANDRAPARRISH,SANDRAPARRISHBLANCHARD,2746SPRINGGARDENRD,WHITE,NL,NOTHISPANICorNOTLATINO,REP,REPUBLICAN,,9261984.0,Age4165,
ALAMANCE,A,ACTIVE,BLANCHARDSANDRASHELTON,SANDRASHELTONBLANCHARD,573BOBRAINEYTRL,WHITE,NL,NOTHISPANICorNOTLATINO,REP,REPUBLICAN,34.0,1112012.0,Age2640,AA170071
ALAMANCE,A,ACTIVE,BLANCHARDSARAHNICHOLSON,SARAHNICHOLSONBLANCHARD,2022SMEBANEST,WHITE,NL,NOTHISPANICorNOTLATINO,DEM,DEMOCRATIC,80.0,8251956.0,AgeOver66,
ALAMANCE,A,ACTIVE,BLANCHARDSTEVENEUGENE,STEVENEUGENEBLANCHARD,2839SJIMMINORRD,WHITE,NL,NOTHISPANICorNOTLATINO,UNA,UNAFFILIATED,52.0,3291984.0,Age4165,
ALAMANCE,A,ACTIVE,BLANCHARDSUZANNESACONN,SUZANNESACONNBLANCHARD,611BOONERD,WHITE,NL,NOTHISPANICorNOTLATINO,REP,REPUBLICAN,53.0,3311992.0,Age4165,AA80625
ALAMANCE,A,ACTIVE,BLANCHARDTHOMASPRESTONJR,THOMASPRESTONBLANCHARDJR,573BOBRAINEYTRL,WHITE,UN,UNDESIGNATED,REP,REPUBLICAN,44.0,5022006.0,Age4165,AA146312
ALAMANCE,R,REMOVED,BLANCHARDTHOMASPRESTON,THOMASPRESTONBLANCHARD,2022SMEBANEST,WHITE,NL,NOTHISPANICorNOTLATINO,DEM,DEMOCRATIC,81.0,1011900.0,AgeOver66,
ALAMANCE,A,ACTIVE,BLANCHARDWILLIAMMATTHEW,WILLIAMMATTHEWBLANCHARD,1001GEORGETOWNEDR,WHITE,NL,NOTHISPANICorNOTLATINO,UNA,UNAFFILIATED,22.0,4142008.0,,AA154147
ALAMANCE,A,ACTIVE,BLANCHETREEDERVERA(NMN),VERA(NMN)BLANCHETREEDER,410PEELEST,WHITE,NL,NOTHISPANICorNOTLATINO,DEM,DEMOCRATIC,63.0,4151993.0,Age4165,AA87101
ALAMANCE,A,ACTIVE,BLANCHFIELDWILLIAMJUNIOR,WILLIAMJUNIORBLANCHFIELD,2916CORBETTRD,WHITE,NL,NOTHISPANICorNOTLATINO,UNA,UNAFFILIATED,52.0,4142005.0,Age4165,AA143534
ALAMANCE,A,ACTIVE,BLANCOJOSEJ,JOSEJBLANCO,122EDGEWOODCHURCHRD5,WHITE,NL,NOTHISPANICorNOTLATINO,DEM,DEMOCRATIC,77.0,9072000.0,AgeOver66,AA119627
ALAMANCE,A,ACTIVE,BLANCOPEGGYFULLER,PEGGYFULLERBLANCO,410JERKINSST,BLACKorAFRICANAMERICAN,NL,NOTHISPANICorNOTLATINO,DEM,DEMOCRATIC,64.0,3131992.0,Age4165,AA80390
ALAMANCE,I,INACTIVE,BLANDAMYN,AMYNBLAND,,WHITE,NL,NOTHISPANICorNOTLATINO,REP,REPUBLICAN,39.0,7061994.0,Age2640,AA90573
ALAMANCE,A,ACTIVE,BLANDBARBARAALEXANDER,BARBARAALEXANDERBLAND,,WHITE,NL,NOTHISPANICorNOTLATINO,UNA,UNAFFILIATED,62.0,9222000.0,Age4165,AA120201
ALAMANCE,A,ACTIVE,BLANDCARLINGUDD,CARLINGUDDBLAND,2026SHIRLEYDR,WHITE,NL,NOTHISPANICorNOTLATINO,REP,REPUBLICAN,51.0,11161992.0,Age4165,AA85742
ALAMANCE,A,ACTIVE,BLANDCATHYELIZABETH,CATHYELIZABETHBLAND,1528WWEBBAVE,WHITE,NL,NOTHISPANICorNOTLATINO,DEM,DEMOCRATIC,61.0,,Age4165,
ALAMANCE,A,ACTIVE,BLANDCHARLESTREVOR,CHARLESTREVORBLAND,700EHAGGARDAVE,TWOorMORERACES,UN,UNDESIGNATED,UNA,UNAFFILIATED,18.0,,,AA177453
ALAMANCE,A,ACTIVE,BLANDJOHNSHERWOOD,JOHNSHERWOODBLAND,2026SHIRLEYDR,WHITE,NL,NOTHISPANICorNOTLATINO,UNA,UNAFFILIATED,,8011991.0,Age4165,AA78035
ALAMANCE,A,ACTIVE,BLANDMEGANELIZABETH,,2026SHIRLEYDR,WHITE,UN,UNDESIGNATED,UNA,UNAFFILIATED,18.0,9262012.0,,AA175328
ALAMANCE,A,ACTIVE,BLANDMILDREDBOSWELL,,857ROSSST,BLACKorAFRICANAMERICAN,NL,NOTHISPANICorNOTLATINO,DEM,DEMOCRATIC,68.0,2231976.0,AgeOver66,
ALAMANCE,R,REMOVED,BLANDOWENT,OWENTBLAND,3531BRUNDAGELN,WHITE,NL,NOTHISPANICorNOTLATINO,UNA,UNAFFILIATED,86.0,5021964.0,AgeOver66,
ALAMANCE,A,ACTIVE,BLANDOWENTHOMAS,OWENTHOMASBLAND,409ASHLEYWOODSDR,WHITE,UN,UNDESIGNATED,UNA,UNAFFILIATED,86.0,8252011.0,AgeOver66,AE23601
ALAMANCE,R,REMOVED,BLANDRUBYCOOK,RUBYCOOKBLAND,1769PRINCEEDWARDDR,WHITE,NL,NOTHISPANICorNOTLATINO,DEM,DEMOCRATIC,83.0,10291960.0,AgeOver66,
ALAMANCE,A,ACTIVE,BLANDSTEPHONANDRE,STEPHONANDREBLAND,405COBBLESTONECT,BLACKorAFRICANAMERICAN,NL,NOTHISPANICorNOTLATINO,DEM,DEMOCRATIC,,6112002.0,Age4165,AA126584
ALAMANCE,A,ACTIVE,BLANDSUSANRANDOLPH,SUSANRANDOLPHBLAND,,WHITE,NL,NOTHISPANICorNOTLATINO,REP,REPUBLICAN,76.0,3031988.0,AgeOver66,AA64048
ALAMANCE,A,ACTIVE,BLANDTHOMASROSS,THOMASROSSBLAND,857ROSSST,BLACKorAFRICANAMERICAN,UN,UNDESIGNATED,DEM,DEMOCRATIC,73.0,,AgeOver66,AA177348
ALAMANCE,A,ACTIVE,BLANDTONOLADORISBROWN,TONOLADORISBROWNBLAND,405COBBLESTONECT,BLACKorAFRICANAMERICAN,NL,NOTHISPANICorNOTLATINO,DEM,DEMOCRATIC,,9101996.0,Age4165,AA101717
ALAMANCE,A,ACTIVE,BLANDVERONICAANDREA,VERONICAANDREABLAND,100PHOENIXDR,OTHER,HL,HISPANICorLATINO,REP,REPUBLICAN,18.0,11022012.0,,AA178706
ALAMANCE,A,ACTIVE,BLANDWILLIAMJEFFREY,WILLIAMJEFFREYBLAND,,WHITE,NL,NOTHISPANICorNOTLATINO,DEM,DEMOCRATIC,63.0,5091983.0,Age4165,
ALAMANCE,R,REMOVED,BLANDWILMAFRANCES,WILMAFRANCESBLAND,3531BRUNDAGELN,WHITE,NL,NOTHISPANICorNOTLATINO,UNA,UNAFFILIATED,79.0,,AgeOver66,
ALAMANCE,A,ACTIVE,BLANDWILMAFRANCES,WILMAFRANCESBLAND,409ASHLEYWOODSDR,WHITE,UN,UNDESIGNATED,UNA,UNAFFILIATED,79.0,8252011.0,AgeOver66,AE23600
ALAMANCE,A,ACTIVE,BLANDINGJONATHANJOEL,JONATHANJOELBLANDING,416WILLOWBROOKCT,BLACKorAFRICANAMERICAN,NL,NOTHISPANICorNOTLATINO,DEM,DEMOCRATIC,28.0,2262009.0,Age2640,AA163504
ALAMANCE,A,ACTIVE,BLANELATISSHAMARIE,LATISSHAMARIEBLANE,2304CARTERRD,BLACKorAFRICANAMERICAN,UN,UNDESIGNATED,DEM,DEMOCRATIC,30.0,1112007.0,Age2640,AA148631
ALAMANCE,A,ACTIVE,BLANEYROBERTMICHAEL,ROBERTMICHAELBLANEY,2000PAISLEYDR131,WHITE,NL,NOTHISPANICorNOTLATINO,UNA,UNAFFILIATED,55.0,12172009.0,Age4165,AA165143
ALAMANCE,A,ACTIVE,BLANFORDVICKIEJO,VICKIEJOBLANFORD,3508GARDENRDH3,WHITE,NL,NOTHISPANICorNOTLATINO,REP,REPUBLICAN,62.0,12042007.0,Age4165,AA151401
ALAMANCE,A,ACTIVE,BLANFORDWILLIAMCHARLES,WILLIAMCHARLESBLANFORD,3508GARDENRDH3,WHITE,NL,NOTHISPANICorNOTLATINO,REP,REPUBLICAN,64.0,1092008.0,Age4165,AA151696
ALAMANCE,A,ACTIVE,BLANKDAVIDLYNN,DAVIDLYNNBLANK,711MILLPOINTEWAY,WHITE,NL,NOTHISPANICorNOTLATINO,REP,REPUBLICAN,52.0,7062006.0,Age4165,AA146955
ALAMANCE,A,ACTIVE,BLANKLESLIEANNE,LESLIEANNEBLANK,711MILLPOINTEWAY,WHITE,NL,NOTHISPANICorNOTLATINO,REP,REPUBLICAN,,7062006.0,Age4165,AA146956
ALAMANCE,A,ACTIVE,BLANKEELIZABETHSOFIA,ELIZABETHSOFIABLANKE,7576SOUTHBROOKLN,WHITE,NL,NOTHISPANICorNOTLATINO,DEM,DEMOCRATIC,58.0,6222004.0,Age4165,AA135061
ALAMANCE,A,ACTIVE,BLANKENPAULTHOMAS,PAULTHOMASBLANKEN,1926SASHLANDDR,WHITE,NL,NOTHISPANICorNOTLATINO,DEM,DEMOCRATIC,40.0,4222008.0,Age2640,AA154972
ALAMANCE,A,ACTIVE,BLANKENSHIPAMANDACOOK,AMANDACOOKBLANKENSHIP,100PADDLECT,WHITE,NL,NOTHISPANICorNOTLATINO,REP,REPUBLICAN,32.0,,Age2640,AA121867
ALAMANCE,A,ACTIVE,BLANKENSHIPAMELIAFLEMING,AMELIAFLEMINGBLANKENSHIP,2211SJIMMINORRD,WHITE,NL,NOTHISPANICorNOTLATINO,DEM,DEMOCRATIC,27.0,10072004.0,Age2640,AA139311
ALAMANCE,A,ACTIVE,BLANKENSHIPCARLYMELISSA,CARLYMELISSABLANKENSHIP,3326NESTER'SCT,WHITE,NL,NOTHISPANICorNOTLATINO,UNA,UNAFFILIATED,40.0,9151993.0,Age2640,AA88137
ALAMANCE,A,ACTIVE,BLANKENSHIPCAROLYNHUNTER,CAROLYNHUNTERBLANKENSHIP,,WHITE,UN,UNDESIGNATED,DEM,DEMOCRATIC,99.0,9022004.0,AgeOver66,AA136929
ALAMANCE,A,ACTIVE,BLANKENSHIPCOURTNEYLAWSON,COURTNEYLAWSONBLANKENSHIP,307TRAILTWO,WHITE,NL,NOTHISPANICorNOTLATINO,REP,REPUBLICAN,19.0,,,AA169578
ALAMANCE,A,ACTIVE,BLANKENSHIPDOYELEEII,DOYELEEBLANKENSHIPII,100PADDLECT,WHITE,NL,NOTHISPANICorNOTLATINO,REP,REPUBLICAN,37.0,3012005.0,Age2640,AA143228
ALAMANCE,A,ACTIVE,BLANKENSHIPDRUCILLARUSSELL,DRUCILLARUSSELLBLANKENSHIP,412WELMST,WHITE,NL,NOTHISPANICorNOTLATINO,DEM,DEMOCRATIC,60.0,5111972.0,Age4165,AA34134
ALAMANCE,A,ACTIVE,BLANKENSHIPGLORIASTALLINGS,GLORIASTALLINGSBLANKENSHIP,208CATESAVE,WHITE,NL,NOTHISPANICorNOTLATINO,DEM,DEMOCRATIC,62.0,1101979.0,Age4165,
ALAMANCE,A,ACTIVE,BLANKENSHIPJONEMORY,JONEMORYBLANKENSHIP,412WELMST,WHITE,NL,NOTHISPANICorNOTLATINO,REP,REPUBLICAN,60.0,9111987.0,Age4165,AA62046
ALAMANCE,A,,BLANKENSHIPKEMBERLYHERITAGE,KEMBERLYHERITAGEBLANKENSHIP,3849BURCHBRIDGERD,WHITE,NL,NOTHISPANICorNOTLATINO,REP,REPUBLICAN,43.0,3092001.0,Age4165,AA123007
ALAMANCE,A,ACTIVE,BLANKENSHIPMICHAELDILLON,,2211SJIMMINORRD,WHITE,NL,NOTHISPANICorNOTLATINO,REP,REPUBLICAN,22.0,2052008.0,,AA152030
ALAMANCE,A,,BLANKENSHIPMIKECHURCH,,2211SJIMMINORRD,WHITE,NL,NOTHISPANICorNOTLATINO,DEM,DEMOCRATIC,61.0,4081980.0,Age4165,
ALAMANCE,A,,BLANKENSHIPNANNIEBEADDLES,NANNIEBEADDLESBLANKENSHIP,604NCARRST,WHITE,NL,NOTHISPANICorNOTLATINO,DEM,DEMOCRATIC,85.0,9212001.0,AgeOver66,AA124639
ALAMANCE,A,,BLANKENSHIPRHONDASINGLETON,RHONDASINGLETONBLANKENSHIP,2211SJIMMINORRD,WHITE,NL,NOTHISPANICorNOTLATINO,DEM,DEMOCRATIC,60.0,4081980.0,Age4165,
ALAMANCE,A,,BLANKENSHIPTERESAJEANETTE,TERESAJEANETTEBLANKENSHIP,604NCARRST,WHITE,NL,NOTHISPANICorNOTLATINO,DEM,DEMOCRATIC,52.0,9111998.0,Age4165,AA111542
ALAMANCE,A,,BLANKENSHIPWALTERPAULSR,WALTERPAULBLANKENSHIPSR,208CATESAVE,WHITE,UN,UNDESIGNATED,UNA,UNAFFILIATED,66.0,12071992.0,AgeOver66,AA85993
ALAMANCE,A,,BLANKENSHIPWILEYC,WILEYCBLANKENSHIP,401SUTTONPL,TWOorMORERACES,NL,NOTHISPANICorNOTLATINO,UNA,UNAFFILIATED,,10062008.0,Age4165,AA158128
ALAMANCE,R,REMOVED,BLANKINSHIPMATTHEWELLIS,,507SFOURTHST,WHITE,NL,NOTHISPANICorNOTLATINO,DEM,DEMOCRATIC,44.0,4231998.0,Age4165,AA110003
ALAMANCE,A,,BLANKSABRAHAMJERMAINE,ABRAHAMJERMAINEBLANKS,1315STOUTST,BLACKorAFRICANAMERICAN,UN,UNDESIGNATED,DEM,DEMOCRATIC,36.0,8282008.0,Age2640,AA156537
ALAMANCE,A,,BLANKSEDITHMCMILLIAN,EDITHMCMILLIANBLANKS,308NCHARLESST,BLACKorAFRICANAMERICAN,NL,NOTHISPANICorNOTLATINO,DEM,DEMOCRATIC,62.0,6232010.0,Age4165,AA165855
ALAMANCE,A,,BLANKSFREDERICKLAMONT,FREDERICKLAMONTBLANKS,308NCHARLESST,BLACKorAFRICANAMERICAN,NL,NOTHISPANICorNOTLATINO,DEM,DEMOCRATIC,42.0,3312010.0,Age4165,DE184103
ALAMANCE,A,,BLANKSJOSEPHVEAZEYSR,JOSEPHVEAZEYBLANKSSR,208JONESST,WHITE,NL,NOTHISPANICorNOTLATINO,DEM,DEMOCRATIC,78.0,2081988.0,AgeOver66,AA63615
ALAMANCE,A,,BLANKSJULIALOUISE,JULIALOUISEBLANKS,308NCHARLESST,BLACKorAFRICANAMERICAN,NL,NOTHISPANICorNOTLATINO,DEM,DEMOCRATIC,41.0,11012012.0,Age4165,DE184105
ALAMANCE,A,,BLANKSLEENMN,LEENMNBLANKS,3508GARDENRDC6,WHITE,NL,NOTHISPANICorNOTLATINO,REP,REPUBLICAN,65.0,10061972.0,Age4165,
ALAMANCE,I,INACTIVE,BLANKSMARIONDORIS,,,WHITE,NL,NOTHISPANICorNOTLATINO,UNA,UNAFFILIATED,70.0,3161995.0,AgeOver66,AA92676
ALAMANCE,A,,BLANKSSALLYKIMREY,SALLYKIMREYBLANKS,208JONESST,WHITE,NL,NOTHISPANICorNOTLATINO,REP,REPUBLICAN,69.0,10041980.0,AgeOver66,AA11277
ALAMANCE,I,INACTIVE,BLANTONELIZABETHERIN,ELIZABETHERINBLANTON,706HUFFMANMILLRDF5,WHITE,NL,NOTHISPANICorNOTLATINO,DEM,DEMOCRATIC,38.0,2102004.0,Age2640,AA132913
ALAMANCE,R,REMOVED,BLANTONKEVINRAY,KEVINRAYBLANTON,2243LACYST,WHITE,NL,NOTHISPANICorNOTLATINO,REP,REPUBLICAN,37.0,12062000.0,Age2640,AA122040
ALAMANCE,A,,BLANTONLEAMITCHELL,LEAMITCHELLBLANTON,611WESTRIDGEDR,WHITE,NL,NOTHISPANICorNOTLATINO,REP,REPUBLICAN,69.0,8151997.0,AgeOver66,AA107181
ALAMANCE,R,REMOVED,BLANTONVALERIELYNN,VALERIELYNNBLANTON,,WHITE,NL,NOTHISPANICorNOTLATINO,REP,REPUBLICAN,44.0,8292005.0,Age4165,AA144551
ALAMANCE,R,REMOVED,BLANTONWILLIAMRUSSELL,WILLIAMRUSSELLBLANTON,,WHITE,NL,NOTHISPANICorNOTLATINO,DEM,DEMOCRATIC,,8292005.0,Age4165,AA144457
ALAMANCE,A,,BLASERADAMFREEMAN,ADAMFREEMANBLASER,3017TANBARKCT,WHITE,NL,NOTHISPANICorNOTLATINO,UNA,UNAFFILIATED,23.0,8202009.0,,AA164585
ALAMANCE,A,,BLASERERICWILLIAM,ERICWILLIAMBLASER,3017TANBARKCT,WHITE,NL,NOTHISPANICorNOTLATINO,UNA,UNAFFILIATED,19.0,4292011.0,,AA168457
ALAMANCE,A,,BLASERJEFFREYSCOTT,JEFFREYSCOTTBLASER,3017TANBARKCT,WHITE,NL,NOTHISPANICorNOTLATINO,REP,REPUBLICAN,51.0,9271991.0,Age4165,AA78559
ALAMANCE,A,,BLASERJUDILOOS,JUDILOOSBLASER,687HUNTINGDONST,WHITE,UN,UNDESIGNATED,REP,REPUBLICAN,73.0,3252008.0,AgeOver66,AA152981
ALAMANCE,A,,BLASERREBECCAFREEMAN,REBECCAFREEMANBLASER,3017TANBARKCT,WHITE,NL,NOTHISPANICorNOTLATINO,REP,REPUBLICAN,,,Age4165,AA78762
ALAMANCE,R,REMOVED,BLATCHFORDKATHARINECLEMONS,KATHARINECLEMONSBLATCHFORD,1720OLDSTMARK'SCHURCHRD23E,WHITE,NL,NOTHISPANICorNOTLATINO,UNA,UNAFFILIATED,33.0,7312002.0,Age2640,AA127146
ALAMANCE,A,,BLATCHLEYCYNTHIALOUISE,CYNTHIALOUISEBLATCHLEY,1627MELODYLN,OTHER,NL,NOTHISPANICorNOTLATINO,DEM,DEMOCRATIC,56.0,7222004.0,Age4165,AA137421
ALAMANCE,A,,BLAYLOCKBARBARAADAMS,BARBARAADAMSBLAYLOCK,1821SMAINST,WHITE,NL,NOTHISPANICorNOTLATINO,DEM,DEMOCRATIC,77.0,10261968.0,AgeOver66,AA23932
ALAMANCE,R,REMOVED,BLAYLOCKCLAUDIAFAYE,CLAUDIAFAYEBLAYLOCK,332DOGGETTDR,WHITE,NL,NOTHISPANICorNOTLATINO,DEM,DEMOCRATIC,74.0,4071984.0,AgeOver66,
ALAMANCE,A,,BLAYLOCKCYNTHIAMCADAMS,CYNTHIAMCADAMSBLAYLOCK,2500ALBERTJEFFRIESRD3,WHITE,UN,UNDESIGNATED,REP,REPUBLICAN,,2062009.0,Age4165,AA163411
ALAMANCE,A,,BLAYLOCKJAMESVERNONII,JAMESVERNONBLAYLOCKII,2500ALBERTJEFFRIESRD3,WHITE,NL,NOTHISPANICorNOTLATINO,UNA,UNAFFILIATED,21.0,1222009.0,,AA163306
ALAMANCE,A,,BLAYLOCKJAMESBERNIE,JAMESBERNIEBLAYLOCK,2136ELONOSSIPEERD,WHITE,UN,UNDESIGNATED,UNA,UNAFFILIATED,,9011993.0,Age4165,AA87893
ALAMANCE,A,,BLAYLOCKJEANTURNER,JEANTURNERBLAYLOCK,402CHESTNUTST,WHITE,NL,NOTHISPANICorNOTLATINO,UNA,UNAFFILIATED,65.0,12301987.0,Age4165,AA63114
ALAMANCE,R,REMOVED,BLAYLOCKLEADAVIS,LEADAVISBLAYLOCK,928HANFORDRD,WHITE,NL,NOTHISPANICorNOTLATINO,REP,REPUBLICAN,85.0,10041984.0,AgeOver66,
ALAMANCE,R,REMOVED,BLAYLOCKMARYSIMPSON,,362STONEYCREEKCHURCHRD,WHITE,NL,NOTHISPANICorNOTLATINO,REP,REPUBLICAN,85.0,4301960.0,AgeOver66,
ALAMANCE,A,,BLAYLOCKMELISSADIANE,,2000PAISLEYDR136,WHITE,NL,NOTHISPANICorNOTLATINO,UNA,UNAFFILIATED,35.0,9032002.0,Age2640,AA127554
ALAMANCE,A,,BLAYLOCKMURIELSTEVENS,MURIELSTEVENSBLAYLOCK,928HANFORDRD,WHITE,NL,NOTHISPANICorNOTLATINO,UNA,UNAFFILIATED,86.0,7301993.0,AgeOver66,AA87588
ALAMANCE,A,,BLAYLOCKROYHOWARDII,ROYHOWARDBLAYLOCKII,1001STUARTDR,WHITE,NL,NOTHISPANICorNOTLATINO,REP,REPUBLICAN,,3301984.0,Age4165,
ALAMANCE,A,,BLAYLOCKROYHOWARDSR,ROYHOWARDBLAYLOCKSR,1821SMAINST,WHITE,UN,UNDESIGNATED,REP,REPUBLICAN,76.0,10011980.0,AgeOver66,
ALAMANCE,R,REMOVED,BLAYLOCKSARAHKATHERINE,SARAHKATHERINEBLAYLOCK,6250THOMRD,WHITE,NL,NOTHISPANICorNOTLATINO,UNA,UNAFFILIATED,34.0,7221998.0,Age2640,AA110546
ALAMANCE,A,,BLAYLOCKSUSANPAYNE,SUSANPAYNEBLAYLOCK,1001STUARTDR,WHITE,NL,NOTHISPANICorNOTLATINO,REP,REPUBLICAN,42.0,3291988.0,Age4165,AA64683
ALAMANCE,A,,BLAYLOCKTHOMASWESLEY,THOMASWESLEYBLAYLOCK,6208THOMRD,WHITE,NL,NOTHISPANICorNOTLATINO,UNA,UNAFFILIATED,33.0,10042004.0,Age2640,AA140144
ALAMANCE,R,REMOVED,BLAYLOCKWILLIAMHENRY,WILLIAMHENRYBLAYLOCK,362STONEYCREEKCHURCHRD,WHITE,NL,NOTHISPANICorNOTLATINO,REP,REPUBLICAN,86.0,4301960.0,AgeOver66,
ALAMANCE,A,,BLECKERMARIANLOUISE,,635MATTHEWCT,WHITE,NL,NOTHISPANICorNOTLATINO,DEM,DEMOCRATIC,56.0,11072002.0,Age4165,AA128527
ALAMANCE,A,,BLECSOLEJAMESTROY,JAMESTROYBLECSOLE,2556PITTRD,WHITE,UN,UNDESIGNATED,REP,REPUBLICAN,,5092012.0,Age4165,AA172735
ALAMANCE,A,,BLEDSOLEDARLENEMICHAEL,DARLENEMICHAELBLEDSOLE,2556PITTRD,WHITE,NL,NOTHISPANICorNOTLATINO,REP,REPUBLICAN,,7201994.0,Age4165,AA90594
ALAMANCE,A,,BLEDSOLEJAMESTREY,JAMESTREYBLEDSOLE,2556PITTRD,WHITE,NL,NOTHISPANICorNOTLATINO,REP,REPUBLICAN,25.0,4242012.0,,AA172280
ALAMANCE,A,,BLEICHDONNAJANE,DONNAJANEBLEICH,3508GARDENRDB7,WHITE,NL,NOTHISPANICorNOTLATINO,DEM,DEMOCRATIC,63.0,5142012.0,Age4165,AA172052
ALAMANCE,A,,BLENGINIDORAKROGER,DORAKROGERBLENGINI,,OTHER,NL,NOTHISPANICorNOTLATINO,UNA,UNAFFILIATED,66.0,10071996.0,Age4165,AA102856
ALAMANCE,A,,BLENGINIMALENIA,,,WHITE,NL,NOTHISPANICorNOTLATINO,UNA,UNAFFILIATED,39.0,2041992.0,Age2640,AA79713
ALAMANCE,I,INACTIVE,BLESSINGEMILYMARIE,EMILYMARIEBLESSING,1507QUAKERCREEKDR,WHITE,NL,NOTHISPANICorNOTLATINO,DEM,DEMOCRATIC,41.0,2022007.0,Age4165,AA148780
ALAMANCE,A,,BLESSINGTONSTEPHENDILLON,STEPHENDILLONBLESSINGTON,705CENTRALDR,WHITE,UN,UNDESIGNATED,UNA,UNAFFILIATED,41.0,11022004.0,Age4165,AA141525
ALAMANCE,A,,BLETHENCHRISTENKIMBERLY,CHRISTENKIMBERLYBLETHEN,428ALAMANCERDA,WHITE,NL,NOTHISPANICorNOTLATINO,UNA,UNAFFILIATED,,2202008.0,Age4165,AA152338
ALAMANCE,A,,BLETHENJANICERICH,JANICERICHBLETHEN,2169WALKERAVE,WHITE,NL,NOTHISPANICorNOTLATINO,DEM,DEMOCRATIC,68.0,6021976.0,AgeOver66,AA18521
ALAMANCE,A,,BLETHENTRACYANNE,TRACYANNEBLETHEN,2224SANDYLN,WHITE,NL,NOTHISPANICorNOTLATINO,REP,REPUBLICAN,,2151984.0,Age4165,
ALAMANCE,R,REMOVED,BLEVINSANGELIARAINES,ANGELIARAINESBLEVINS,808EHANOVERRD,WHITE,NL,NOTHISPANICorNOTLATINO,REP,REPUBLICAN,30.0,2192003.0,Age2640,AA129543
ALAMANCE,R,REMOVED,BLEVINSBILLYDURWARD,BILLYDURWARDBLEVINS,806SUDBURYCT,WHITE,NL,NOTHISPANICorNOTLATINO,DEM,DEMOCRATIC,83.0,4082003.0,AgeOver66,AA130010
ALAMANCE,A,,BLEVINSCHEYENNEELAINE,CHEYENNEELAINEBLEVINS,2419ADAMSFARMCT,OTHER,HL,HISPANICorLATINO,REP,REPUBLICAN,18.0,11032012.0,,AA178819
ALAMANCE,A,,BLEVINSDAVIDJAMES,DAVIDJAMESBLEVINS,4364SARTINROAD,WHITE,NL,NOTHISPANICorNOTLATINO,UNA,UNAFFILIATED,58.0,4091980.0,Age4165,
ALAMANCE,A,,BLEVINSELSIEWAGNER,ELSIEWAGNERBLEVINS,208COLLINWOODDR,WHITE,NL,NOTHISPANICorNOTLATINO,REP,REPUBLICAN,66.0,8112000.0,AgeOver66,AA119236
ALAMANCE,A,,BLEVINSGALEBAUGUSS,GALEBAUGUSSBLEVINS,505EMAINST,WHITE,NL,NOTHISPANICorNOTLATINO,REP,REPUBLICAN,65.0,8082000.0,Age4165,AA119237
ALAMANCE,A,,BLEVINSGAYLEROLEN,GAYLEROLENBLEVINS,218BENJAMINCT,WHITE,NL,NOTHISPANICorNOTLATINO,REP,REPUBLICAN,,12212010.0,Age4165,AA167828
ALAMANCE,R,REMOVED,BLEVINSILASHAW,ILASHAWBLEVINS,1526WICKHAMST,WHITE,NL,NOTHISPANICorNOTLATINO,REP,REPUBLICAN,81.0,,AgeOver66,AA88244
ALAMANCE,A,,BLEVINSJAMESROBERT,JAMESROBERTBLEVINS,525COLUMBIAAVE,WHITE,UN,UNDESIGNATED,UNA,UNAFFILIATED,27.0,4302012.0,Age2640,BY416230
ALAMANCE,R,REMOVED,BLEVINSJASONDAVID,JASONDAVIDBLEVINS,4364SARTINROAD,WHITE,NL,NOTHISPANICorNOTLATINO,REP,REPUBLICAN,30.0,8252004.0,Age2640,AA136674
ALAMANCE,A,,BLEVINSJEANFORTENBERRY,JEANFORTENBERRYBLEVINS,806SUDBURYCT,WHITE,NL,NOTHISPANICorNOTLATINO,DEM,DEMOCRATIC,79.0,4092003.0,AgeOver66,AA130011
ALAMANCE,A,,BLEVINSKATHYBARHAM,KATHYBARHAMBLEVINS,4364SARTINROAD,WHITE,NL,NOTHISPANICorNOTLATINO,REP,REPUBLICAN,58.0,2121976.0,Age4165,
ALAMANCE,A,,BLEVINSLISAMETCALF,,3402ASHLEY'SPONDCT,WHITE,NL,NOTHISPANICorNOTLATINO,DEM,DEMOCRATIC,51.0,3121980.0,Age4165,AA30821
ALAMANCE,A,,BLEVINSMARTHA,,2008SMEBANEST733C,WHITE,NL,NOTHISPANICorNOTLATINO,UNA,UNAFFILIATED,29.0,10052012.0,Age2640,BY387292
ALAMANCE,A,,BLEVINSMARYMARTIN,,1414COLLINSDRE3,WHITE,NL,NOTHISPANICorNOTLATINO,DEM,DEMOCRATIC,73.0,6281984.0,AgeOver66,
ALAMANCE,A,,BLEVINSPATRICIALOUISE,PATRICIALOUISEBLEVINS,611TRACYDRD,WHITE,NL,NOTHISPANICorNOTLATINO,UNA,UNAFFILIATED,19.0,12202011.0,,AA169944
ALAMANCE,A,,BLEVINSRONALDEUGENE,RONALDEUGENEBLEVINS,218BENJAMINCT,WHITE,NL,NOTHISPANICorNOTLATINO,REP,REPUBLICAN,,6232010.0,Age4165,AA165856
ALAMANCE,A,,BLEVINSRONALDELWOOD,RONALDELWOODBLEVINS,208COLLINWOODDR,WHITE,NL,NOTHISPANICorNOTLATINO,REP,REPUBLICAN,74.0,4051979.0,AgeOver66,
ALAMANCE,A,,BLEVINSSAMMYLEE,SAMMYLEEBLEVINS,505EMAINST,WHITE,NL,NOTHISPANICorNOTLATINO,REP,REPUBLICAN,70.0,7112000.0,AgeOver66,AA118806
ALAMANCE,A,,BLEVINSTHOMASWALTER,THOMASWALTERBLEVINS,3402ASHLEY'SPONDCT,WHITE,NL,NOTHISPANICorNOTLATINO,REP,REPUBLICAN,54.0,2081988.0,Age4165,AA63616
ALAMANCE,A,,BLIHARJOSEPHANTHONY,JOSEPHANTHONYBLIHAR,901WAGONERRD,WHITE,NL,NOTHISPANICorNOTLATINO,REP,REPUBLICAN,51.0,4061979.0,Age4165,
ALAMANCE,R,REMOVED,BLIHARJOSEPHRAYMOND,JOSEPHRAYMONDBLIHAR,901WAGONERRD,WHITE,NL,NOTHISPANICorNOTLATINO,UNA,UNAFFILIATED,81.0,5071996.0,AgeOver66,AA99297
ALAMANCE,A,,BLIHARMARILYNMARSH,,901WAGONERRD,WHITE,NL,NOTHISPANICorNOTLATINO,UNA,UNAFFILIATED,78.0,10071978.0,AgeOver66,
ALAMANCE,I,INACTIVE,BLINCOEKEVINEDMUND,KEVINEDMUNDBLINCOE,5365NNCHWY49,WHITE,UN,UNDESIGNATED,UNA,UNAFFILIATED,36.0,9112000.0,Age2640,AA119824
ALAMANCE,A,,BLINNALLANFRANCIS,ALLANFRANCISBLINN,4027COMRIELN,WHITE,UN,UNDESIGNATED,UNA,UNAFFILIATED,61.0,9232008.0,Age4165,BL342092
ALAMANCE,A,,BLINNDONNALEE,DONNALEEBLINN,4027COMRIELN,WHITE,UN,UNDESIGNATED,UNA,UNAFFILIATED,58.0,9232008.0,Age4165,AA157835
ALAMANCE,A,,BLISSNORMALEWIS,NORMALEWISBLISS,1842EDGEWOODLN,WHITE,NL,NOTHISPANICorNOTLATINO,UNA,UNAFFILIATED,70.0,10061994.0,AgeOver66,AA91355
ALAMANCE,A,,BLISSRICHARDDONALD,RICHARDDONALDBLISS,1842EDGEWOODLN,WHITE,UN,UNDESIGNATED,UNA,UNAFFILIATED,68.0,10271994.0,AgeOver66,AA91944
ALAMANCE,A,,BLITZMERISSAREBECCA,,756EHAGGARDAVE2020103,WHITE,NL,NOTHISPANICorNOTLATINO,UNA,UNAFFILIATED,21.0,3072012.0,,AA170556
ALAMANCE,I,INACTIVE,BLIZZARDROSACRISTINA,ROSACRISTINABLIZZARD,3993YOUNTCT,WHITE,NL,NOTHISPANICorNOTLATINO,REP,REPUBLICAN,76.0,4172006.0,AgeOver66,AA146391
ALAMANCE,R,REMOVED,BLOCKANGELAKAY,ANGELAKAYBLOCK,,WHITE,NL,NOTHISPANICorNOTLATINO,DEM,DEMOCRATIC,37.0,3081995.0,Age2640,AA92772
ALAMANCE,I,INACTIVE,BLOCKKATHERINEJANE,KATHERINEJANEBLOCK,201MOFFITTHALL,WHITE,UN,UNDESIGNATED,DEM,DEMOCRATIC,26.0,9222004.0,Age2640,AA138050
ALAMANCE,A,,BLOCKLIZBETHANNE,,5664SWEPSONVILLESAXAPAHAWRD,WHITE,NL,NOTHISPANICorNOTLATINO,UNA,UNAFFILIATED,21.0,1032012.0,,AA170010
ALAMANCE,R,REMOVED,BLOCKERDOUGLASDALEJR,DOUGLASDALEBLOCKERJR,335ROXBOROST,WHITE,NL,NOTHISPANICorNOTLATINO,DEM,DEMOCRATIC,56.0,7262001.0,Age4165,AA123974
ALAMANCE,A,,BLOCKERMICHAELEDWARD,,209COLONIALWAY,WHITE,NL,NOTHISPANICorNOTLATINO,UNA,UNAFFILIATED,,9132002.0,Age4165,AA127799
ALAMANCE,A,,BLOCKERTERRENCELAMONT,TERRENCELAMONTBLOCKER,50DENISEDR,BLACKorAFRICANAMERICAN,UN,UNDESIGNATED,DEM,DEMOCRATIC,29.0,6122012.0,Age2640,AA172818
ALAMANCE,A,,BLOCKERTILDACHEELEY,TILDACHEELEYBLOCKER,1528SMEBANEST803,BLACKorAFRICANAMERICAN,NL,NOTHISPANICorNOTLATINO,DEM,DEMOCRATIC,73.0,,AgeOver66,AA103062
ALAMANCE,A,,BLOEMEKECAROL,CAROLBLOEMEKE,,WHITE,NL,NOTHISPANICorNOTLATINO,UNA,UNAFFILIATED,74.0,9262007.0,AgeOver66,BL6900
ALAMANCE,A,,BLOEMEKEWILLIAMHENRY,WILLIAMHENRYBLOEMEKE,,WHITE,NL,NOTHISPANICorNOTLATINO,DEM,DEMOCRATIC,74.0,9262007.0,AgeOver66,BL6902
ALAMANCE,A,,BLOEMENJUDITHANN,JUDITHANNBLOEMEN,3038HUFFMANMILLRD20,WHITE,NL,NOTHISPANICorNOTLATINO,UNA,UNAFFILIATED,69.0,1022009.0,AgeOver66,AA162580
ALAMANCE,A,,BLOMELAINEINGRID,ELAINEINGRIDBLOM,2804EDGEWOODAVE,WHITE,NL,NOTHISPANICorNOTLATINO,REP,REPUBLICAN,38.0,10041992.0,Age2640,AA84815
ALAMANCE,A,,BLOMFLORENCEVIVIEN,FLORENCEVIVIENBLOM,2804EDGEWOODAVE,WHITE,NL,NOTHISPANICorNOTLATINO,REP,REPUBLICAN,84.0,12111978.0,AgeOver66,
ALAMANCE,A,,BLOMJOHNALGUT,JOHNALGUTBLOM,2804EDGEWOODAVE,WHITE,NL,NOTHISPANICorNOTLATINO,REP,REPUBLICAN,81.0,12111978.0,AgeOver66,
ALAMANCE,A,,BLOMMELISSAFAIRCLOTH,,2801WAGNERDR,WHITE,NL,NOTHISPANICorNOTLATINO,REP,REPUBLICAN,,5211982.0,Age4165,AA14741
ALAMANCE,A,,BLOMPETERTHURE,PETERTHUREBLOM,2801WAGNERDR,WHITE,NL,NOTHISPANICorNOTLATINO,UNA,UNAFFILIATED,,3051984.0,Age4165,
ALAMANCE,A,,BLOMZACHARYTYLER,ZACHARYTYLERBLOM,2801WAGNERDR,WHITE,NL,NOTHISPANICorNOTLATINO,UNA,UNAFFILIATED,20.0,4302010.0,,AA165790
ALAMANCE,A,,BLOOMKATHERINEMARIE,KATHERINEMARIEBLOOM,737SHERIDANPL42,UNDESIGNATED,UN,UNDESIGNATED,REP,REPUBLICAN,21.0,6122012.0,,AA172820
ALAMANCE,A,,BLOUGHBONNIEJEAN,BONNIEJEANBLOUGH,4503CORNERSTONEDR,WHITE,UN,UNDESIGNATED,REP,REPUBLICAN,56.0,6231980.0,Age4165,
ALAMANCE,I,INACTIVE,BLOUGHJUNEELLEN,JUNEELLENBLOUGH,2816BERKLEYRD,WHITE,NL,NOTHISPANICorNOTLATINO,UNA,UNAFFILIATED,42.0,7022004.0,Age4165,AA136212
ALAMANCE,A,,BLOUINDOUGLASANTHONY,DOUGLASANTHONYBLOUIN,1773BELLEMONTALAMANCERD,WHITE,NL,NOTHISPANICorNOTLATINO,REP,REPUBLICAN,55.0,10282008.0,Age4165,AA162295
ALAMANCE,A,,BLOUINDOUGLASANTHONY,DOUGLASANTHONYBLOUIN,5941MTHERMONROCKCREEKRD,WHITE,UN,UNDESIGNATED,UNA,UNAFFILIATED,30.0,4112008.0,Age2640,AA154148
ALAMANCE,A,,BLOUINJASONGLENN,JASONGLENNBLOUIN,2030MAJORHILLRD,WHITE,NL,NOTHISPANICorNOTLATINO,REP,REPUBLICAN,29.0,10282008.0,Age2640,AA161922
ALAMANCE,A,,BLOUINJENNIEELIZABETH,JENNIEELIZABETHBLOUIN,714IVEYRD,WHITE,NL,NOTHISPANICorNOTLATINO,UNA,UNAFFILIATED,27.0,4172009.0,Age2640,AA163729
ALAMANCE,A,,BLOUINJESSICALORIN,JESSICALORINBLOUIN,212REDSTONECT,WHITE,NL,NOTHISPANICorNOTLATINO,UNA,UNAFFILIATED,26.0,7272009.0,Age2640,AA164432
ALAMANCE,A,,BLOUINPETERGEORGE,PETERGEORGEBLOUIN,4574WMILLSTONEDR,WHITE,UN,UNDESIGNATED,UNA,UNAFFILIATED,31.0,4112008.0,Age2640,BY503424
ALAMANCE,A,,BLOUNTBRENDAWADE,BRENDAWADEBLOUNT,1407VICTORIACT,BLACKorAFRICANAMERICAN,NL,NOTHISPANICorNOTLATINO,DEM,DEMOCRATIC,65.0,10261968.0,Age4165,
ALAMANCE,A,,BLOUNTLARRYDARNELL,LARRYDARNELLBLOUNT,1325BEAUFORTDR,BLACKorAFRICANAMERICAN,UN,UNDESIGNATED,DEM,DEMOCRATIC,37.0,3172004.0,Age2640,AA133320
ALAMANCE,A,,BLOUNTMORIAHEVERHART,MORIAHEVERHARTBLOUNT,2976BRAMBLEWOODDR,WHITE,NL,NOTHISPANICorNOTLATINO,UNA,UNAFFILIATED,32.0,6232010.0,Age2640,DE220802
ALAMANCE,A,,BLOUNTORLANDACURTIS,ORLANDACURTISBLOUNT,1407VICTORIACT,BLACKorAFRICANAMERICAN,NL,NOTHISPANICorNOTLATINO,DEM,DEMOCRATIC,67.0,4071972.0,AgeOver66,
ALAMANCE,A,,BLOUNTTAMMYPARKER,TAMMYPARKERBLOUNT,1325BEAUFORTDR,BLACKorAFRICANAMERICAN,NL,NOTHISPANICorNOTLATINO,DEM,DEMOCRATIC,44.0,7312003.0,Age4165,AA130912
ALAMANCE,A,,BLOYDNICHOLASADAM,NICHOLASADAMBLOYD,3942NORTHROPDR,WHITE,UN,UNDESIGNATED,REP,REPUBLICAN,34.0,3092009.0,Age2640,DE245531
ALAMANCE,A,,BLOYDREBECCABASSI,REBECCABASSIBLOYD,3942NORTHROPDR,WHITE,UN,UNDESIGNATED,DEM,DEMOCRATIC,32.0,3032009.0,Age2640,DE245529
ALAMANCE,A,,BLUEALLENJEFFERY,ALLENJEFFERYBLUE,2347IRISDR,BLACKorAFRICANAMERICAN,NL,NOTHISPANICorNOTLATINO,DEM,DEMOCRATIC,52.0,10062004.0,Age4165,AA139906
ALAMANCE,A,,BLUEAPRILLEE,APRILLEEBLUE,,WHITE,NL,NOTHISPANICorNOTLATINO,REP,REPUBLICAN,37.0,10081999.0,Age2640,AA115837
ALAMANCE,I,INACTIVE,BLUEBERNICE,BERNICEBLUE,3371OAKTREELN,BLACKorAFRICANAMERICAN,UN,UNDESIGNATED,DEM,DEMOCRATIC,69.0,4082004.0,AgeOver66,AA133672
ALAMANCE,I,INACTIVE,BLUEBONITAL,BONITALBLUE,2347IRISDR,BLACKorAFRICANAMERICAN,NL,NOTHISPANICorNOTLATINO,DEM,DEMOCRATIC,,10042002.0,Age4165,AA128393
ALAMANCE,A,,BLUEEVELYNDARLENE,EVELYNDARLENEBLUE,706HUFFMANMILLRDB7,BLACKorAFRICANAMERICAN,NL,NOTHISPANICorNOTLATINO,DEM,DEMOCRATIC,64.0,11282007.0,Age4165,AA151260
ALAMANCE,A,,BLUEGLENDAPORTER,GLENDAPORTERBLUE,744WESTBROOKDR,WHITE,NL,NOTHISPANICorNOTLATINO,DEM,DEMOCRATIC,66.0,,AgeOver66,
ALAMANCE,R,REMOVED,BLUEHERMANHAM,HERMANHAMBLUE,,WHITE,NL,NOTHISPANICorNOTLATINO,DEM,DEMOCRATIC,85.0,,AgeOver66,
ALAMANCE,A,,BLUEJAMESTHOMASIII,JAMESTHOMASBLUEIII,637ROCKWOODDR,WHITE,UN,UNDESIGNATED,DEM,DEMOCRATIC,32.0,10062004.0,Age2640,AA139763
ALAMANCE,R,REMOVED,BLUEJOHNLOUIS,JOHNLOUISBLUE,3371OAKTREELN,BLACKorAFRICANAMERICAN,NL,NOTHISPANICorNOTLATINO,DEM,DEMOCRATIC,76.0,3272003.0,AgeOver66,AA129897
ALAMANCE,A,,BLUEJUSTINELLIOT,JUSTINELLIOTBLUE,1504STANDREWSDR,UNDESIGNATED,UN,UNDESIGNATED,UNA,UNAFFILIATED,18.0,3092012.0,,AA170675
ALAMANCE,A,,BLUEKRISTINNICOLE,KRISTINNICOLEBLUE,1504STANDREWSDR,BLACKorAFRICANAMERICAN,NL,NOTHISPANICorNOTLATINO,UNA,UNAFFILIATED,20.0,9172012.0,Age1825,AA174826
ALAMANCE,A,,BLUEOLIVERKAYJR,OLIVERKAYBLUEJR,1504STANDREWSDR,BLACKorAFRICANAMERICAN,NL,NOTHISPANICorNOTLATINO,UNA,UNAFFILIATED,53.0,10032000.0,Age4165,AA120556
ALAMANCE,A,,BLUERICHARDROWLANDJR,RICHARDROWLANDBLUEJR,744WESTBROOKDR,WHITE,NL,NOTHISPANICorNOTLATINO,DEM,DEMOCRATIC,68.0,,AgeOver66,
ALAMANCE,A,,BLUESUSANE,SUSANEBLUE,1717DURHAMST27,UNDESIGNATED,UN,UNDESIGNATED,UNA,UNAFFILIATED,62.0,9162004.0,Age4165,AA139073
ALAMANCE,A,,BLUEYAULANDALOWE,YAULANDALOWEBLUE,1504STANDREWSDR,BLACKorAFRICANAMERICAN,NL,NOTHISPANICorNOTLATINO,DEM,DEMOCRATIC,,10032000.0,Age4165,AA120557
ALAMANCE,A,,BLUFORDERICRANDALL,ERICRANDALLBLUFORD,1565GRACELANDINGDR,BLACKorAFRICANAMERICAN,NL,NOTHISPANICorNOTLATINO,DEM,DEMOCRATIC,41.0,4302008.0,Age4165,AA154637
ALAMANCE,A,,BLUFORDKEISHAD,KEISHADBLUFORD,1565GRACELANDINGDR,BLACKorAFRICANAMERICAN,UN,UNDESIGNATED,DEM,DEMOCRATIC,38.0,10292007.0,Age2640,AA151015
ALAMANCE,A,,BLUMCELIALUZMILA,CELIALUZMILABLUM,304ATWOODDRA,OTHER,HL,HISPANICorLATINO,UNA,UNAFFILIATED,,10292010.0,Age4165,AA167352
ALAMANCE,A,,BLUMJOELDAVID,JOELDAVIDBLUM,861GIBSONRD,WHITE,NL,NOTHISPANICorNOTLATINO,UNA,UNAFFILIATED,,4271992.0,Age4165,AA81199
ALAMANCE,A,,BLUMLISACRANDALL,,861GIBSONRD,WHITE,NL,NOTHISPANICorNOTLATINO,REP,REPUBLICAN,43.0,9091988.0,Age4165,AA65917
ALAMANCE,A,,BLUMMOLLIEWRENN,MOLLIEWRENNBLUM,1327STONESTEXTB,WHITE,NL,NOTHISPANICorNOTLATINO,DEM,DEMOCRATIC,70.0,9241984.0,AgeOver66,
ALAMANCE,A,,BLUMELINDAREA,LINDAREABLUME,,WHITE,NL,NOTHISPANICorNOTLATINO,REP,REPUBLICAN,62.0,,Age4165,AA69938
ALAMANCE,A,,BLUMETHOMASNEEL,THOMASNEELBLUME,,WHITE,NL,NOTHISPANICorNOTLATINO,REP,REPUBLICAN,62.0,6211989.0,Age4165,AA69686
ALAMANCE,A,,BLUNKRACHELMARIE,RACHELMARIEBLUNK,2006WALKERAVE,WHITE,NL,NOTHISPANICorNOTLATINO,DEM,DEMOCRATIC,30.0,,Age2640,DE226006
ALAMANCE,A,,BLUNTKATHERINEEMMA,KATHERINEEMMABLUNT,1002ELONACORNDR310B,UNDESIGNATED,UN,UNDESIGNATED,DEM,DEMOCRATIC,19.0,9212012.0,Age1825,AA175166
ALAMANCE,A,,BLYAHABDULLAH,ABDULLAHBLYAH,712TUCKERST,TWOorMORERACES,UN,UNDESIGNATED,DEM,DEMOCRATIC,,8252004.0,Age4165,AA136016
ALAMANCE,A,,BLYTHECONNIEBOSWELL,CONNIEBOSWELLBLYTHE,1508WDAVISST,WHITE,NL,NOTHISPANICorNOTLATINO,DEM,DEMOCRATIC,61.0,3311972.0,Age4165,
ALAMANCE,A,,BLYTHEDAVIDEWARTJR,DAVIDEWARTBLYTHEJR,4024BASSMOUNTAINRD,WHITE,NL,NOTHISPANICorNOTLATINO,REP,REPUBLICAN,32.0,6072002.0,Age2640,AA126654
ALAMANCE,A,,BLYTHEGREGORYALAN,GREGORYALANBLYTHE,1719WOODAVE,WHITE,NL,NOTHISPANICorNOTLATINO,UNA,UNAFFILIATED,30.0,7272007.0,Age2640,AA150248
ALAMANCE,A,,BLYTHEJENNIFERHUGHES,JENNIFERHUGHESBLYTHE,308BURLINGTONAVE,WHITE,NL,NOTHISPANICorNOTLATINO,DEM,DEMOCRATIC,32.0,,Age2640,EL51723
ALAMANCE,A,,BLYTHEJENNIFERGREY,JENNIFERGREYBLYTHE,2202HUNTINGTONRDF1,WHITE,NL,NOTHISPANICorNOTLATINO,UNA,UNAFFILIATED,21.0,11142011.0,,AA169565
ALAMANCE,A,,BLYTHEJENNYLYNN,JENNYLYNNBLYTHE,1544HAWRIVERHOPEDALERD3,WHITE,NL,NOTHISPANICorNOTLATINO,DEM,DEMOCRATIC,63.0,4091984.0,Age4165,AA58660
ALAMANCE,A,,BLYTHEKIMBERLYPERRY,KIMBERLYPERRYBLYTHE,1719WOODAVE,WHITE,NL,NOTHISPANICorNOTLATINO,UNA,UNAFFILIATED,28.0,8022004.0,Age2640,AA136000
ALAMANCE,A,,BLYTHEKIMBERLYNICOLE,KIMBERLYNICOLEBLYTHE,6401LINDLEYMILLRD,WHITE,NL,NOTHISPANICorNOTLATINO,REP,REPUBLICAN,,3242006.0,Age4165,EH340652
ALAMANCE,A,,BLYTHEMARIONFRANCIS,,2680SMEBANEST223,WHITE,NL,NOTHISPANICorNOTLATINO,UNA,UNAFFILIATED,92.0,10281960.0,AgeOver66,
ALAMANCE,A,,BLYTHEMARSHALLVANCE,,6401LINDLEYMILLRD,WHITE,NL,NOTHISPANICorNOTLATINO,REP,REPUBLICAN,,6192006.0,Age4165,EH350487
ALAMANCE,A,,BLYTHEMATTHEWROBERT,,1508WDAVISST,WHITE,NL,NOTHISPANICorNOTLATINO,REP,REPUBLICAN,39.0,,Age2640,AA91851
ALAMANCE,A,,BLYTHEROBERTVERNON,ROBERTVERNONBLYTHE,1508WDAVISST,WHITE,NL,NOTHISPANICorNOTLATINO,REP,REPUBLICAN,64.0,3311972.0,Age4165,
ALAMANCE,R,REMOVED,BLYTHEVIRGINIASPENCER,VIRGINIASPENCERBLYTHE,414LAURELHILLDR,WHITE,NL,NOTHISPANICorNOTLATINO,UNA,UNAFFILIATED,89.0,10261960.0,AgeOver66,
ALAMANCE,I,INACTIVE,BLYTHEWILLIAMJEFFERSON,WILLIAMJEFFERSONBLYTHE,5434SNCHWY49,WHITE,NL,NOTHISPANICorNOTLATINO,DEM,DEMOCRATIC,41.0,2031993.0,Age4165,AA86604
ALAMANCE,A,,BOADAFRANKALBERT,FRANKALBERTBOADA,139LAKEWOODCT,OTHER,UN,UNDESIGNATED,REP,REPUBLICAN,86.0,10052012.0,AgeOver66,AA178131
ALAMANCE,A,,BOADAJACQUELINECRAIG,JACQUELINECRAIGBOADA,139LAKEWOODCT,WHITE,UN,UNDESIGNATED,UNA,UNAFFILIATED,80.0,9012012.0,AgeOver66,BL301728
ALAMANCE,A,,BOANJOHN,JOHNBOAN,612CARRAWAYDR,WHITE,NL,NOTHISPANICorNOTLATINO,DEM,DEMOCRATIC,80.0,6292007.0,AgeOver66,AA150017
ALAMANCE,A,,BOANPAMELAGAYLE,PAMELAGAYLEBOAN,612CARRAWAYDR,WHITE,UN,UNDESIGNATED,DEM,DEMOCRATIC,61.0,11292007.0,Age4165,AA151332
ALAMANCE,A,,BOARDMANDOROTHYLOOSE,DOROTHYLOOSEBOARDMAN,1925TRAILFIVE,WHITE,NL,NOTHISPANICorNOTLATINO,REP,REPUBLICAN,81.0,3271992.0,AgeOver66,AA80352
ALAMANCE,R,REMOVED,BOARDMANPATRICKTALBOT,PATRICKTALBOTBOARDMAN,1925TRAILFIVE,WHITE,NL,NOTHISPANICorNOTLATINO,REP,REPUBLICAN,85.0,8041992.0,AgeOver66,AA82272
ALAMANCE,A,,BOATENGBETTYSANDERFORD,BETTYSANDERFORDBOATENG,,WHITE,UN,UNDESIGNATED,DEM,DEMOCRATIC,34.0,9302008.0,Age2640,AA158129
ALAMANCE,R,REMOVED,BOAZERAYMONDGUY,RAYMONDGUYBOAZE,2402ROGERSCT,WHITE,NL,NOTHISPANICorNOTLATINO,REP,REPUBLICAN,81.0,5231991.0,AgeOver66,AA77400
ALAMANCE,R,REMOVED,BOAZESHIRLEYRITTER,SHIRLEYRITTERBOAZE,2402ROGERSCT,WHITE,NL,NOTHISPANICorNOTLATINO,REP,REPUBLICAN,68.0,,AgeOver66,AA91640
ALAMANCE,A,,BOBAMYMARGARET,AMYMARGARETBOB,786BOONESTATIONDRF,WHITE,NL,NOTHISPANICorNOTLATINO,UNA,UNAFFILIATED,24.0,11142011.0,,AA169569
ALAMANCE,A,,BOBAKPAULJOSEPHII,PAULJOSEPHBOBAKII,3088HERITAGELN,WHITE,NL,NOTHISPANICorNOTLATINO,UNA,UNAFFILIATED,32.0,1222008.0,Age2640,AA151876
ALAMANCE,A,,BOBAKPAULJOSEPH,PAULJOSEPHBOBAK,3088HERITAGELN,WHITE,NL,NOTHISPANICorNOTLATINO,DEM,DEMOCRATIC,65.0,7222002.0,Age4165,AA127028
ALAMANCE,A,,BOBAKROSEANN,ROSEANNBOBAK,3088HERITAGELN,WHITE,NL,NOTHISPANICorNOTLATINO,UNA,UNAFFILIATED,63.0,9232002.0,Age4165,AA128014
ALAMANCE,A,,BOBAKZACHARYEDWARD,ZACHARYEDWARDBOBAK,3088HERITAGELN,WHITE,NL,NOTHISPANICorNOTLATINO,UNA,UNAFFILIATED,27.0,1302008.0,Age2640,AA152017
ALAMANCE,A,,BOBBITTKATHRINEANN,KATHRINEANNBOBBITT,1400ROSLYNDR16C,WHITE,NL,NOTHISPANICorNOTLATINO,REP,REPUBLICAN,50.0,9201980.0,Age4165,AA2123
ALAMANCE,A,,BOBBITTKIMSR,KIMBOBBITTSR,1505HANFORDHILLSRD,BLACKorAFRICANAMERICAN,UN,UNDESIGNATED,UNA,UNAFFILIATED,,10072008.0,Age4165,BL225449
ALAMANCE,R,REMOVED,BOBBITTKYLELEE,KYLELEEBOBBITT,1541ARROWLN,WHITE,NL,NOTHISPANICorNOTLATINO,DEM,DEMOCRATIC,59.0,11071995.0,Age4165,AA96235
ALAMANCE,I,INACTIVE,BOBBITTPATRICIALITTLE,PATRICIALITTLEBOBBITT,1541ARROWLN,WHITE,NL,NOTHISPANICorNOTLATINO,DEM,DEMOCRATIC,64.0,9052004.0,Age4165,AA139326
ALAMANCE,A,,BOBBITTROSEMARIA,ROSEMARIABOBBITT,1505HANFORDHILLSRD,BLACKorAFRICANAMERICAN,NL,NOTHISPANICorNOTLATINO,UNA,UNAFFILIATED,,10072008.0,Age4165,BL225598
ALAMANCE,I,INACTIVE,BOBOJOHNWALLACE,JOHNWALLACEBOBO,,WHITE,NL,NOTHISPANICorNOTLATINO,REP,REPUBLICAN,57.0,3081976.0,Age4165,
ALAMANCE,R,REMOVED,BOBOPEQUITATADLOCK,PEQUITATADLOCKBOBO,4423SNCHWY62,WHITE,NL,NOTHISPANICorNOTLATINO,REP,REPUBLICAN,56.0,2081993.0,Age4165,AA86605
ALAMANCE,I,INACTIVE,BOBROWJAMIEMICHELE,JAMIEMICHELEBOBROW,410VILLASWAY15,WHITE,NL,NOTHISPANICorNOTLATINO,DEM,DEMOCRATIC,25.0,4082008.0,Age1825,DE225985
ALAMANCE,A,,BOCHETTEJAMESANTHONY,JAMESANTHONYBOCHETTE,8327SNCHWY87,WHITE,UN,UNDESIGNATED,UNA,UNAFFILIATED,40.0,11012012.0,Age2640,AA178637
ALAMANCE,I,INACTIVE,BOCHMANSEANCHRISTOPHER,SEANCHRISTOPHERBOCHMAN,732IVEYRDJ,WHITE,UN,UNDESIGNATED,UNA,UNAFFILIATED,27.0,9262008.0,Age2640,AA158461
ALAMANCE,A,,BOCIANFRANCISLEON,FRANCISLEONBOCIAN,612BROWNSTONEDR,WHITE,UN,UNDESIGNATED,DEM,DEMOCRATIC,84.0,3132007.0,AgeOver66,AA149420
ALAMANCE,A,,BODDIECORABELLE,CORABELLEBODDIE,302NEALST,BLACKorAFRICANAMERICAN,NL,NOTHISPANICorNOTLATINO,DEM,DEMOCRATIC,,8242012.0,Age4165,AA174395
ALAMANCE,A,,BODDYKATRINALOUISE,KATRINALOUISEBODDY,1720OLDSTMARK'SCHURCHRD42H,WHITE,NL,NOTHISPANICorNOTLATINO,UNA,UNAFFILIATED,19.0,,,AA177017
ALAMANCE,A,,BODENHEIMERGLORIALYNN,GLORIALYNNBODENHEIMER,4337EGREENSBOROCHAPELHILLRD,WHITE,NL,NOTHISPANICorNOTLATINO,UNA,UNAFFILIATED,59.0,3111999.0,Age4165,AA113646
ALAMANCE,A,,BODENHEIMERJAMESWILLIAM,JAMESWILLIAMBODENHEIMER,2557DEEPCREEKCHURCHRD,WHITE,NL,NOTHISPANICorNOTLATINO,UNA,UNAFFILIATED,,12012009.0,Age4165,AA165299
ALAMANCE,A,,BODENHEIMERJOSHUAJAMES,JOSHUAJAMESBODENHEIMER,2834SWEPSONVILLESAXAPAHAWRD,WHITE,NL,NOTHISPANICorNOTLATINO,REP,REPUBLICAN,23.0,,,AA177650
ALAMANCE,A,,BODENHEIMERMARYLORENE,,43SHERRYDR,WHITE,NL,NOTHISPANICorNOTLATINO,REP,REPUBLICAN,79.0,10251960.0,AgeOver66,
ALAMANCE,A,,BODENHEIMERPEGGYEULISS,PEGGYEULISSBODENHEIMER,2518WATTDR,WHITE,NL,NOTHISPANICorNOTLATINO,DEM,DEMOCRATIC,81.0,10081973.0,AgeOver66,AA14521
ALAMANCE,D,DENIED,BODENHEIMERROBERTWAYNEJR,ROBERTWAYNEBODENHEIMERJR,,WHITE,NL,NOTHISPANICorNOTLATINO,REP,REPUBLICAN,60.0,12301998.0,Age4165,AA112374
ALAMANCE,A,,BODENHEIMERROBERTWAYNEJR,ROBERTWAYNEBODENHEIMERJR,,WHITE,NL,NOTHISPANICorNOTLATINO,REP,REPUBLICAN,60.0,1232001.0,Age4165,AA122041
ALAMANCE,R,REMOVED,BODENHEIMERROBERTWAYNE,ROBERTWAYNEBODENHEIMER,2518WATTDR,WHITE,NL,NOTHISPANICorNOTLATINO,DEM,DEMOCRATIC,81.0,5141966.0,AgeOver66,
ALAMANCE,A,,BODERCKROSAL,ROSALBODERCK,3009CALLOWAYDR,WHITE,NL,NOTHISPANICorNOTLATINO,UNA,UNAFFILIATED,64.0,11031997.0,Age4165,AA108043
ALAMANCE,A,,BODEYKATRINARENAE,KATRINARENAEBODEY,2989DEEPWOODDR2205,WHITE,NL,NOTHISPANICorNOTLATINO,DEM,DEMOCRATIC,30.0,9192012.0,Age2640,CW899190
ALAMANCE,A,,BODFISHJAMESWILLIAM,JAMESWILLIAMBODFISH,1647SAXAPAHAWBETHLEHEMCHURCHRDBS103,WHITE,NL,NOTHISPANICorNOTLATINO,DEM,DEMOCRATIC,52.0,11032012.0,Age4165,AM45440
ALAMANCE,A,,BODFISHLINDALISTRO,LINDALISTROBODFISH,1647SAXAPAHAWBETHLEHEMCHURCHRDBS103,WHITE,UN,UNDESIGNATED,DEM,DEMOCRATIC,,11032012.0,Age4165,AM45438
ALAMANCE,A,,BODINELYNNBROWN,,1666MEBANEOAKSRD,WHITE,NL,NOTHISPANICorNOTLATINO,UNA,UNAFFILIATED,,3292010.0,Age4165,CG7382
ALAMANCE,A,,BODLEYDEWEYHARRIS,DEWEYHARRISBODLEY,2937SWEPSONVILLESAXAPAHAWRD,WHITE,UN,UNDESIGNATED,UNA,UNAFFILIATED,53.0,2282003.0,Age4165,AA129647
ALAMANCE,A,,BODLEYPAMELAANN,PAMELAANNBODLEY,2937SWEPSONVILLESAXAPAHAWRD,WHITE,UN,UNDESIGNATED,UNA,UNAFFILIATED,,8162012.0,Age4165,AA174193
ALAMANCE,A,,BODNARGEORGEANDREW,GEORGEANDREWBODNAR,2026SINCLAIRTRCE,WHITE,NL,NOTHISPANICorNOTLATINO,UNA,UNAFFILIATED,38.0,7272007.0,Age2640,AA150249
ALAMANCE,A,,BODROSALANCLAUDE,ALANCLAUDEBODROS,2206BRISBANECT,WHITE,NL,NOTHISPANICorNOTLATINO,UNA,UNAFFILIATED,63.0,9242004.0,Age4165,AA138914
ALAMANCE,A,,BODROSTAMARAKAY,TAMARAKAYBODROS,2206BRISBANECT,WHITE,NL,NOTHISPANICorNOTLATINO,UNA,UNAFFILIATED,58.0,8261991.0,Age4165,AA78348
ALAMANCE,A,,BODSFORDCARLFRANKLINJR,CARLFRANKLINBODSFORDJR,2040POWERLINERD,WHITE,NL,NOTHISPANICorNOTLATINO,DEM,DEMOCRATIC,75.0,3141990.0,AgeOver66,AA70901
ALAMANCE,A,,BODSFORDSHEILAWATKINS,SHEILAWATKINSBODSFORD,2040POWERLINERD,WHITE,NL,NOTHISPANICorNOTLATINO,DEM,DEMOCRATIC,68.0,1261988.0,AgeOver66,AA63218
ALAMANCE,A,,BODYBARBARAANN,BARBARAANNBODY,414CIRCLEDR,WHITE,NL,NOTHISPANICorNOTLATINO,DEM,DEMOCRATIC,63.0,6111990.0,Age4165,AA72055
ALAMANCE,A,,BODYLORRAINEENGELTHALER,,414CIRCLEDR,WHITE,NL,NOTHISPANICorNOTLATINO,REP,REPUBLICAN,91.0,4122012.0,AgeOver66,AA171329
ALAMANCE,A,,BOFFOBETTYJO,BETTYJOBOFFO,425FORESTLAKECT,WHITE,NL,NOTHISPANICorNOTLATINO,UNA,UNAFFILIATED,58.0,1282008.0,Age4165,AA151935
ALAMANCE,A,,BOFFOBRIAN,BRIANBOFFO,425FORESTLAKECT,WHITE,NL,NOTHISPANICorNOTLATINO,UNA,UNAFFILIATED,58.0,1282008.0,Age4165,AA151940
ALAMANCE,A,,BOGARTJASONPHILLIP,JASONPHILLIPBOGART,1861BUXTONWAY,WHITE,NL,NOTHISPANICorNOTLATINO,REP,REPUBLICAN,41.0,4041997.0,Age4165,AA105955
ALAMANCE,I,INACTIVE,BOGARTKAITLINGINA,KAITLINGINABOGART,1006ELONOAKSTRLE,WHITE,UN,UNDESIGNATED,REP,REPUBLICAN,24.0,,,AA159570
ALAMANCE,I,INACTIVE,BOGARTMICHELLENICHOLE,,401WAUSTINSTB,WHITE,NL,NOTHISPANICorNOTLATINO,UNA,UNAFFILIATED,32.0,12022003.0,Age2640,AA132286
ALAMANCE,A,,BOGDANDONNAMARIE,DONNAMARIEBOGDAN,322SELLARSST,WHITE,NL,NOTHISPANICorNOTLATINO,REP,REPUBLICAN,64.0,11292006.0,Age4165,AA148155
ALAMANCE,A,,BOGDANPAULJR,PAULBOGDANJR,322SELLARSST,WHITE,NL,NOTHISPANICorNOTLATINO,REP,REPUBLICAN,67.0,11292006.0,AgeOver66,AA148156
ALAMANCE,A,,BOGERALFREDMONTGOMERY,ALFREDMONTGOMERYBOGER,734BURLINGTONAVEUP,WHITE,NL,NOTHISPANICorNOTLATINO,DEM,DEMOCRATIC,36.0,,Age2640,AA176503
ALAMANCE,A,,BOGERDEBORAHHINSHAW,DEBORAHHINSHAWBOGER,1720OLDSTMARK'SCHURCHRD82D,WHITE,UN,UNDESIGNATED,UNA,UNAFFILIATED,59.0,4071989.0,Age4165,AA69243
ALAMANCE,A,,BOGERDINAHC,DINAHCBOGER,267BRADLEYST,UNDESIGNATED,UN,UNDESIGNATED,UNA,UNAFFILIATED,76.0,9222004.0,AgeOver66,AA138018
ALAMANCE,A,,BOGERERINLEA,ERINLEABOGER,924HILLCRESTAVE,WHITE,NL,NOTHISPANICorNOTLATINO,UNA,UNAFFILIATED,26.0,8252008.0,Age2640,AA156538
ALAMANCE,A,,BOGERKATHYLOYPAYNE,KATHYLOYPAYNEBOGER,1006HAHNRD,WHITE,NL,NOTHISPANICorNOTLATINO,DEM,DEMOCRATIC,61.0,10061990.0,Age4165,AA75432
ALAMANCE,A,,BOGERLESLEYANN,LESLEYANNBOGER,724FAIRFIELDST,WHITE,NL,NOTHISPANICorNOTLATINO,REP,REPUBLICAN,32.0,8282012.0,Age2640,AA174465
ALAMANCE,A,,BOGERSHARONMARTIN,SHARONMARTINBOGER,924HILLCRESTAVE,WHITE,NL,NOTHISPANICorNOTLATINO,DEM,DEMOCRATIC,55.0,4011989.0,Age4165,AA69038
ALAMANCE,D,DENIED,BOGERTRACYCAPPS,TRACYCAPPSBOGER,306BROADST,WHITE,NL,NOTHISPANICorNOTLATINO,REP,REPUBLICAN,42.0,12041995.0,Age4165,AA97209
ALAMANCE,A,,BOGERTRACYCAPPS,TRACYCAPPSBOGER,734BURLINGTONAVE,UNDESIGNATED,UN,UNDESIGNATED,DEM,DEMOCRATIC,42.0,,Age4165,BY494636
ALAMANCE,A,,BOGGANCHRISTINEMASSEY,CHRISTINEMASSEYBOGGAN,407SUNLANDDR,BLACKorAFRICANAMERICAN,NL,NOTHISPANICorNOTLATINO,DEM,DEMOCRATIC,36.0,12302005.0,Age2640,AA145493
ALAMANCE,A,,BOGGANMAURICEJR,,407SUNLANDDR,BLACKorAFRICANAMERICAN,UN,UNDESIGNATED,DEM,DEMOCRATIC,25.0,4172007.0,,AA149407
ALAMANCE,A,,BOGGANMAURICESR,,407SUNLANDDR,BLACKorAFRICANAMERICAN,NL,NOTHISPANICorNOTLATINO,DEM,DEMOCRATIC,,,Age4165,BL291554
ALAMANCE,A,,BOGGESSCHRISTAKAY,CHRISTAKAYBOGGESS,7757GARRETTRD,WHITE,NL,NOTHISPANICorNOTLATINO,DEM,DEMOCRATIC,41.0,1191995.0,Age4165,AA92677
ALAMANCE,A,,BOGGESSJAMESRAYII,JAMESRAYBOGGESSII,7757GARRETTRD,WHITE,NL,NOTHISPANICorNOTLATINO,DEM,DEMOCRATIC,51.0,1191995.0,Age4165,AA92678
ALAMANCE,A,,BOGGIANOJOHNDOMINICK,JOHNDOMINICKBOGGIANO,400TRAILFOUR,WHITE,NL,NOTHISPANICorNOTLATINO,UNA,UNAFFILIATED,75.0,9031991.0,AgeOver66,AA78364
ALAMANCE,A,,BOGGIANOJOHN,JOHNBOGGIANO,741HUNTINGTONCT,WHITE,NL,NOTHISPANICorNOTLATINO,UNA,UNAFFILIATED,44.0,4212008.0,Age4165,AA154973
ALAMANCE,A,,BOGGIANOLORIANN,,400TRAILFOUR,WHITE,UN,UNDESIGNATED,DEM,DEMOCRATIC,42.0,7092002.0,Age4165,AA126839
ALAMANCE,A,,BOGGIANOTRACYANNE,TRACYANNEBOGGIANO,2720AMHERSTAVE,WHITE,NL,NOTHISPANICorNOTLATINO,REP,REPUBLICAN,35.0,12092002.0,Age2640,AA128938
ALAMANCE,R,REMOVED,BOGGSARNOLDROLLINS,ARNOLDROLLINSBOGGS,5447BOGGSTRL,WHITE,UN,UNDESIGNATED,REP,REPUBLICAN,65.0,6181998.0,Age4165,AA110577
ALAMANCE,A,,BOGGSASHLEYNICOLE,ASHLEYNICOLEBOGGS,338ELLINGTONRD,WHITE,NL,NOTHISPANICorNOTLATINO,UNA,UNAFFILIATED,34.0,6182007.0,Age2640,AA149841
ALAMANCE,A,,BOGGSBARBARAJONES,BARBARAJONESBOGGS,403KECKRD,WHITE,NL,NOTHISPANICorNOTLATINO,UNA,UNAFFILIATED,74.0,9141994.0,AgeOver66,AA91187
ALAMANCE,A,,BOGGSBEATRICEKING,BEATRICEKINGBOGGS,338ELLINGTONRD,WHITE,NL,NOTHISPANICorNOTLATINO,REP,REPUBLICAN,80.0,9161984.0,AgeOver66,
ALAMANCE,A,,BOGGSBENNYEUGENE,BENNYEUGENEBOGGS,719STONEST,WHITE,NL,NOTHISPANICorNOTLATINO,,DEMOCRATIC,41.0,8041995.0,Age4165,AA95144
ALAMANCE,A,,BOGGSBETTYBLACK,BETTYBLACKBOGGS,529WILDWOODLN,WHITE,NL,NOTHISPANICorNOTLATINO,REP,REPUBLICAN,83.0,10061986.0,AgeOver66,AA60730
ALAMANCE,A,,BOGGSBILLYWAYNE,BILLYWAYNEBOGGS,501BLAKEYHALLLN310,WHITE,NL,NOTHISPANICorNOTLATINO,,DEMOCRATIC,72.0,10071978.0,AgeOver66,
ALAMANCE,A,,BOGGSBILLYWAYNE,BILLYWAYNEBOGGS,155EARLKIMBERRD,WHITE,NL,NOTHISPANICorNOTLATINO,REP,REPUBLICAN,58.0,,Age4165,AA68087
ALAMANCE,A,,BOGGSBOBBYJOE,BOBBYJOEBOGGS,3069CALLOWAYDR,WHITE,NL,NOTHISPANICorNOTLATINO,,DEMOCRATIC,59.0,4271992.0,Age4165,AA81200
ALAMANCE,A,,BOGGSBOBBYELBRIDGE,BOBBYELBRIDGEBOGGS,912STONEST,WHITE,NL,NOTHISPANICorNOTLATINO,DEM,DEMOCRATIC,84.0,5101952.0,AgeOver66,
ALAMANCE,I,INACTIVE,BOGGSBOBBYEARLJR,BOBBYEARLBOGGSJR,139HOSKINSCIR,WHITE,NL,NOTHISPANICorNOTLATINO,REP,REPUBLICAN,,2162006.0,Age4165,AA145893
ALAMANCE,A,,BOGGSBRETTJOSHUA,BRETTJOSHUABOGGS,1329BRIGHTWOODDR,WHITE,NL,NOTHISPANICorNOTLATINO,REP,REPUBLICAN,28.0,3232009.0,Age2640,DL163556
ALAMANCE,A,,BOGGSBRIANWAYNE,BRIANWAYNEBOGGS,,WHITE,NL,NOTHISPANICorNOTLATINO,DEM,DEMOCRATIC,36.0,3231994.0,Age2640,AA89450
ALAMANCE,A,,BOGGSBRIANKEITH,BRIANKEITHBOGGS,4639PATILLOCHURCHRD,WHITE,NL,NOTHISPANICorNOTLATINO,UNA,UNAFFILIATED,,7091996.0,Age4165,AA100273
ALAMANCE,A,,BOGGSBRITTANYLORRAINE,BRITTANYLORRAINEBOGGS,3524OLDHILLSBOROUGHRD,WHITE,NL,NOTHISPANICorNOTLATINO,REP,REPUBLICAN,22.0,,,AA159571
ALAMANCE,A,,BOGGSBUDDYEDWARD,BUDDYEDWARDBOGGS,403KECKRD,WHITE,NL,NOTHISPANICorNOTLATINO,UNA,UNAFFILIATED,74.0,8221994.0,AgeOver66,AA90786
ALAMANCE,A,,BOGGSCA,CABOGGS,2110CAROLINAMILLRD,WHITE,NL,NOTHISPANICorNOTLATINO,DEM,DEMOCRATIC,96.0,5041940.0,AgeOver66,
ALAMANCE,A,,BOGGSCAROLYNGARNER,CAROLYNGARNERBOGGS,,WHITE,NL,NOTHISPANICorNOTLATINO,REP,REPUBLICAN,61.0,10061972.0,Age4165,
ALAMANCE,A,,BOGGSCAROLYNSANDS,CAROLYNSANDSBOGGS,1338LONGDAIRYCT,WHITE,NL,NOTHISPANICorNOTLATINO,DEM,DEMOCRATIC,55.0,,Age4165,AA70039
ALAMANCE,A,,BOGGSCAROLYNROBBINS,CAROLYNROBBINSBOGGS,526ROCKWOODDR,WHITE,NL,NOTHISPANICorNOTLATINO,REP,REPUBLICAN,59.0,10281991.0,Age4165,AA78765
ALAMANCE,A,,BOGGSCAROLYNHALL,CAROLYNHALLBOGGS,3069CALLOWAYDR,WHITE,NL,NOTHISPANICorNOTLATINO,REP,REPUBLICAN,66.0,3271996.0,AgeOver66,AA98505
ALAMANCE,D,DENIED,BOGGSCATHERINERENEE,CATHERINERENEEBOGGS,3069CALLOWAYDR,WHITE,UN,UNDESIGNATED,UNA,UNAFFILIATED,22.0,5042009.0,,AA163795
ALAMANCE,A,,BOGGSCHELSEARIPPY,CHELSEARIPPYBOGGS,1329BRIGHTWOODDR,WHITE,UN,UNDESIGNATED,REP,REPUBLICAN,25.0,4102012.0,,AA171297
ALAMANCE,A,,BOGGSCHERYLANN,CHERYLANNBOGGS,1707HANFORDHILLSRD,WHITE,NL,NOTHISPANICorNOTLATINO,DEM,DEMOCRATIC,43.0,8131993.0,Age4165,AA87841
ALAMANCE,A,,BOGGSCHRISTOPHERRYAN,CHRISTOPHERRYANBOGGS,1338LONGDAIRYCT,WHITE,NL,NOTHISPANICorNOTLATINO,DEM,DEMOCRATIC,22.0,2112008.0,,AA152191
ALAMANCE,A,,BOGGSCLIFTONLEE,CLIFTONLEEBOGGS,1301BRANSONDR,WHITE,NL,NOTHISPANICorNOTLATINO,REP,REPUBLICAN,54.0,9061996.0,Age4165,AA101710
ALAMANCE,R,REMOVED,BOGGSCLYDEALDEEN,CLYDEALDEENBOGGS,,WHITE,NL,NOTHISPANICorNOTLATINO,DEM,DEMOCRATIC,90.0,1241959.0,AgeOver66,
ALAMANCE,A,,BOGGSDANACATES,DANACATESBOGGS,1717CONNERSCT,WHITE,NL,NOTHISPANICorNOTLATINO,UNA,UNAFFILIATED,,7201990.0,Age4165,AA72438
ALAMANCE,A,,BOGGSDARLENEBELL,DARLENEBELLBOGGS,,WHITE,NL,NOTHISPANICorNOTLATINO,UNA,UNAFFILIATED,53.0,2151995.0,Age4165,AA92680
ALAMANCE,A,,BOGGSDARRELLL,DARRELLLBOGGS,420NFIRSTST,WHITE,NL,NOTHISPANICorNOTLATINO,REP,REPUBLICAN,37.0,11181993.0,Age2640,AA88583
ALAMANCE,A,,BOGGSDEBORAHDENISE,DEBORAHDENISEBOGGS,315BLANDBLVD,WHITE,NL,NOTHISPANICorNOTLATINO,UNA,UNAFFILIATED,38.0,4021992.0,Age2640,AA80629
ALAMANCE,A,,BOGGSDEBRACROWDER,DEBRACROWDERBOGGS,2179ACARLNOAHRD,WHITE,NL,NOTHISPANICorNOTLATINO,UNA,UNAFFILIATED,57.0,,Age4165,AA167204
ALAMANCE,R,REMOVED,BOGGSDENNISLYNN,DENNISLYNNBOGGS,1717CONNERSCT,WHITE,NL,NOTHISPANICorNOTLATINO,UNA,UNAFFILIATED,,,Age4165,AA68088
ALAMANCE,I,INACTIVE,BOGGSDENNISLEE,DENNISLEEBOGGS,364ELLINGTONRD,WHITE,NL,NOTHISPANICorNOTLATINO,REP,REPUBLICAN,59.0,2021982.0,Age4165,
ALAMANCE,A,,BOGGSDONEDWARDJR,DONEDWARDBOGGSJR,529WILDWOODLN,WHITE,NL,NOTHISPANICorNOTLATINO,REP,REPUBLICAN,83.0,,AgeOver66,
ALAMANCE,A,,BOGGSDONALDPAUL,DONALDPAULBOGGS,624NCHARLESST,WHITE,NL,NOTHISPANICorNOTLATINO,UNA,UNAFFILIATED,,5012009.0,Age4165,DE219615
ALAMANCE,R,REMOVED,BOGGSDONALDPAUL,DONALDPAULBOGGS,6113NNCHWY119,WHITE,NL,NOTHISPANICorNOTLATINO,UNA,UNAFFILIATED,,12131995.0,Age4165,AA96804
ALAMANCE,A,,BOGGSDONNAMAE,DONNAMAEBOGGS,904ADAST,WHITE,UN,UNDESIGNATED,DEM,DEMOCRATIC,71.0,3162004.0,AgeOver66,AA133515
ALAMANCE,A,,BOGGSDONNAHUFF,DONNAHUFFBOGGS,6216UNIONRIDGERD,WHITE,NL,NOTHISPANICorNOTLATINO,DEM,DEMOCRATIC,,3111999.0,Age4165,AA113775
ALAMANCE,A,,BOGGSDUSTINMICHAEL,DUSTINMICHAELBOGGS,2302DUCKHEADCTB,WHITE,NL,NOTHISPANICorNOTLATINO,REP,REPUBLICAN,33.0,4231997.0,Age2640,AA106216
ALAMANCE,A,,BOGGSDUSTINLEE,DUSTINLEEBOGGS,2362BUCKINGHAMRD,WHITE,NL,NOTHISPANICorNOTLATINO,REP,REPUBLICAN,21.0,6102009.0,,AA164184
ALAMANCE,I,INACTIVE,BOGGSEDDIERON,EDDIERONBOGGS,5304BOGGSTRL,WHITE,NL,NOTHISPANICorNOTLATINO,DEM,DEMOCRATIC,,4061994.0,Age4165,AA89727
ALAMANCE,A,,BOGGSEDWARDLEE,EDWARDLEEBOGGS,1871USHWY70LOT9,WHITE,UN,UNDESIGNATED,REP,REPUBLICAN,53.0,7152008.0,Age4165,AA155225
ALAMANCE,R,REMOVED,BOGGSEDWARDOTTIS,EDWARDOTTISBOGGS,409KECKRD,WHITE,NL,NOTHISPANICorNOTLATINO,DEM,DEMOCRATIC,90.0,5151948.0,AgeOver66,
ALAMANCE,A,,BOGGSELISEGARRETT,ELISEGARRETTBOGGS,2019SMEBANESTD,WHITE,NL,NOTHISPANICorNOTLATINO,DEM,DEMOCRATIC,95.0,1111979.0,AgeOver66,
ALAMANCE,R,REMOVED,BOGGSELLENFOUST,ELLENFOUSTBOGGS,,WHITE,NL,NOTHISPANICorNOTLATINO,UNA,UNAFFILIATED,60.0,7101992.0,Age4165,AA82102
ALAMANCE,A,,BOGGSEMILYJOANNE,EMILYJOANNEBOGGS,4061STONECRESTDR103,WHITE,NL,NOTHISPANICorNOTLATINO,REP,REPUBLICAN,25.0,,,CW687661
ALAMANCE,A,,BOGGSERINCHRISTINE,ERINCHRISTINEBOGGS,6216UNIONRIDGERD,WHITE,NL,NOTHISPANICorNOTLATINO,REP,REPUBLICAN,23.0,4162007.0,,AA149377
ALAMANCE,A,,BOGGSFREDDOUGLAS,FREDDOUGLASBOGGS,,WHITE,NL,NOTHISPANICorNOTLATINO,REP,REPUBLICAN,65.0,10061972.0,Age4165,
ALAMANCE,A,,BOGGSGAILCRISSON,GAILCRISSONBOGGS,5403BOGGSTRL,WHITE,NL,NOTHISPANICorNOTLATINO,DEM,DEMOCRATIC,73.0,1081979.0,AgeOver66,
ALAMANCE,A,,BOGGSGAREYLEON,GAREYLEONBOGGS,449CANTERWOODDR,WHITE,NL,NOTHISPANICorNOTLATINO,REP,REPUBLICAN,68.0,6052003.0,AgeOver66,AA130419
ALAMANCE,A,,BOGGSGARYALAN,GARYALANBOGGS,6216UNIONRIDGERD,WHITE,NL,NOTHISPANICorNOTLATINO,DEM,DEMOCRATIC,,,Age4165,AA75892
ALAMANCE,A,,BOGGSGRAHAMTURNER,GRAHAMTURNERBOGGS,1717CONNERSCT,WHITE,NL,NOTHISPANICorNOTLATINO,UNA,UNAFFILIATED,21.0,8142012.0,,AA174182
ALAMANCE,A,,BOGGSGREGORYCORKY,GREGORYCORKYBOGGS,1420JEFFRIESCROSSRD,WHITE,NL,NOTHISPANICorNOTLATINO,REP,REPUBLICAN,32.0,,Age2640,AA159572
ALAMANCE,A,,BOGGSHAROLDDEAN,HAROLDDEANBOGGS,6231UNIONRIDGERD,WHITE,NL,NOTHISPANICorNOTLATINO,DEM,DEMOCRATIC,75.0,5101958.0,AgeOver66,
ALAMANCE,A,,BOGGSHOWARDEDDIE,HOWARDEDDIEBOGGS,5403BOGGSTRL,WHITE,NL,NOTHISPANICorNOTLATINO,DEM,DEMOCRATIC,80.0,1081979.0,AgeOver66,
ALAMANCE,A,,BOGGSJAMESEDWARD,JAMESEDWARDBOGGS,2943MOSERLN,WHITE,NL,NOTHISPANICorNOTLATINO,DEM,DEMOCRATIC,65.0,9201971.0,Age4165,
ALAMANCE,A,,BOGGSJAMESBRYAN,JAMESBRYANBOGGS,1336APPLESTEXT,WHITE,NL,NOTHISPANICorNOTLATINO,UNA,UNAFFILIATED,41.0,3201998.0,Age4165,AA109586
ALAMANCE,I,INACTIVE,BOGGSJAMESBRANDON,JAMESBRANDONBOGGS,1301BRANSONDR,WHITE,NL,NOTHISPANICorNOTLATINO,UNA,UNAFFILIATED,28.0,10302002.0,Age2640,AA128971
ALAMANCE,A,,BOGGSJAMESROBERT,JAMESROBERTBOGGS,1707HANFORDHILLSRD,WHITE,NL,NOTHISPANICorNOTLATINO,DEM,DEMOCRATIC,51.0,5182000.0,Age4165,AA118110
ALAMANCE,A,,BOGGSJANIEMULLIS,JANIEMULLISBOGGS,3340FLEMINGGRAHAMRD,WHITE,NL,NOTHISPANICorNOTLATINO,DEM,DEMOCRATIC,63.0,9141976.0,Age4165,
ALAMANCE,A,,BOGGSJASONMICHAEL,JASONMICHAELBOGGS,155EARLKIMBERRD,WHITE,NL,NOTHISPANICorNOTLATINO,REP,REPUBLICAN,32.0,12071999.0,Age2640,AA116254
ALAMANCE,A,,BOGGSJEANETTEMANGUM,JEANETTEMANGUMBOGGS,318DIXONRD,WHITE,NL,NOTHISPANICorNOTLATINO,DEM,DEMOCRATIC,77.0,,AgeOver66,
ALAMANCE,A,,BOGGSJEFFREYEUGENE,JEFFREYEUGENEBOGGS,904ADAST,WHITE,UN,UNDESIGNATED,DEM,DEMOCRATIC,62.0,3162004.0,Age4165,AA133516
ALAMANCE,A,,BOGGSJENNIFERBLAKE,JENNIFERBLAKEBOGGS,4639PATILLOCHURCHRD,WHITE,UN,UNDESIGNATED,UNA,UNAFFILIATED,43.0,9142012.0,Age4165,AA174720
ALAMANCE,A,,BOGGSJENNIFERS,JENNIFERSBOGGS,383ELLINGTONRD,WHITE,UN,UNDESIGNATED,REP,REPUBLICAN,38.0,,Age2640,AA176504
ALAMANCE,A,,BOGGSJERRYDAVID,JERRYDAVIDBOGGS,2301MORNINGSIDEDR,WHITE,NL,NOTHISPANICorNOTLATINO,DEM,DEMOCRATIC,76.0,10081984.0,AgeOver66,
ALAMANCE,A,,BOGGSJESSICALYNN,JESSICALYNNBOGGS,2433HOSKINSRD,WHITE,NL,NOTHISPANICorNOTLATINO,DEM,DEMOCRATIC,29.0,5012008.0,Age2640,AA154657
ALAMANCE,A,,BOGGSJOELLARRY,JOELLARRYBOGGS,671BOONERD,WHITE,NL,NOTHISPANICorNOTLATINO,DEM,DEMOCRATIC,71.0,10232006.0,AgeOver66,AA148157
ALAMANCE,A,,BOGGSJOELLYNN,JOELLYNNBOGGS,620DANIELEYWAY,WHITE,NL,NOTHISPANICorNOTLATINO,DEM,DEMOCRATIC,,9222008.0,Age4165,AA157149
ALAMANCE,A,,BOGGSJONATHANBLAKE,JONATHANBLAKEBOGGS,2433HOSKINSRD,WHITE,UN,UNDESIGNATED,DEM,DEMOCRATIC,32.0,,Age2640,AA141341
ALAMANCE,A,,BOGGSJOSEPHREID,JOSEPHREIDBOGGS,701TRAIL'SENDDR,WHITE,NL,NOTHISPANICorNOTLATINO,UNA,UNAFFILIATED,65.0,10052005.0,Age4165,AA144875
ALAMANCE,A,,BOGGSJOSEPHTHOMAS,JOSEPHTHOMASBOGGS,2362BUCKINGHAMRD,WHITE,NL,NOTHISPANICorNOTLATINO,REP,REPUBLICAN,,6011983.0,Age4165,
ALAMANCE,A,,BOGGSJOYCEELLISE,JOYCEELLISEBOGGS,632NEWST,OTHER,NL,NOTHISPANICorNOTLATINO,REP,REPUBLICAN,,9241991.0,Age4165,AA78562
ALAMANCE,A,,BOGGSJUANITAINEZ,JUANITAINEZBOGGS,2372CAROLINARD8,WHITE,NL,NOTHISPANICorNOTLATINO,UNA,UNAFFILIATED,44.0,10031994.0,Age4165,AA91337
ALAMANCE,A,,BOGGSJUDYADKINS,JUDYADKINSBOGGS,344CHAPELHILLRD,WHITE,UN,UNDESIGNATED,REP,REPUBLICAN,54.0,9212012.0,Age4165,AA175098
ALAMANCE,A,,BOGGSJUSTINWILLIAM,JUSTINWILLIAMBOGGS,1871USHWY709,WHITE,NL,NOTHISPANICorNOTLATINO,UNA,UNAFFILIATED,29.0,3112005.0,Age2640,AA143144
ALAMANCE,A,,BOGGSKATHYMURRAY,KATHYMURRAYBOGGS,3524OLDHILLSBOROUGHRD,WHITE,NL,NOTHISPANICorNOTLATINO,REP,REPUBLICAN,51.0,12061995.0,Age4165,AA96806
ALAMANCE,A,,BOGGSKELLYDENISE,KELLYDENISEBOGGS,2106NNCHWY62,WHITE,NL,NOTHISPANICorNOTLATINO,REP,REPUBLICAN,27.0,11012008.0,Age2640,AA131676
ALAMANCE,A,,BOGGSKENNETHDARRELL,KENNETHDARRELLBOGGS,5965CANECREEKRD,WHITE,NL,NOTHISPANICorNOTLATINO,DEM,DEMOCRATIC,56.0,11082005.0,Age4165,AA145024
ALAMANCE,A,,BOGGSKERIROSS,KERIROSSBOGGS,719STONEST,WHITE,NL,NOTHISPANICorNOTLATINO,DEM,DEMOCRATIC,37.0,3311994.0,Age2640,AA89693
ALAMANCE,A,,BOGGSKILAMELISSA,KILAMELISSABOGGS,314LONGAVE,WHITE,UN,UNDESIGNATED,UNA,UNAFFILIATED,26.0,10022008.0,Age2640,AA159573
ALAMANCE,A,,BOGGSKIMBERLYBRADSHER,KIMBERLYBRADSHERBOGGS,620DANIELEYWAY,WHITE,NL,NOTHISPANICorNOTLATINO,UNA,UNAFFILIATED,44.0,9182004.0,Age4165,AA137854
ALAMANCE,R,REMOVED,BOGGSLAURAWALTER,LAURAWALTERBOGGS,6043SNCHWY49,WHITE,NL,NOTHISPANICorNOTLATINO,DEM,DEMOCRATIC,34.0,3061996.0,Age2640,AA98106
ALAMANCE,A,,BOGGSLEWISEUGENE,LEWISEUGENEBOGGS,2179CARLNOAHRDA,WHITE,NL,NOTHISPANICorNOTLATINO,REP,REPUBLICAN,63.0,10252010.0,Age4165,AA167274
ALAMANCE,A,,BOGGSLINDACAROLANDERS,LINDACAROLANDERSBOGGS,709BROOKGREENTER,WHITE,NL,NOTHISPANICorNOTLATINO,DEM,DEMOCRATIC,68.0,10261968.0,AgeOver66,
ALAMANCE,A,,BOGGSLINDACOOPER,LINDACOOPERBOGGS,701TRAIL'SENDDR,WHITE,NL,NOTHISPANICorNOTLATINO,DEM,DEMOCRATIC,61.0,,Age4165,
ALAMANCE,A,,BOGGSLINDALINDSEY,LINDALINDSEYBOGGS,2362BUCKINGHAMRD,WHITE,NL,NOTHISPANICorNOTLATINO,REP,REPUBLICAN,69.0,4091984.0,AgeOver66,
ALAMANCE,I,INACTIVE,BOGGSLINDSEYANN,,2833SNCHWY8729,WHITE,NL,NOTHISPANICorNOTLATINO,UNA,UNAFFILIATED,23.0,5032007.0,,AA149514
ALAMANCE,R,REMOVED,BOGGSMARKANTHONY,,2846CHARLEYLN,WHITE,NL,NOTHISPANICorNOTLATINO,REP,REPUBLICAN,32.0,9251998.0,Age2640,AA111544
ALAMANCE,A,,BOGGSMARYBETH,,1301BRANSONDR,WHITE,NL,NOTHISPANICorNOTLATINO,REP,REPUBLICAN,50.0,4021980.0,Age4165,
ALAMANCE,A,,BOGGSMATTHEWNICHOLAS,,,WHITE,NL,NOTHISPANICorNOTLATINO,UNA,UNAFFILIATED,19.0,9262012.0,,AA175828
ALAMANCE,R,REMOVED,BOGGSMICHAELSTEPHEN,,1338LONGDAIRYCT,WHITE,NL,NOTHISPANICorNOTLATINO,DEM,DEMOCRATIC,57.0,5091994.0,Age4165,AA90148
ALAMANCE,A,,BOGGSMICHAELLYNN,,2106NNCHWY62,WHITE,NL,NOTHISPANICorNOTLATINO,REP,REPUBLICAN,52.0,3061984.0,Age4165,
ALAMANCE,A,,BOGGSMISTYDAWN,MISTYDAWNBOGGS,3069CALLOWAYDR,WHITE,NL,NOTHISPANICorNOTLATINO,UNA,UNAFFILIATED,33.0,11172006.0,Age2640,AA148158
ALAMANCE,R,REMOVED,BOGGSMOZELLEPERRY,MOZELLEPERRYBOGGS,912STONEST,WHITE,NL,NOTHISPANICorNOTLATINO,DEM,DEMOCRATIC,81.0,10251952.0,AgeOver66,
ALAMANCE,A,,BOGGSNANCYHAWKINS,NANCYHAWKINSBOGGS,2301MORNINGSIDEDR,WHITE,NL,NOTHISPANICorNOTLATINO,DEM,DEMOCRATIC,73.0,10081994.0,AgeOver66,AA91484
ALAMANCE,A,,BOGGSNELLIECOBLE,NELLIECOBLEBOGGS,1606WATKINSRD,WHITE,NL,NOTHISPANICorNOTLATINO,REP,REPUBLICAN,80.0,8251956.0,AgeOver66,
ALAMANCE,A,,BOGGSPAMELACLINE,PAMELACLINEBOGGS,1440PETTYRD,WHITE,NL,NOTHISPANICorNOTLATINO,REP,REPUBLICAN,58.0,8231988.0,Age4165,AA65802
ALAMANCE,A,,BOGGSPAMELAWARD,PAMELAWARDBOGGS,420NFIRSTST,WHITE,NL,NOTHISPANICorNOTLATINO,UNA,UNAFFILIATED,55.0,8311993.0,Age4165,AA87895
ALAMANCE,A,,BOGGSPAMELAHILL,PAMELAHILLBOGGS,2020TROENDLYST,WHITE,UN,UNDESIGNATED,REP,REPUBLICAN,63.0,12181989.0,Age4165,AA70328
ALAMANCE,A,,BOGGSPATRICIATOMB,PATRICIATOMBBOGGS,315BLANDBLVD,WHITE,NL,NOTHISPANICorNOTLATINO,DEM,DEMOCRATIC,64.0,9221996.0,Age4165,AA102200
ALAMANCE,A,,BOGGSPHYLLISWILKINS,PHYLLISWILKINSBOGGS,364ELLINGTONRD,WHITE,NL,NOTHISPANICorNOTLATINO,REP,REPUBLICAN,59.0,9161984.0,Age4165,
ALAMANCE,A,,BOGGSREBECCABALLARD,REBECCABALLARDBOGGS,3340FLEMINGGRAHAMRD,WHITE,NL,NOTHISPANICorNOTLATINO,UNA,UNAFFILIATED,30.0,6222000.0,Age2640,AA118554
ALAMANCE,R,REMOVED,BOGGSREBECCAFLYNN,REBECCAFLYNNBOGGS,2106NNCHWY62,WHITE,NL,NOTHISPANICorNOTLATINO,REP,REPUBLICAN,51.0,9251984.0,Age4165,
ALAMANCE,R,REMOVED,BOGGSRICHARDALVIN,RICHARDALVINBOGGS,1338TYNDALLST518,WHITE,NL,NOTHISPANICorNOTLATINO,DEM,DEMOCRATIC,77.0,3082000.0,AgeOver66,AA117251
ALAMANCE,A,,BOGGSRICKYCARLO,RICKYCARLOBOGGS,136HALLAVE,WHITE,NL,NOTHISPANICorNOTLATINO,REP,REPUBLICAN,53.0,3022009.0,Age4165,AA163512
ALAMANCE,A,,BOGGSROBERTKENDALL,ROBERTKENDALLBOGGS,5941HOLTCROSSRD,WHITE,NL,NOTHISPANICorNOTLATINO,DEM,DEMOCRATIC,64.0,5031973.0,Age4165,
ALAMANCE,A,,BOGGSROGERDALE,ROGERDALEBOGGS,709BROOKGREENTER,WHITE,NL,NOTHISPANICorNOTLATINO,DEM,DEMOCRATIC,69.0,10261968.0,AgeOver66,
ALAMANCE,A,,BOGGSSAMUELTURNER,SAMUELTURNERBOGGS,526ROCKWOODDR,WHITE,UN,UNDESIGNATED,REP,REPUBLICAN,56.0,5041988.0,Age4165,AA64958
ALAMANCE,I,INACTIVE,BOGGSSARAHCARTER,SARAHCARTERBOGGS,2347PINECROFTDR,WHITE,NL,NOTHISPANICorNOTLATINO,REP,REPUBLICAN,55.0,9181992.0,Age4165,AA83039
ALAMANCE,A,,BOGGSSTEPHANIEWILSON,STEPHANIEWILSONBOGGS,2943MOSERLN,WHITE,NL,NOTHISPANICorNOTLATINO,DEM,DEMOCRATIC,63.0,4051972.0,Age4165,
ALAMANCE,A,,BOGGSSTEPHANIEWILSON,STEPHANIEWILSONBOGGS,,WHITE,NL,NOTHISPANICorNOTLATINO,DEM,DEMOCRATIC,52.0,9292000.0,Age4165,AA120440
ALAMANCE,A,ACTIVE,BOGGSSTEPHENDESHAY,STEPHENDESHAYBOGGS,9554SNOWCAMPRDH,WHITE,NL,NOTHISPANICorNOTLATINO,UNA,UNAFFILIATED,41.0,5302012.0,Age4165,AA172548
ALAMANCE,A,ACTIVE,BOGGSTERESA,TERESABOGGS,2106NNCHWY62,WHITE,UN,UNDESIGNATED,UNA,UNAFFILIATED,24.0,4042008.0,,AA153291
ALAMANCE,I,INACTIVE,BOGGSTERESAGAY,TERESAGAYBOGGS,1011TOWNBRANCHRD1A,WHITE,NL,NOTHISPANICorNOTLATINO,DEM,DEMOCRATIC,,10081984.0,Age4165,AA57810
ALAMANCE,A,ACTIVE,BOGGSTERESAROBINSON,TERESAROBINSONBOGGS,5941HOLTCROSSRD,WHITE,NL,NOTHISPANICorNOTLATINO,DEM,DEMOCRATIC,55.0,2231976.0,Age4165,
ALAMANCE,A,ACTIVE,BOGGSTERRIEARP,TERRIEARPBOGGS,780BOONESTATIONDRM,WHITE,NL,NOTHISPANICorNOTLATINO,REP,REPUBLICAN,44.0,10051996.0,Age4165,AA102857
ALAMANCE,A,ACTIVE,BOGGSTHOMASEARL,THOMASEARLBOGGS,5733BASSMOUNTAINRD,WHITE,NL,NOTHISPANICorNOTLATINO,DEM,DEMOCRATIC,81.0,5041994.0,AgeOver66,AA89872
ALAMANCE,A,ACTIVE,BOGGSTIFFANYDAWN,TIFFANYDAWNBOGGS,709BROOKGREENTER,WHITE,NL,NOTHISPANICorNOTLATINO,REP,REPUBLICAN,37.0,,Age2640,AA103464
ALAMANCE,A,ACTIVE,BOGGSTONYAMICHELLE,TONYAMICHELLEBOGGS,5302UNIONRIDGERD,WHITE,NL,NOTHISPANICorNOTLATINO,DEM,DEMOCRATIC,33.0,9242003.0,Age2640,AA131457
ALAMANCE,A,ACTIVE,BOGGSVANDAKAY,VANDAKAYBOGGS,6231UNIONRIDGERD,WHITE,NL,NOTHISPANICorNOTLATINO,DEM,DEMOCRATIC,72.0,,AgeOver66,
ALAMANCE,A,ACTIVE,BOGGSVERNONALDEEN,VERNONALDEENBOGGS,,WHITE,NL,NOTHISPANICorNOTLATINO,REP,REPUBLICAN,59.0,5202008.0,Age4165,AA154978
ALAMANCE,A,ACTIVE,BOGGSWENDYMICHELLE,WENDYMICHELLEBOGGS,2814MAPLEAVEA,WHITE,NL,NOTHISPANICorNOTLATINO,REP,REPUBLICAN,44.0,8121990.0,Age4165,AA72620
ALAMANCE,A,ACTIVE,BOGGSWILLIAMEDWARD,WILLIAMEDWARDBOGGS,2362BUCKINGHAMRD,WHITE,NL,NOTHISPANICorNOTLATINO,REP,REPUBLICAN,74.0,1121972.0,AgeOver66,
ALAMANCE,R,REMOVED,BOGGSWILLIAMEJR,WILLIAMEBOGGSJR,1440PETTYRD,WHITE,NL,NOTHISPANICorNOTLATINO,REP,REPUBLICAN,,1211986.0,Age4165,AA59406
ALAMANCE,A,ACTIVE,BOGIEBRIANTODD,BRIANTODDBOGIE,4074WHISPERINGOAKSCT,WHITE,NL,NOTHISPANICorNOTLATINO,REP,REPUBLICAN,52.0,6042002.0,Age4165,AA126632
ALAMANCE,A,ACTIVE,BOGIEKATHLEENANN,KATHLEENANNBOGIE,4074WHISPERINGOAKSCT,WHITE,NL,NOTHISPANICorNOTLATINO,REP,REPUBLICAN,51.0,4262002.0,Age4165,AA126366
ALAMANCE,A,ACTIVE,BOGLEALICEBREEN,ALICEBREENBOGLE,411HILLCRESTAVE,WHITE,NL,NOTHISPANICorNOTLATINO,DEM,DEMOCRATIC,54.0,4061992.0,Age4165,AA80627
ALAMANCE,A,ACTIVE,BOGLEANITAMARIE,ANITAMARIEBOGLE,411HILLCRESTAVE,WHITE,UN,UNDESIGNATED,DEM,DEMOCRATIC,23.0,11042008.0,,AA162605
ALAMANCE,A,ACTIVE,BOGLEBENTONRAY,BENTONRAYBOGLE,411HILLCRESTAVE,WHITE,NL,NOTHISPANICorNOTLATINO,REP,REPUBLICAN,52.0,1151992.0,Age4165,AA79714
ALAMANCE,A,ACTIVE,BOGUEJAMESSTAMPE,JAMESSTAMPEBOGUE,3551FORESTDALEDRJH,WHITE,UN,UNDESIGNATED,UNA,UNAFFILIATED,55.0,12282009.0,Age4165,BN99819
ALAMANCE,A,ACTIVE,BOGUESTERRANCEDANTE,TERRANCEDANTEBOGUES,1867BUXTONWAY,BLACKorAFRICANAMERICAN,UN,UNDESIGNATED,DEM,DEMOCRATIC,40.0,8072008.0,Age2640,BY17985
ALAMANCE,A,ACTIVE,BOHAGERDAWNYALIESBETH,DAWNYALIESBETHBOHAGER,1647SAXAPAHAWBETHLEHEMCHURCHRD,WHITE,NL,NOTHISPANICorNOTLATINO,DEM,DEMOCRATIC,35.0,7282008.0,Age2640,AA155950
ALAMANCE,A,ACTIVE,BOHANNONAMBERFOUST,AMBERFOUSTBOHANNON,,WHITE,NL,NOTHISPANICorNOTLATINO,UNA,UNAFFILIATED,22.0,10062008.0,,AA159100
ALAMANCE,A,ACTIVE,BOHANNONBRANDONMICHAEL,BRANDONMICHAELBOHANNON,2256SAXAPAHAWBETHLEHEMCHURCHRD,WHITE,UN,UNDESIGNATED,REP,REPUBLICAN,25.0,8032007.0,,AA150313
ALAMANCE,A,ACTIVE,BOHANNONCYNTHIAWHITE,CYNTHIAWHITEBOHANNON,414REDWOODCT,WHITE,NL,NOTHISPANICorNOTLATINO,REP,REPUBLICAN,,9221997.0,Age4165,AA107547
ALAMANCE,A,ACTIVE,BOHANNONGEORGENARVLEJR,GEORGENARVLEBOHANNONJR,414REDWOODCT,WHITE,NL,NOTHISPANICorNOTLATINO,REP,REPUBLICAN,,10031997.0,Age4165,AA107674
ALAMANCE,I,INACTIVE,BOHIGASLOURDESBELLO,,510ATWATERST,WHITE,NL,NOTHISPANICorNOTLATINO,UNA,UNAFFILIATED,80.0,10061980.0,AgeOver66,
ALAMANCE,I,INACTIVE,BOHLEYGALEHOLDER,GALEHOLDERBOHLEY,2523NCHWY54,WHITE,NL,NOTHISPANICorNOTLATINO,DEM,DEMOCRATIC,60.0,3082002.0,Age4165,AA125820
ALAMANCE,A,ACTIVE,BOHNJESSICABLEVINS,JESSICABLEVINSBOHN,2518CAMBRIDGERD,WHITE,NL,NOTHISPANICorNOTLATINO,DEM,DEMOCRATIC,35.0,,Age2640,AA112206
ALAMANCE,A,ACTIVE,BOHNJOSEPHHUMBERTOSR,JOSEPHHUMBERTOBOHNSR,2518CAMBRIDGERD,UNDESIGNATED,HL,HISPANICorLATINO,UNA,UNAFFILIATED,40.0,1142000.0,Age2640,AA116923
ALAMANCE,R,REMOVED,BOISSEAURYLANDKAUPJR,RYLANDKAUPBOISSEAUJR,2833SNCHWY8743,WHITE,UN,UNDESIGNATED,UNA,UNAFFILIATED,53.0,,Age4165,AA158920
ALAMANCE,A,ACTIVE,BOLANDCARLTONBROWNJR,CARLTONBROWNBOLANDJR,1402WDAVISST,WHITE,NL,NOTHISPANICorNOTLATINO,DEM,DEMOCRATIC,,6061983.0,Age4165,
ALAMANCE,R,REMOVED,BOLANDGARYJAMES,GARYJAMESBOLAND,2734TERRACEDR,WHITE,NL,NOTHISPANICorNOTLATINO,DEM,DEMOCRATIC,70.0,10041976.0,AgeOver66,
ALAMANCE,R,REMOVED,BOLANDHAZELMERRIMAN,HAZELMERRIMANBOLAND,2307ROGERSRD,WHITE,NL,NOTHISPANICorNOTLATINO,REP,REPUBLICAN,74.0,4011980.0,AgeOver66,
ALAMANCE,A,ACTIVE,BOLANDHELENATWOOD,HELENATWOODBOLAND,2680SMEBANEST233,WHITE,NL,NOTHISPANICorNOTLATINO,REP,REPUBLICAN,71.0,10041976.0,AgeOver66,
ALAMANCE,A,ACTIVE,BOLANDLINDADIANE,LINDADIANEBOLAND,1402WDAVISST,WHITE,NL,NOTHISPANICorNOTLATINO,DEM,DEMOCRATIC,60.0,7171976.0,Age4165,
ALAMANCE,A,ACTIVE,BOLANDMEDIAISLEY,,1402WDAVISST,WHITE,NL,NOTHISPANICorNOTLATINO,DEM,DEMOCRATIC,89.0,,AgeOver66,
ALAMANCE,R,REMOVED,BOLANDNOLIEMAE,NOLIEMAEBOLAND,1670WESTBROOKAVE,WHITE,NL,NOTHISPANICorNOTLATINO,UNA,UNAFFILIATED,97.0,10052004.0,AgeOver66,AA139086
ALAMANCE,I,INACTIVE,BOLDHOSERNANCYBOLD,NANCYBOLDBOLDHOSER,206QUAKERCREEKDR,WHITE,NL,NOTHISPANICorNOTLATINO,REP,REPUBLICAN,59.0,6212004.0,Age4165,AA135046
ALAMANCE,R,REMOVED,BOLDENANGELA,ANGELABOLDEN,519BALDWINRD4A,BLACKorAFRICANAMERICAN,NL,NOTHISPANICorNOTLATINO,UNA,UNAFFILIATED,41.0,8211995.0,Age4165,AA95225
ALAMANCE,R,REMOVED,BOLDENBARRY,BARRYBOLDEN,2219OLDORCHARDLN,BLACKorAFRICANAMERICAN,NL,NOTHISPANICorNOTLATINO,DEM,DEMOCRATIC,,10081988.0,Age4165,AA68090
ALAMANCE,A,ACTIVE,BOLDENBILLIEJOHNSON,BILLIEJOHNSONBOLDEN,2332WESTOVERTER,WHITE,NL,NOTHISPANICorNOTLATINO,REP,REPUBLICAN,78.0,10261968.0,AgeOver66,
ALAMANCE,A,ACTIVE,BOLDENDARYLLYN,DARYLLYNBOLDEN,3556GARDENRD,WHITE,NL,NOTHISPANICorNOTLATINO,REP,REPUBLICAN,,2021996.0,Age4165,AA97210
ALAMANCE,A,ACTIVE,BOLDENDELMERCHARLESJR,DELMERCHARLESBOLDENJR,2393COUNCILRD,WHITE,NL,NOTHISPANICorNOTLATINO,DEM,DEMOCRATIC,72.0,10261968.0,AgeOver66,
ALAMANCE,A,ACTIVE,BOLDENDIANNEMARIE,DIANNEMARIEBOLDEN,4728RUMLEYRD,WHITE,UN,UNDESIGNATED,REP,REPUBLICAN,63.0,9192008.0,Age4165,AA157712
ALAMANCE,A,ACTIVE,BOLDENDONEUGENE,DONEUGENEBOLDEN,2332WESTOVERTER,WHITE,NL,NOTHISPANICorNOTLATINO,REP,REPUBLICAN,79.0,10261968.0,AgeOver66,
ALAMANCE,A,ACTIVE,BOLDENDOROTHY,DOROTHYBOLDEN,412OAKLEYST,BLACKorAFRICANAMERICAN,UN,UNDESIGNATED,DEM,DEMOCRATIC,70.0,10012004.0,AgeOver66,AA139235
ALAMANCE,A,ACTIVE,BOLDENDYLENEMCGEE,DYLENEMCGEEBOLDEN,2393COUNCILRD,WHITE,NL,NOTHISPANICorNOTLATINO,DEM,DEMOCRATIC,54.0,10011980.0,Age4165,AA15078
ALAMANCE,A,ACTIVE,BOLDENHUNTERSHERMANJR,HUNTERSHERMANBOLDENJR,4728RUMLEYRD,WHITE,NL,NOTHISPANICorNOTLATINO,REP,REPUBLICAN,77.0,2282002.0,AgeOver66,AA125736
ALAMANCE,A,ACTIVE,BOLDENJAMARREEJAQUANN,JAMARREEJAQUANNBOLDEN,412OAKLEYST,BLACKorAFRICANAMERICAN,UN,UNDESIGNATED,DEM,DEMOCRATIC,22.0,7252012.0,,AA174029
ALAMANCE,A,ACTIVE,BOLDENJANICEPINNIX,JANICEPINNIXBOLDEN,2219OLDORCHARDLN,BLACKorAFRICANAMERICAN,NL,NOTHISPANICorNOTLATINO,DEM,DEMOCRATIC,,4031984.0,Age4165,
ALAMANCE,A,ACTIVE,BOLDENJENNIFERFAY,JENNIFERFAYBOLDEN,404SUTTONPL,WHITE,UN,UNDESIGNATED,REP,REPUBLICAN,41.0,10062008.0,Age4165,DE199719
ALAMANCE,A,ACTIVE,BOLDENJIMMIECARROLL,JIMMIECARROLLBOLDEN,1611OKLAHOMAAVE,WHITE,NL,NOTHISPANICorNOTLATINO,DEM,DEMOCRATIC,77.0,6232010.0,AgeOver66,AA165857
ALAMANCE,A,ACTIVE,BOLDENMARGARETHAITH,,1611OKLAHOMAAVE,WHITE,NL,NOTHISPANICorNOTLATINO,DEM,DEMOCRATIC,73.0,9291973.0,AgeOver66,
ALAMANCE,A,ACTIVE,BOLDENMARGARETKING,,4021SWANNIECOBLERD,WHITE,NL,NOTHISPANICorNOTLATINO,DEM,DEMOCRATIC,81.0,10071974.0,AgeOver66,
ALAMANCE,A,ACTIVE,BOLDENROBERTEARL,ROBERTEARLBOLDEN,412OAKLEYST,BLACKorAFRICANAMERICAN,NL,NOTHISPANICorNOTLATINO,DEM,DEMOCRATIC,76.0,9031983.0,AgeOver66,
ALAMANCE,A,ACTIVE,BOLDENSCOTTALLYN,SCOTTALLYNBOLDEN,404SUTTONPL,WHITE,UN,UNDESIGNATED,UNA,UNAFFILIATED,41.0,10062008.0,Age4165,AA158921
ALAMANCE,A,ACTIVE,BOLDENTINA,TINABOLDEN,412OAKLEYST,BLACKorAFRICANAMERICAN,NL,NOTHISPANICorNOTLATINO,DEM,DEMOCRATIC,43.0,3301999.0,Age4165,AA113842
ALAMANCE,A,ACTIVE,BOLDENWILLIAMGARY,WILLIAMGARYBOLDEN,3556GARDENRD,WHITE,NL,NOTHISPANICorNOTLATINO,REP,REPUBLICAN,52.0,10011979.0,Age4165,
ALAMANCE,R,REMOVED,BOLDINGLORIADEAN,GLORIADEANBOLDIN,316APPLEST,BLACKorAFRICANAMERICAN,NL,NOTHISPANICorNOTLATINO,DEM,DEMOCRATIC,67.0,9092003.0,AgeOver66,AA131334
ALAMANCE,A,ACTIVE,BOLDSJAMESBENJAMIN,JAMESBENJAMINBOLDS,468ELMIRAST,BLACKorAFRICANAMERICAN,UN,UNDESIGNATED,DEM,DEMOCRATIC,25.0,,,AA177322
ALAMANCE,R,REMOVED,BOLDSNATASHALEE,NATASHALEEBOLDS,300NORTHST,UNDESIGNATED,HL,HISPANICorLATINO,DEM,DEMOCRATIC,25.0,3112008.0,,AA152731
ALAMANCE,I,INACTIVE,BOLDSNNEKAYAA,NNEKAYAABOLDS,1709MELODYLN,OTHER,NL,NOTHISPANICorNOTLATINO,DEM,DEMOCRATIC,41.0,9042001.0,Age4165,AA124292
ALAMANCE,A,ACTIVE,BOLENBARBARA,BARBARABOLEN,,WHITE,NL,NOTHISPANICorNOTLATINO,UNA,UNAFFILIATED,57.0,8172005.0,Age4165,AA144439
ALAMANCE,A,ACTIVE,BOLENJASONLYNN,JASONLYNNBOLEN,3718NORTHROPDR,WHITE,NL,NOTHISPANICorNOTLATINO,REP,REPUBLICAN,28.0,3262012.0,Age2640,BH118760
ALAMANCE,A,ACTIVE,BOLENJOYKING,JOYKINGBOLEN,3718NORTHROPDR,WHITE,NL,NOTHISPANICorNOTLATINO,REP,REPUBLICAN,26.0,3262012.0,Age2640,BH122095
ALAMANCE,A,ACTIVE,BOLESBONNIEGRIFFIN,BONNIEGRIFFINBOLES,1814HAWVILLAGEDR,WHITE,UN,UNDESIGNATED,REP,REPUBLICAN,42.0,9231994.0,Age4165,AA91285
ALAMANCE,A,ACTIVE,BOLESBROGANLUCILLE,BROGANLUCILLEBOLES,400NO'KELLYAVE,WHITE,NL,NOTHISPANICorNOTLATINO,UNA,UNAFFILIATED,19.0,10022012.0,,AA176477
ALAMANCE,A,ACTIVE,BOLESEMILYRUTH,EMILYRUTHBOLES,2410PEPPERSTONEDR,WHITE,NL,NOTHISPANICorNOTLATINO,REP,REPUBLICAN,26.0,,Age2640,AA162494
ALAMANCE,A,ACTIVE,BOLESKEVINEUGENE,KEVINEUGENEBOLES,1814HAWVILLAGEDR,WHITE,UN,UNDESIGNATED,REP,REPUBLICAN,41.0,3262001.0,Age4165,AA123195
ALAMANCE,A,ACTIVE,BOLESSTEPHENDALE,STEPHENDALEBOLES,2410PEPPERSTONEDR,WHITE,NL,NOTHISPANICorNOTLATINO,REP,REPUBLICAN,27.0,7242008.0,Age2640,AA155811
ALAMANCE,A,ACTIVE,BOLEYASHLEIGHSETTLE,ASHLEIGHSETTLEBOLEY,1500BENTWOODDR,WHITE,UN,UNDESIGNATED,DEM,DEMOCRATIC,29.0,10072004.0,Age2640,AA139911
ALAMANCE,A,ACTIVE,BOLEYBARBARAWILLIAMSON,BARBARAWILLIAMSONBOLEY,2809FORESTDALEDR,WHITE,NL,NOTHISPANICorNOTLATINO,REP,REPUBLICAN,81.0,5141966.0,AgeOver66,
ALAMANCE,A,ACTIVE,BOLEYCYNTHIAWHITTEMORE,CYNTHIAWHITTEMOREBOLEY,1500BENTWOODDR,WHITE,NL,NOTHISPANICorNOTLATINO,DEM,DEMOCRATIC,56.0,3011996.0,Age4165,AA97924
ALAMANCE,A,ACTIVE,BOLEYHARRYPOWELLJR,HARRYPOWELLBOLEYJR,2809FORESTDALEDR,WHITE,NL,NOTHISPANICorNOTLATINO,REP,REPUBLICAN,85.0,5141966.0,AgeOver66,
ALAMANCE,A,ACTIVE,BOLEYJOSEPHHENRY,JOSEPHHENRYBOLEY,2110COOPERRD,WHITE,NL,NOTHISPANICorNOTLATINO,DEM,DEMOCRATIC,76.0,5121962.0,AgeOver66,
ALAMANCE,A,ACTIVE,BOLEYKARENLEE,KARENLEEBOLEY,1600COPPERCIR,WHITE,NL,NOTHISPANICorNOTLATINO,REP,REPUBLICAN,40.0,1302002.0,Age2640,AA125511
ALAMANCE,A,ACTIVE,BOLEYKELLYLYNN,KELLYLYNNBOLEY,1600COPPERCIR,WHITE,NL,NOTHISPANICorNOTLATINO,REP,REPUBLICAN,,5072008.0,Age4165,AA154979
ALAMANCE,A,ACTIVE,BOLEYMICHAELPOWELL,,2809FORESTDALEDR,WHITE,NL,NOTHISPANICorNOTLATINO,UNA,UNAFFILIATED,57.0,6181990.0,Age4165,AA72056
ALAMANCE,A,ACTIVE,BOLEYPATSYWILLIAMS,PATSYWILLIAMSBOLEY,2110COOPERRD,WHITE,NL,NOTHISPANICorNOTLATINO,DEM,DEMOCRATIC,73.0,5121962.0,AgeOver66,
ALAMANCE,A,ACTIVE,BOLEYPAULAROBINSON,PAULAROBINSONBOLEY,4541SALEMCHURCHRD,WHITE,NL,NOTHISPANICorNOTLATINO,REP,REPUBLICAN,61.0,10062008.0,Age4165,AA159066
ALAMANCE,A,ACTIVE,BOLEYTYLERWHITSON,TYLERWHITSONBOLEY,1500BENTWOODDR,WHITE,NL,NOTHISPANICorNOTLATINO,DEM,DEMOCRATIC,28.0,4222002.0,Age2640,AA126223
ALAMANCE,A,ACTIVE,BOLICKBRANDONDAVIS,BRANDONDAVISBOLICK,2107HUNTINGTONRD,WHITE,NL,NOTHISPANICorNOTLATINO,REP,REPUBLICAN,28.0,3092002.0,Age2640,AA125821
ALAMANCE,A,ACTIVE,BOLICKCARRENTIPPETT,CARRENTIPPETTBOLICK,813NGURNEYST,WHITE,NL,NOTHISPANICorNOTLATINO,REP,REPUBLICAN,,9081987.0,Age4165,AA62048
ALAMANCE,A,ACTIVE,BOLICKCASSENROSS,CASSENROSSBOLICK,2107HUNTINGTONRD,WHITE,UN,UNDESIGNATED,REP,REPUBLICAN,26.0,2262004.0,Age2640,AA133190
ALAMANCE,A,ACTIVE,BOLICKCHRISTINALYNN,CHRISTINALYNNBOLICK,310ATWOODDRE,WHITE,NL,NOTHISPANICorNOTLATINO,DEM,DEMOCRATIC,29.0,9262008.0,Age2640,AA157538
ALAMANCE,A,ACTIVE,BOLICKDEBORAHHAUSER,DEBORAHHAUSERBOLICK,736BOBRAINEYTRL,WHITE,NL,NOTHISPANICorNOTLATINO,REP,REPUBLICAN,51.0,11201992.0,Age4165,AA85747
ALAMANCE,A,ACTIVE,BOLICKELIZABETHBOWES,ELIZABETHBOWESBOLICK,,WHITE,NL,NOTHISPANICorNOTLATINO,REP,REPUBLICAN,76.0,10041976.0,AgeOver66,
ALAMANCE,A,ACTIVE,BOLICKELSIESOMERS,ELSIESOMERSBOLICK,614SHADOWBROOKDR,WHITE,NL,NOTHISPANICorNOTLATINO,REP,REPUBLICAN,78.0,10261968.0,AgeOver66,AA18954
ALAMANCE,A,ACTIVE,BOLICKEVANDREW,EVANDREWBOLICK,3007QUAKERCREEKDR,WHITE,NL,NOTHISPANICorNOTLATINO,UNA,UNAFFILIATED,28.0,8212007.0,Age2640,AA150441
ALAMANCE,A,ACTIVE,BOLICKEVELYNCARRUTH,EVELYNCARRUTHBOLICK,1860BROOKWOODAVE220A,WHITE,NL,NOTHISPANICorNOTLATINO,DEM,DEMOCRATIC,103.0,1011900.0,AgeOver66,
ALAMANCE,A,ACTIVE,BOLICKHARRIETSHARPE,HARRIETSHARPEBOLICK,4262ALPINELN,WHITE,NL,NOTHISPANICorNOTLATINO,REP,REPUBLICAN,89.0,,AgeOver66,
ALAMANCE,R,REMOVED,BOLICKHUBERTFORD,HUBERTFORDBOLICK,614SHADOWBROOKDR,WHITE,NL,NOTHISPANICorNOTLATINO,REP,REPUBLICAN,85.0,5091964.0,AgeOver66,
ALAMANCE,I,INACTIVE,BOLICKJAMESCOLEMAN,JAMESCOLEMANBOLICK,1540ALBRIGHTAVE,WHITE,NL,NOTHISPANICorNOTLATINO,DEM,DEMOCRATIC,93.0,1081979.0,AgeOver66,
ALAMANCE,A,ACTIVE,BOLICKJANETCARTER,JANETCARTERBOLICK,354NSELLARSMILLRD,WHITE,NL,NOTHISPANICorNOTLATINO,UNA,UNAFFILIATED,,11252003.0,Age4165,AA132189
ALAMANCE,A,ACTIVE,BOLICKJEFFREYALLEN,JEFFREYALLENBOLICK,354NSELLARSMILLRD,WHITE,NL,NOTHISPANICorNOTLATINO,REP,REPUBLICAN,,8181992.0,Age4165,AA82478
ALAMANCE,A,ACTIVE,BOLICKJEFFREYWAYNE,JEFFREYWAYNEBOLICK,4048NNCHWY62,WHITE,NL,NOTHISPANICorNOTLATINO,REP,REPUBLICAN,57.0,8071991.0,Age4165,AA78037
ALAMANCE,A,ACTIVE,BOLICKLARAEBOWES,LARAEBOWESBOLICK,2107HUNTINGTONRD,WHITE,NL,NOTHISPANICorNOTLATINO,REP,REPUBLICAN,56.0,1091979.0,Age4165,
ALAMANCE,A,ACTIVE,BOLICKLARRYWAYNE,LARRYWAYNEBOLICK,2535ALSONWHITERD,WHITE,NL,NOTHISPANICorNOTLATINO,REP,REPUBLICAN,44.0,2011996.0,Age4165,AA97211
ALAMANCE,A,ACTIVE,BOLICKLEOMELVIN,LEOMELVINBOLICK,,WHITE,NL,NOTHISPANICorNOTLATINO,DEM,DEMOCRATIC,82.0,4041980.0,AgeOver66,
ALAMANCE,A,ACTIVE,BOLICKMARYLOURAINEY,,761BOBRAINEYTRL,WHITE,NL,NOTHISPANICorNOTLATINO,DEM,DEMOCRATIC,88.0,5161964.0,AgeOver66,
ALAMANCE,A,ACTIVE,BOLICKPEARLHUNLEY,PEARLHUNLEYBOLICK,313TRUITTDR,WHITE,NL,NOTHISPANICorNOTLATINO,REP,REPUBLICAN,93.0,1081979.0,AgeOver66,
ALAMANCE,A,ACTIVE,BOLICKSTEPHANIELOVE,STEPHANIELOVEBOLICK,2535ALSONWHITERD,WHITE,NL,NOTHISPANICorNOTLATINO,REP,REPUBLICAN,42.0,10061988.0,Age4165,AA68469
ALAMANCE,A,ACTIVE,BOLICKTODDDWAYNE,TODDDWAYNEBOLICK,813NGURNEYST,WHITE,NL,NOTHISPANICorNOTLATINO,REP,REPUBLICAN,52.0,9081987.0,Age4165,AA62047
ALAMANCE,A,ACTIVE,BOLICKVERNONDAVISJR,VERNONDAVISBOLICKJR,2107HUNTINGTONRD,WHITE,NL,NOTHISPANICorNOTLATINO,REP,REPUBLICAN,61.0,1101979.0,Age4165,
ALAMANCE,A,ACTIVE,BOLINANNEEUNICE,ANNEEUNICEBOLIN,459PARKVIEWDR,WHITE,NL,NOTHISPANICorNOTLATINO,DEM,DEMOCRATIC,64.0,4121991.0,Age4165,AA76988
ALAMANCE,A,ACTIVE,BOLINCHRISTINAE,CHRISTINAEBOLIN,3551FORESTDALEDRHD,WHITE,UN,UNDESIGNATED,UNA,UNAFFILIATED,28.0,,Age2640,AA177226
ALAMANCE,A,ACTIVE,BOLINGALELINEBERRY,GALELINEBERRYBOLIN,2295MAYDR,WHITE,NL,NOTHISPANICorNOTLATINO,REP,REPUBLICAN,62.0,3081988.0,Age4165,AA64348
ALAMANCE,A,ACTIVE,BOLINGDWIGHTJ,DWIGHTJBOLING,2502WOODRIDGERD,WHITE,UN,UNDESIGNATED,UNA,UNAFFILIATED,61.0,9212012.0,Age4165,AA175167
ALAMANCE,A,ACTIVE,BOLINGJANICEGENEVA,JANICEGENEVABOLING,5604SNCHWY49,WHITE,UN,UNDESIGNATED,UNA,UNAFFILIATED,64.0,,Age4165,AA177073
ALAMANCE,A,ACTIVE,BOLINGJOHNHENRYJR,JOHNHENRYBOLINGJR,5604SNCHWY49,WHITE,NL,NOTHISPANICorNOTLATINO,REP,REPUBLICAN,65.0,3161998.0,Age4165,AA109411
ALAMANCE,A,ACTIVE,BOLLARDTHOMASSTEPHEN,THOMASSTEPHENBOLLARD,609RAUHUTST,TWOorMORERACES,HL,HISPANICorLATINO,DEM,DEMOCRATIC,56.0,4042011.0,Age4165,AA168308
ALAMANCE,R,REMOVED,BOLLENBACHERJOHNCOLBY,JOHNCOLBYBOLLENBACHER,206STHIRDST,WHITE,NL,NOTHISPANICorNOTLATINO,DEM,DEMOCRATIC,39.0,8152001.0,Age2640,AA124299
ALAMANCE,A,ACTIVE,BOLLENBACHERMARA,,326CAROLINADORM,UNDESIGNATED,UN,UNDESIGNATED,DEM,DEMOCRATIC,22.0,,,AA161853
ALAMANCE,R,REMOVED,BOLLINGERBETTYWILLETT,BETTYWILLETTBOLLINGER,,WHITE,NL,NOTHISPANICorNOTLATINO,DEM,DEMOCRATIC,88.0,10062004.0,AgeOver66,AA139764
ALAMANCE,A,ACTIVE,BOLLINGERDANIELGORDONIII,DANIELGORDONBOLLINGERIII,1625SANDYCROSSRD,WHITE,NL,NOTHISPANICorNOTLATINO,UNA,UNAFFILIATED,38.0,3142008.0,Age2640,AA152856
ALAMANCE,A,ACTIVE,BOLLINGERGARRETTMICHAEL,GARRETTMICHAELBOLLINGER,444FIELDSTONEDR,WHITE,UN,UNDESIGNATED,DEM,DEMOCRATIC,26.0,,Age2640,AA159577
ALAMANCE,A,ACTIVE,BOLLINGERKELLYRUDD,KELLYRUDDBOLLINGER,1625SANDYCROSSRD,WHITE,NL,NOTHISPANICorNOTLATINO,UNA,UNAFFILIATED,38.0,7052007.0,Age2640,DX43260
ALAMANCE,A,ACTIVE,BOLLINGERRACHELKATHLEEN,RACHELKATHLEENBOLLINGER,3031WINSTONDR204,WHITE,UN,UNDESIGNATED,REP,REPUBLICAN,73.0,5172012.0,AgeOver66,AA172515
ALAMANCE,A,ACTIVE,BOLLINGERSUSANLEE,SUSANLEEBOLLINGER,444FIELDSTONEDR,WHITE,NL,NOTHISPANICorNOTLATINO,DEM,DEMOCRATIC,63.0,10051987.0,Age4165,AA62486
ALAMANCE,A,ACTIVE,BOLLINGERWILLIAMLEWISJR,WILLIAMLEWISBOLLINGERJR,444FIELDSTONEDR,WHITE,NL,NOTHISPANICorNOTLATINO,REP,REPUBLICAN,62.0,10051987.0,Age4165,AA62489
ALAMANCE,A,ACTIVE,BOLMARCICHCAROLMARY,CAROLMARYBOLMARCICH,3031BRAMBLEGATEDR,WHITE,NL,NOTHISPANICorNOTLATINO,REP,REPUBLICAN,71.0,1141998.0,AgeOver66,AA108925
ALAMANCE,A,ACTIVE,BOLMARCICHNICHOLASIII,NICHOLASBOLMARCICHIII,3031BRAMBLEGATEDR,WHITE,NL,NOTHISPANICorNOTLATINO,UNA,UNAFFILIATED,,1141998.0,Age4165,AA108926
ALAMANCE,A,ACTIVE,BOLMARCICHNICHOLASJR,NICHOLASBOLMARCICHJR,3031BRAMBLEGATEDR,WHITE,UN,UNDESIGNATED,UNA,UNAFFILIATED,74.0,4082008.0,AgeOver66,AA153448
ALAMANCE,A,ACTIVE,BOLOGNINIFRANKMARTIN,FRANKMARTINBOLOGNINI,,WHITE,NL,NOTHISPANICorNOTLATINO,UNA,UNAFFILIATED,44.0,10022012.0,Age4165,AA176424
ALAMANCE,A,ACTIVE,BOLTDONNAPERDUE,DONNAPERDUEBOLT,131BORDERST,WHITE,NL,NOTHISPANICorNOTLATINO,UNA,UNAFFILIATED,,5191994.0,Age4165,AA90052
ALAMANCE,A,ACTIVE,BOLTLYNDACOFFEY,,133GINALN,WHITE,NL,NOTHISPANICorNOTLATINO,REP,REPUBLICAN,60.0,1291980.0,Age4165,
ALAMANCE,A,ACTIVE,BOLTMICHAELALAN,,131BORDERST,WHITE,UN,UNDESIGNATED,UNA,UNAFFILIATED,35.0,9202008.0,Age2640,AA157757
ALAMANCE,A,ACTIVE,BOLTINGHOUSEMICHAELKEVIN,,413BRIARWOODDR,WHITE,UN,UNDESIGNATED,UNA,UNAFFILIATED,,9092004.0,Age4165,AA137279
ALAMANCE,A,ACTIVE,BOLTINGHOUSEVICKIEP,VICKIEPBOLTINGHOUSE,413BRIARWOODDR,WHITE,UN,UNDESIGNATED,UNA,UNAFFILIATED,61.0,8232004.0,Age4165,AA135933
ALAMANCE,A,ACTIVE,BOLTONAGNESM,AGNESMBOLTON,1229WESTMORELANDDR,BLACKorAFRICANAMERICAN,UN,UNDESIGNATED,DEM,,83.0,9162004.0,AgeOver66,AA137628
ALAMANCE,A,ACTIVE,BOLTONANGELADEVONNE,ANGELADEVONNEBOLTON,1528SMEBANEST1207,BLACKorAFRICANAMERICAN,NL,NOTHISPANICorNOTLATINO,DEM,DEMOCRATIC,39.0,,Age2640,AA159196
ALAMANCE,A,ACTIVE,BOLTONANTHONYPRESSEL,ANTHONYPRESSELBOLTON,722IVEYRDF,BLACKorAFRICANAMERICAN,NL,NOTHISPANICorNOTLATINO,DEM,DEMOCRATIC,52.0,9202004.0,Age4165,AA137862
ALAMANCE,A,ACTIVE,BOLTONAPRILSHOAF,APRILSHOAFBOLTON,1005TOWNBRANCHRD,WHITE,NL,NOTHISPANICorNOTLATINO,REP,REPUBLICAN,35.0,3171995.0,Age2640,AA93092
ALAMANCE,A,ACTIVE,BOLTONBARRYLYNN,BARRYLYNNBOLTON,707CENTERAVE,BLACKorAFRICANAMERICAN,NL,NOTHISPANICorNOTLATINO,DEM,DEMOCRATIC,,7181997.0,Age4165,AA106731
ALAMANCE,A,ACTIVE,BOLTONCAROLINEMITCHELL,CAROLINEMITCHELLBOLTON,1272DURHAMMEADOWSDR,WHITE,UN,UNDESIGNATED,UNA,UNAFFILIATED,31.0,11051999.0,Age2640,AA116093
ALAMANCE,A,ACTIVE,BOLTONCHARLESKELLY,CHARLESKELLYBOLTON,1229WESTMORELANDDR,BLACKorAFRICANAMERICAN,NL,NOTHISPANICorNOTLATINO,DEM,DEMOCRATIC,26.0,8172004.0,Age2640,AA136112
ALAMANCE,A,ACTIVE,BOLTONCHRISTINABAUGHN,CHRISTINABAUGHNBOLTON,621ELIZABETHAVE,WHITE,NL,NOTHISPANICorNOTLATINO,REP,REPUBLICAN,33.0,,Age2640,AA140169
ALAMANCE,A,ACTIVE,BOLTONDONALDMAYO,DONALDMAYOBOLTON,1229WESTMORELANDDR,BLACKorAFRICANAMERICAN,NL,NOTHISPANICorNOTLATINO,DEM,DEMOCRATIC,31.0,6092008.0,Age2640,AA154980
ALAMANCE,A,ACTIVE,BOLTONDUANEEDWINJR,DUANEEDWINBOLTONJR,519BALDWINRD1A,BLACKorAFRICANAMERICAN,UN,UNDESIGNATED,DEM,DEMOCRATIC,28.0,10242012.0,Age2640,AA145275
ALAMANCE,I,INACTIVE,BOLTONDWAYNETHOMAS,DWAYNETHOMASBOLTON,1005TOWNBRANCHRD,BLACKorAFRICANAMERICAN,NL,NOTHISPANICorNOTLATINO,DEM,DEMOCRATIC,40.0,10312008.0,Age2640,AA162219
ALAMANCE,A,ACTIVE,BOLTONJEANNETTE,JEANNETTEBOLTON,2417NCHURCHST21,BLACKorAFRICANAMERICAN,UN,UNDESIGNATED,DEM,DEMOCRATIC,56.0,,Age4165,AA159357
ALAMANCE,A,ACTIVE,BOLTONJERRYLEROY,JERRYLEROYBOLTON,153EHOLTST,WHITE,NL,NOTHISPANICorNOTLATINO,UNA,UNAFFILIATED,26.0,2122010.0,Age2640,BY552941
ALAMANCE,A,ACTIVE,BOLTONJESSICAANTOINETTE,JESSICAANTOINETTEBOLTON,1917MORNINGSIDEDRB,BLACKorAFRICANAMERICAN,NL,NOTHISPANICorNOTLATINO,UNA,UNAFFILIATED,20.0,4232012.0,,AA172229
ALAMANCE,A,ACTIVE,BOLTONJOSHUAHILL,JOSHUAHILLBOLTON,406WLEBANONAVEC,WHITE,NL,NOTHISPANICorNOTLATINO,UNA,UNAFFILIATED,22.0,,,AA177658
ALAMANCE,A,ACTIVE,BOLTONKAVONDELANO,KAVONDELANOBOLTON,1272MAPLERIDGEDR,BLACKorAFRICANAMERICAN,NL,NOTHISPANICorNOTLATINO,DEM,DEMOCRATIC,22.0,2202008.0,,AA152339
ALAMANCE,A,ACTIVE,BOLTONLESLIEJAMES,LESLIEJAMESBOLTON,2624CATHERINEDR,WHITE,NL,NOTHISPANICorNOTLATINO,REP,REPUBLICAN,90.0,9142004.0,AgeOver66,AA137498
ALAMANCE,A,ACTIVE,BOLTONMARGARETADELIA,,2624CATHERINEDR,WHITE,NL,NOTHISPANICorNOTLATINO,REP,REPUBLICAN,79.0,9072004.0,AgeOver66,AA137200
ALAMANCE,A,ACTIVE,BOLTONMARYLOU,,3173SAWMILLDR,WHITE,UN,UNDESIGNATED,REP,REPUBLICAN,56.0,4081992.0,Age4165,AA81390
ALAMANCE,A,ACTIVE,BOLTONNANCYSHAMBLEY,NANCYSHAMBLEYBOLTON,2235HUFFMANMILLRD,WHITE,NL,NOTHISPANICorNOTLATINO,REP,REPUBLICAN,60.0,9301972.0,Age4165,
ALAMANCE,A,ACTIVE,BOLTONPHILLIPLAMM,PHILLIPLAMMBOLTON,2235HUFFMANMILLRD,WHITE,NL,NOTHISPANICorNOTLATINO,DEM,DEMOCRATIC,63.0,1081972.0,Age4165,
ALAMANCE,A,ACTIVE,BOLTONPHILLIPLAMMJR,PHILLIPLAMMBOLTONJR,706RENDALLCT,WHITE,NL,NOTHISPANICorNOTLATINO,UNA,UNAFFILIATED,32.0,1122000.0,Age2640,AA116593
ALAMANCE,A,ACTIVE,BOLTONPHYLLISLYNETTE,PHYLLISLYNETTEBOLTON,1377ISLEYSCHOOLRD,WHITE,NL,NOTHISPANICorNOTLATINO,REP,REPUBLICAN,31.0,5122006.0,Age2640,AA146392
ALAMANCE,A,ACTIVE,BOLTONRICKYOLANDA,RICKYOLANDABOLTON,5175GEORGEMILESRD,BLACKorAFRICANAMERICAN,UN,UNDESIGNATED,UNA,UNAFFILIATED,,10252000.0,Age4165,AA122042
ALAMANCE,I,INACTIVE,BOLTONRONALDMAYO,RONALDMAYOBOLTON,505EPARKERSTM,BLACKorAFRICANAMERICAN,UN,UNDESIGNATED,DEM,DEMOCRATIC,31.0,1172001.0,Age2640,AA122043
ALAMANCE,A,ACTIVE,BOLTONRUSSELLDELANO,RUSSELLDELANOBOLTON,1229WESTMORELANDDR,BLACKorAFRICANAMERICAN,NL,NOTHISPANICorNOTLATINO,UNA,UNAFFILIATED,,1121987.0,Age4165,AA61410
ALAMANCE,A,ACTIVE,BOLTONSANTONIORONTE,SANTONIORONTEBOLTON,2613HOLLYBROOKDR,BLACKorAFRICANAMERICAN,UN,UNDESIGNATED,UNA,UNAFFILIATED,25.0,,,AA159248
ALAMANCE,A,ACTIVE,BOLTONSHAMEEKA,SHAMEEKABOLTON,510QUEENANNST,BLACKorAFRICANAMERICAN,UN,UNDESIGNATED,UNA,UNAFFILIATED,29.0,6062012.0,Age2640,AA173135
ALAMANCE,A,ACTIVE,BOLTONSHANNAHCABRI,SHANNAHCABRIBOLTON,2417NCHURCHST21,BLACKorAFRICANAMERICAN,UN,UNDESIGNATED,DEM,DEMOCRATIC,27.0,,Age2640,AA159386
ALAMANCE,A,ACTIVE,BOLTONTIMOTHYLEON,TIMOTHYLEONBOLTON,3551FORESTDALEDRFJ,BLACKorAFRICANAMERICAN,NL,NOTHISPANICorNOTLATINO,REP,REPUBLICAN,43.0,6251998.0,Age4165,AA110580
ALAMANCE,A,ACTIVE,BOLTONTRUDYCHRISTINE,TRUDYCHRISTINEBOLTON,1410CLEVELANDAVEE2,WHITE,NL,NOTHISPANICorNOTLATINO,DEM,DEMOCRATIC,65.0,2131996.0,Age4165,AA97587
ALAMANCE,A,ACTIVE,BOLTZBRANDIDAMERON,BRANDIDAMERONBOLTZ,343BROOKSIDEDR,WHITE,NL,NOTHISPANICorNOTLATINO,UNA,UNAFFILIATED,32.0,12292010.0,Age2640,AA167829
ALAMANCE,A,ACTIVE,BOLYARDMATTHEWALBERT,,2412PINECRESTCT,WHITE,UN,UNDESIGNATED,REP,REPUBLICAN,32.0,7222002.0,Age2640,AA127029
ALAMANCE,A,ACTIVE,BOLYARDTRACYJANE,TRACYJANEBOLYARD,2412PINECRESTCT,WHITE,UN,UNDESIGNATED,DEM,DEMOCRATIC,32.0,2122004.0,Age2640,AA144181
ALAMANCE,A,ACTIVE,BOLZANJAMESJOHNJR,JAMESJOHNBOLZANJR,3922MUHLENBERGCT,WHITE,NL,NOTHISPANICorNOTLATINO,UNA,UNAFFILIATED,84.0,,AgeOver66,AA151016
ALAMANCE,A,ACTIVE,BOLZANJUDITHA,JUDITHABOLZAN,3922MUHLENBERGCT,WHITE,NL,NOTHISPANICorNOTLATINO,UNA,UNAFFILIATED,81.0,11292007.0,AgeOver66,AA151337
ALAMANCE,A,ACTIVE,BOMBERGERJANICEEDGERTON,JANICEEDGERTONBOMBERGER,244ALBANYST,WHITE,NL,NOTHISPANICorNOTLATINO,REP,REPUBLICAN,56.0,9201980.0,Age4165,AA13917
ALAMANCE,A,ACTIVE,BOMBERGERMICHAELRYAN,,244ALBANYST,WHITE,NL,NOTHISPANICorNOTLATINO,REP,REPUBLICAN,22.0,4112008.0,Age1825,AA153798
ALAMANCE,A,ACTIVE,BOMBERGERPAULTIMOTHY,PAULTIMOTHYBOMBERGER,244ALBANYST,WHITE,NL,NOTHISPANICorNOTLATINO,REP,REPUBLICAN,58.0,10291980.0,Age4165,
ALAMANCE,A,ACTIVE,BOMBERGERPHYLLISMENBORN,PHYLLISMENBORNBOMBERGER,915TUCKERST117,WHITE,NL,NOTHISPANICorNOTLATINO,REP,REPUBLICAN,82.0,4061968.0,AgeOver66,
ALAMANCE,R,REMOVED,BOMBERGERREBECCA,REBECCABOMBERGER,904EDOGWOODDR,WHITE,UN,UNDESIGNATED,REP,REPUBLICAN,29.0,5152004.0,Age2640,AA134303
ALAMANCE,I,INACTIVE,BOMERMARKANTHONY,,911DEERFIELDTRCE,WHITE,NL,NOTHISPANICorNOTLATINO,REP,REPUBLICAN,42.0,1232012.0,Age4165,AA170135
ALAMANCE,A,ACTIVE,BONAKERAMANDALYNNE,AMANDALYNNEBONAKER,405CORNELIADR,WHITE,NL,NOTHISPANICorNOTLATINO,DEM,DEMOCRATIC,39.0,10072008.0,Age2640,AA159164
ALAMANCE,A,ACTIVE,BONAKERARTHURJAMES,ARTHURJAMESBONAKER,405CORNELIADR,WHITE,NL,NOTHISPANICorNOTLATINO,UNA,UNAFFILIATED,40.0,10072008.0,Age2640,AA159247
ALAMANCE,I,INACTIVE,BONAUDIMICHAELHENRY,,2424DRYCREEKLN8,WHITE,NL,NOTHISPANICorNOTLATINO,DEM,DEMOCRATIC,58.0,9192008.0,Age4165,AA156806
ALAMANCE,A,ACTIVE,BONAUDISHARONJOURNIGAN,SHARONJOURNIGANBONAUDI,,WHITE,NL,NOTHISPANICorNOTLATINO,UNA,UNAFFILIATED,,3171998.0,Age4165,AA109651
ALAMANCE,A,ACTIVE,BONDBARBARAEILEENWOODR,BARBARAEILEENWOODRBOND,910CENTRALAVE,WHITE,NL,NOTHISPANICorNOTLATINO,DEM,DEMOCRATIC,44.0,10051992.0,Age4165,AA85660
ALAMANCE,A,ACTIVE,BONDCALHOUN(NMN)JR,CALHOUN(NMN)BONDJR,307SSEVENTHST,WHITE,NL,NOTHISPANICorNOTLATINO,DEM,DEMOCRATIC,55.0,12191995.0,Age4165,AA96808
ALAMANCE,A,ACTIVE,BONDCALISHALASHAY,CALISHALASHAYBOND,815TILLMANST,BLACKorAFRICANAMERICAN,NL,NOTHISPANICorNOTLATINO,UNA,UNAFFILIATED,18.0,2282012.0,Age1825,AA170461
ALAMANCE,R,REMOVED,BONDDELICIATRINETTE,DELICIATRINETTEBOND,1520SMEBANESTK,BLACKorAFRICANAMERICAN,NL,NOTHISPANICorNOTLATINO,DEM,DEMOCRATIC,38.0,5062004.0,Age2640,BL326498
ALAMANCE,A,ACTIVE,BONDHARRY,HARRYBOND,816WESTWOODDR,WHITE,NL,NOTHISPANICorNOTLATINO,REP,REPUBLICAN,86.0,9061995.0,AgeOver66,AA95460
ALAMANCE,R,REMOVED,BONDHOWARDLIBERTY,HOWARDLIBERTYBOND,2032SHIRLEYDR,WHITE,NL,NOTHISPANICorNOTLATINO,REP,REPUBLICAN,94.0,5151964.0,AgeOver66,
ALAMANCE,D,DENIED,BONDIAN,IANBOND,735EHAGGARDAVEM,WHITE,NL,NOTHISPANICorNOTLATINO,DEM,DEMOCRATIC,29.0,,Age2640,AA140289
ALAMANCE,A,ACTIVE,BONDIVANWILLIAM,IVANWILLIAMBOND,910CENTRALAVE,TWOorMORERACES,UN,UNDESIGNATED,UNA,UNAFFILIATED,21.0,10012010.0,,AA167019
ALAMANCE,A,ACTIVE,BONDJESSICARENEE,JESSICARENEEBOND,418COLLINGTONDR,WHITE,NL,NOTHISPANICorNOTLATINO,REP,REPUBLICAN,30.0,4082011.0,Age2640,AA168353
ALAMANCE,R,REMOVED,BONDLOUISEDUBE,,1515STANDREWSDR,WHITE,NL,NOTHISPANICorNOTLATINO,DEM,DEMOCRATIC,90.0,9181996.0,AgeOver66,AA102091
ALAMANCE,A,ACTIVE,BONDMARYJANE,,816WESTWOODDR,WHITE,NL,NOTHISPANICorNOTLATINO,REP,REPUBLICAN,83.0,,AgeOver66,AA95969
ALAMANCE,A,ACTIVE,BONDRAYMONDJOSEPH,RAYMONDJOSEPHBOND,1515STANDREWSDR,WHITE,NL,NOTHISPANICorNOTLATINO,DEM,DEMOCRATIC,91.0,9181996.0,AgeOver66,AA102092
ALAMANCE,A,ACTIVE,BONDROGERWALTER,ROGERWALTERBOND,610RIDGEWAYDR,WHITE,NL,NOTHISPANICorNOTLATINO,REP,REPUBLICAN,54.0,10081984.0,Age4165,AA57811
ALAMANCE,R,REMOVED,BONDRUTHWILKENS,RUTHWILKENSBOND,2032SHIRLEYDR,WHITE,NL,NOTHISPANICorNOTLATINO,REP,REPUBLICAN,92.0,5151964.0,AgeOver66,
ALAMANCE,A,ACTIVE,BONDSTEVENROBERT,STEVENROBERTBOND,910CENTRALAVE,WHITE,NL,NOTHISPANICorNOTLATINO,UNA,UNAFFILIATED,51.0,9261994.0,Age4165,AA91430
ALAMANCE,A,ACTIVE,BONDSSUEEMBLER,SUEEMBLERBONDS,3022MARLBOROUGHRD,WHITE,NL,NOTHISPANICorNOTLATINO,REP,REPUBLICAN,70.0,4202000.0,AgeOver66,AA118114
ALAMANCE,A,ACTIVE,BONDSWILFORDDOUGLAS,WILFORDDOUGLASBONDS,3022MARLBOROUGHRD,WHITE,NL,NOTHISPANICorNOTLATINO,REP,REPUBLICAN,67.0,5192000.0,AgeOver66,AA118117
ALAMANCE,A,ACTIVE,BONDURANTAMANDAWALTERS,AMANDAWALTERSBONDURANT,4109WHISPERINGOAKSCT,WHITE,NL,NOTHISPANICorNOTLATINO,REP,REPUBLICAN,35.0,9242004.0,Age2640,AA138519
ALAMANCE,A,ACTIVE,BONDURANTPENELOPEWORRELL,PENELOPEWORRELLBONDURANT,7575COBLEMILLRD,WHITE,NL,NOTHISPANICorNOTLATINO,DEM,DEMOCRATIC,51.0,7141997.0,Age4165,AA106732
ALAMANCE,A,ACTIVE,BONDURANTROBERTCARLMAN,ROBERTCARLMANBONDURANT,7575COBLEMILLRD,WHITE,UN,UNDESIGNATED,DEM,DEMOCRATIC,66.0,7292005.0,AgeOver66,AA144075
ALAMANCE,A,ACTIVE,BONDURANTTEE,TEEBONDURANT,4109WHISPERINGOAKSCT,WHITE,NL,NOTHISPANICorNOTLATINO,REP,REPUBLICAN,41.0,10012004.0,Age4165,AA139131
ALAMANCE,I,INACTIVE,BONDYALEXANDERTHOMAS,ALEXANDERTHOMASBONDY,410WILLIAMSONST,WHITE,NL,NOTHISPANICorNOTLATINO,UNA,UNAFFILIATED,24.0,2152007.0,,AA148888
ALAMANCE,A,ACTIVE,BONEJASONCHARLES,JASONCHARLESBONE,,UNDESIGNATED,UN,UNDESIGNATED,REP,REPUBLICAN,24.0,5212012.0,,AA172178
ALAMANCE,A,ACTIVE,BONELORENAMAHEALANI,,302HALLAVE,BLACKorAFRICANAMERICAN,UN,UNDESIGNATED,DEM,DEMOCRATIC,27.0,5042007.0,Age2640,BL336792
ALAMANCE,A,ACTIVE,BONEBRAKECINDYDUGGINS,CINDYDUGGINSBONEBRAKE,4008BASSMOUNTAINRDA,WHITE,NL,NOTHISPANICorNOTLATINO,REP,REPUBLICAN,54.0,2211990.0,Age4165,AA70680
ALAMANCE,A,ACTIVE,BONEBRAKERICHARDREEDJR,RICHARDREEDBONEBRAKEJR,4008BASSMOUNTAINRDA,WHITE,NL,NOTHISPANICorNOTLATINO,UNA,UNAFFILIATED,,,Age4165,AA131863
ALAMANCE,A,ACTIVE,BONERTZAARONMICHAEL,AARONMICHAELBONERTZ,700EHAGGARDAVE203C,UNDESIGNATED,UN,UNDESIGNATED,UNA,UNAFFILIATED,18.0,10052012.0,,DE277853
ALAMANCE,A,ACTIVE,BONEYBENJAMINPOWERSJR,BENJAMINPOWERSBONEYJR,1908JONESDR,WHITE,NL,NOTHISPANICorNOTLATINO,DEM,DEMOCRATIC,69.0,9291972.0,AgeOver66,
ALAMANCE,A,ACTIVE,BONEYBETTYCURRIE,BETTYCURRIEBONEY,1908JONESDR,WHITE,NL,NOTHISPANICorNOTLATINO,DEM,DEMOCRATIC,67.0,9291972.0,AgeOver66,
ALAMANCE,A,ACTIVE,BONEYCAROLSCHNUR,CAROLSCHNURBONEY,1240GEMSTONECT,WHITE,NL,NOTHISPANICorNOTLATINO,REP,REPUBLICAN,62.0,9101990.0,Age4165,AA73138
ALAMANCE,A,ACTIVE,BONEYCHANETALONG,CHANETALONGBONEY,2138HAWRIVERHOPEDALERD,BLACKorAFRICANAMERICAN,NL,NOTHISPANICorNOTLATINO,DEM,DEMOCRATIC,38.0,9031999.0,Age2640,AA115405
ALAMANCE,A,,BONEYEVANSTHOMAS,EVANSTHOMASBONEY,1240GEMSTONECT,WHITE,NL,NOTHISPANICorNOTLATINO,UNA,UNAFFILIATED,28.0,3182002.0,Age2640,AA125894
ALAMANCE,A,,BONEYJEANSANDIFER,JEANSANDIFERBONEY,2000ROGERSRD,WHITE,NL,NOTHISPANICorNOTLATINO,DEM,DEMOCRATIC,81.0,,AgeOver66,
ALAMANCE,A,,BONEYJOHNBARRY,JOHNBARRYBONEY,1240GEMSTONECT,WHITE,NL,NOTHISPANICorNOTLATINO,UNA,UNAFFILIATED,25.0,8082005.0,,AA144182
ALAMANCE,A,,BONEYKENDRICKCORDELL,KENDRICKCORDELLBONEY,2138HAWRIVERHOPEDALERD,BLACKorAFRICANAMERICAN,NL,NOTHISPANICorNOTLATINO,DEM,DEMOCRATIC,39.0,11072000.0,Age2640,AA122044
ALAMANCE,A,,BONEYTHOMASEVANSJR,THOMASEVANSBONEYJR,1240GEMSTONECT,WHITE,NL,NOTHISPANICorNOTLATINO,REP,REPUBLICAN,58.0,9071990.0,Age4165,AA73139
ALAMANCE,A,,BONEYWILLIAMMARSHALL,WILLIAMMARSHALLBONEY,1908JONESDR,WHITE,NL,NOTHISPANICorNOTLATINO,UNA,UNAFFILIATED,37.0,9252000.0,Age2640,AA120241
ALAMANCE,A,,BONHAMSCAMELAKIME,CAMELAKIMEBONHAMS,5726RUMLEYRD,WHITE,UN,UNDESIGNATED,REP,REPUBLICAN,32.0,1112008.0,Age2640,AA163811
ALAMANCE,A,,BONHOFFJEANORR,JEANORRBONHOFF,5122DAILEYSTORERD,WHITE,UN,UNDESIGNATED,UNA,UNAFFILIATED,,6131996.0,Age4165,AA99997
ALAMANCE,A,,BONHOFFROBERTMICHAELSR,ROBERTMICHAELBONHOFFSR,5122DAILEYSTORERD,WHITE,UN,UNDESIGNATED,REP,REPUBLICAN,52.0,11031995.0,Age4165,AA96239
ALAMANCE,A,,BONHOFFROBERTMICHAEL,ROBERTMICHAELBONHOFF,5122DAILEYSTORERD,WHITE,NL,NOTHISPANICorNOTLATINO,UNA,UNAFFILIATED,19.0,11172010.0,Age1825,AA167634
ALAMANCE,A,,BONICHEDANIELLE,DANIELLEBONICHE,,UNDESIGNATED,UN,UNDESIGNATED,DEM,DEMOCRATIC,21.0,10012012.0,,AA175917
ALAMANCE,A,,BONICHEMARITZABONILLA,,706HUFFMANMILLRDA10,OTHER,NL,NOTHISPANICorNOTLATINO,DEM,DEMOCRATIC,32.0,8132002.0,Age2640,AA127301
ALAMANCE,A,,BONICHEMOISESSALOMON,MOISESSALOMONBONICHE,706HUFFMANMILLRDA10,TWOorMORERACES,HL,HISPANICorLATINO,UNA,UNAFFILIATED,37.0,8132002.0,Age2640,AA127302
ALAMANCE,A,,BONILLAJERLHEYMARCIAL,JERLHEYMARCIALBONILLA,1469KNOLLWOODDR,WHITE,NL,NOTHISPANICorNOTLATINO,UNA,UNAFFILIATED,27.0,6222007.0,Age2640,AA149953
ALAMANCE,A,ACTIVE,BONILLAMARITZA,,1469KNOLLWOODDR,UNDESIGNATED,HL,HISPANICorLATINO,DEM,DEMOCRATIC,60.0,11112006.0,Age4165,AA148159
ALAMANCE,A,,BONILLARAULD,RAULDBONILLA,1469KNOLLWOODDR,OTHER,HL,HISPANICorLATINO,DEM,DEMOCRATIC,62.0,4132006.0,Age4165,AA146393
ALAMANCE,A,ACTIVE,BONILLABRAVOAGUEDAELVIRA,AGUEDAELVIRABONILLABRAVO,1452KNOLLWOODDR,UNDESIGNATED,HL,HISPANICorLATINO,UNA,UNAFFILIATED,35.0,10012004.0,Age2640,AA140119
ALAMANCE,I,INACTIVE,BONIZIODAWNNARIA,DAWNNARIABONIZIO,,UNDESIGNATED,UN,UNDESIGNATED,UNA,UNAFFILIATED,23.0,9302008.0,,AA158209
ALAMANCE,A,ACTIVE,BONKJEFFREYCHARLES,JEFFREYCHARLESBONK,1378BEAUFORTDR,WHITE,NL,NOTHISPANICorNOTLATINO,DEM,DEMOCRATIC,,3162004.0,Age4165,AA133428
ALAMANCE,A,ACTIVE,BONKWALTERCARL,WALTERCARLBONK,317WILSONST,WHITE,UN,UNDESIGNATED,REP,REPUBLICAN,41.0,10052012.0,Age4165,DN101765
ALAMANCE,R,REMOVED,BONKOWSKIFRANCESMARY,FRANCESMARYBONKOWSKI,3508GARDENRDK4,WHITE,UN,UNDESIGNATED,REP,REPUBLICAN,56.0,12112001.0,Age4165,AA125213
ALAMANCE,A,ACTIVE,BONNERKRISTIBRANSON,KRISTIBRANSONBONNER,255FORESTDR,WHITE,NL,NOTHISPANICorNOTLATINO,REP,REPUBLICAN,42.0,11142002.0,Age4165,AA128532
ALAMANCE,A,ACTIVE,BONNETTERETAFAYE,RETAFAYEBONNETTE,1537WDAVISST,UNDESIGNATED,UN,UNDESIGNATED,DEM,DEMOCRATIC,55.0,,Age4165,AA177347
ALAMANCE,A,ACTIVE,BONNEYKAITLINLOUISE,KAITLINLOUISEBONNEY,3123BRYCEWOODPL,WHITE,UN,UNDESIGNATED,REP,REPUBLICAN,19.0,11052011.0,,AA169544
ALAMANCE,A,ACTIVE,BONNEYLAURENELIZABETH,LAURENELIZABETHBONNEY,3123BRYCEWOODPL,WHITE,NL,NOTHISPANICorNOTLATINO,REP,REPUBLICAN,19.0,11052011.0,,AA169545
ALAMANCE,A,ACTIVE,BONNEYPAMELAWALLER,PAMELAWALLERBONNEY,3123BRYCEWOODPL,WHITE,NL,NOTHISPANICorNOTLATINO,REP,REPUBLICAN,,4161999.0,Age4165,AA114001
ALAMANCE,A,ACTIVE,BONNEYWARRENKENT,WARRENKENTBONNEY,3123BRYCEWOODPL,WHITE,NL,NOTHISPANICorNOTLATINO,REP,REPUBLICAN,,,Age4165,AA121339
ALAMANCE,R,REMOVED,BONVILLAINBLAINEMARK,BLAINEMARKBONVILLAIN,901NMAINST,WHITE,NL,NOTHISPANICorNOTLATINO,UNA,UNAFFILIATED,43.0,3052004.0,Age4165,AA133219
ALAMANCE,A,ACTIVE,BONVILLAINHAYLEYA,HAYLEYABONVILLAIN,901NMAINST,WHITE,NL,NOTHISPANICorNOTLATINO,UNA,UNAFFILIATED,24.0,6152007.0,,AA149842
ALAMANCE,R,REMOVED,BONVILLAINROBINBUCKNER,ROBINBUCKNERBONVILLAIN,901NMAINST,WHITE,UN,UNDESIGNATED,UNA,UNAFFILIATED,43.0,2171994.0,Age4165,AA89332
ALAMANCE,A,ACTIVE,BOOBASJOHANNAMARIE,JOHANNAMARIEBOOBAS,2846CALLOWAYDR,WHITE,NL,NOTHISPANICorNOTLATINO,DEM,DEMOCRATIC,,9221992.0,Age4165,AA83040
ALAMANCE,A,ACTIVE,BOODMANDENNISALLAN,DENNISALLANBOODMAN,9224OLDSWITCHBOARDRD,WHITE,NL,NOTHISPANICorNOTLATINO,DEM,DEMOCRATIC,61.0,10021976.0,Age4165,
ALAMANCE,A,ACTIVE,BOODMANKENNETHCLEMENTE,KENNETHCLEMENTEBOODMAN,9214OLDSWITCHBOARDRD,WHITE,NL,NOTHISPANICorNOTLATINO,DEM,DEMOCRATIC,25.0,7112005.0,,AA144085
ALAMANCE,A,ACTIVE,BOOEKATHRYNTROXLER,KATHRYNTROXLERBOOE,2661NNCHWY87,WHITE,NL,NOTHISPANICorNOTLATINO,DEM,DEMOCRATIC,68.0,5141966.0,AgeOver66,
ALAMANCE,A,ACTIVE,BOOELECIABARTLETT,LECIABARTLETTBOOE,2317TRAILFIVE,WHITE,NL,NOTHISPANICorNOTLATINO,DEM,DEMOCRATIC,,3221980.0,Age4165,
ALAMANCE,A,ACTIVE,BOOEWILLIAMRAY,WILLIAMRAYBOOE,2661NNCHWY87,WHITE,NL,NOTHISPANICorNOTLATINO,DEM,DEMOCRATIC,69.0,5141966.0,AgeOver66,
ALAMANCE,A,ACTIVE,BOOKERAMYDIANE,AMYDIANEBOOKER,4632HOPEWOODDR,WHITE,UN,UNDESIGNATED,REP,REPUBLICAN,60.0,,Age4165,AA150585
ALAMANCE,A,ACTIVE,BOOKERBELINDAJEANETTE,BELINDAJEANETTEBOOKER,4811HOMESTEADDR,BLACKorAFRICANAMERICAN,NL,NOTHISPANICorNOTLATINO,DEM,DEMOCRATIC,42.0,9141990.0,Age4165,AA73405
ALAMANCE,A,ACTIVE,BOOKERBRITTNEYJEAN,BRITTNEYJEANBOOKER,908SBEAUMONTAVE,BLACKorAFRICANAMERICAN,UN,UNDESIGNATED,DEM,DEMOCRATIC,22.0,9172008.0,Age1825,AA157477
ALAMANCE,A,ACTIVE,BOOKERCHLORISALANE,CHLORISALANEBOOKER,2562ALBERTJEFFRIESRD,BLACKorAFRICANAMERICAN,NL,NOTHISPANICorNOTLATINO,DEM,DEMOCRATIC,37.0,4092008.0,Age2640,AA154060
ALAMANCE,A,ACTIVE,BOOKERCHRISTOPHERTODD,CHRISTOPHERTODDBOOKER,415HAMILTONST,WHITE,NL,NOTHISPANICorNOTLATINO,UNA,UNAFFILIATED,44.0,6152012.0,Age4165,EH632700
ALAMANCE,A,ACTIVE,BOOKERCORINETERRELL,CORINETERRELLBOOKER,2562ALBERTJEFFRIESRD,BLACKorAFRICANAMERICAN,NL,NOTHISPANICorNOTLATINO,DEM,DEMOCRATIC,72.0,7301984.0,AgeOver66,
ALAMANCE,A,ACTIVE,BOOKERCRYSTALLASHONE,CRYSTALLASHONEBOOKER,2562ALBERTJEFFRIESRD,BLACKorAFRICANAMERICAN,NL,NOTHISPANICorNOTLATINO,DEM,DEMOCRATIC,36.0,2241996.0,Age2640,AA98371
ALAMANCE,A,ACTIVE,BOOKERDOMINICNICOLE,DOMINICNICOLEBOOKER,743FLOYDST,BLACKorAFRICANAMERICAN,NL,NOTHISPANICorNOTLATINO,DEM,DEMOCRATIC,26.0,7192008.0,Age2640,AA156983
ALAMANCE,A,ACTIVE,BOOKERDONTALAMONT,DONTALAMONTBOOKER,1904RENDALLST,BLACKorAFRICANAMERICAN,UN,UNDESIGNATED,DEM,DEMOCRATIC,35.0,10012012.0,Age2640,AA175926
ALAMANCE,R,REMOVED,BOOKERDORSEYLEWIS,DORSEYLEWISBOOKER,331LAKESIDEAVE,OTHER,UN,UNDESIGNATED,DEM,DEMOCRATIC,58.0,3052008.0,Age4165,AA152756
ALAMANCE,R,REMOVED,BOOKERGAILWORSHAM,GAILWORSHAMBOOKER,318MEADOWBROOKDR,WHITE,NL,NOTHISPANICorNOTLATINO,REP,REPUBLICAN,80.0,,AgeOver66,AA95970
ALAMANCE,A,ACTIVE,BOOKERGREGORYLAMONT,GREGORYLAMONTBOOKER,3479FORESTDALEDR3C,BLACKorAFRICANAMERICAN,UN,UNDESIGNATED,UNA,UNAFFILIATED,39.0,,Age2640,AA159578
ALAMANCE,A,ACTIVE,BOOKERGREGORYSCOTT,GREGORYSCOTTBOOKER,1535CHARLEIGHCT,WHITE,NL,NOTHISPANICorNOTLATINO,REP,REPUBLICAN,52.0,2021998.0,Age4165,AA109054
ALAMANCE,A,ACTIVE,BOOKERJAMESRODERICK,JAMESRODERICKBOOKER,2562ALBERTJEFFRIESRD,BLACKorAFRICANAMERICAN,NL,NOTHISPANICorNOTLATINO,DEM,DEMOCRATIC,,10082000.0,Age4165,AA121095
ALAMANCE,R,REMOVED,BOOKERJEFFREYTODD,JEFFREYTODDBOOKER,2517ANDERSONRD,BLACKorAFRICANAMERICAN,NL,NOTHISPANICorNOTLATINO,,,44.0,12091999.0,Age4165,AA116436
ALAMANCE,A,ACTIVE,BOOKERJENNIFERLEIGH,JENNIFERLEIGHBOOKER,7315MTHERMONROCKCREEKRD,WHITE,NL,NOTHISPANICorNOTLATINO,REP,REPUBLICAN,38.0,1142008.0,Age2640,BY234899
ALAMANCE,A,ACTIVE,BOOKERKAYEALSTON,KAYEALSTONBOOKER,718FIXST,BLACKorAFRICANAMERICAN,NL,NOTHISPANICorNOTLATINO,,,65.0,11152006.0,Age4165,AA148160
ALAMANCE,A,ACTIVE,BOOKERKRISTIMCKEON,KRISTIMCKEONBOOKER,1535CHARLEIGHCT,WHITE,NL,NOTHISPANICorNOTLATINO,REP,REPUBLICAN,52.0,7191994.0,Age4165,AA90595
ALAMANCE,A,ACTIVE,BOOKERMARGARETCRUMPTON,,2517ANDERSONRD,BLACKorAFRICANAMERICAN,NL,NOTHISPANICorNOTLATINO,,,70.0,8171983.0,AgeOver66,
ALAMANCE,A,ACTIVE,BOOKERPAMELA,PAMELABOOKER,2562ALBERTJEFFRIESRD,BLACKorAFRICANAMERICAN,NL,NOTHISPANICorNOTLATINO,,,,9271996.0,Age4165,AA102329
ALAMANCE,A,ACTIVE,BOOKERPATRICIAANN,PATRICIAANNBOOKER,331LAKESIDEAVE,BLACKorAFRICANAMERICAN,UN,UNDESIGNATED,,,24.0,6112007.0,Age1825,AA149810
ALAMANCE,A,ACTIVE,BOOKERPHYLLISYVETTE,PHYLLISYVETTEBOOKER,1010MADISONST,UNDESIGNATED,UN,UNDESIGNATED,,,,7252012.0,Age4165,AA173784
ALAMANCE,A,ACTIVE,BOOKERRICHARDDALE,RICHARDDALEBOOKER,7315MTHERMONROCKCREEKRD,UNDESIGNATED,UN,UNDESIGNATED,REP,REPUBLICAN,41.0,1142008.0,Age4165,BY260856
ALAMANCE,A,ACTIVE,BOOKERTRACEYUMBERGER,TRACEYUMBERGERBOOKER,1516HARRIETDR,WHITE,NL,NOTHISPANICorNOTLATINO,REP,REPUBLICAN,44.0,10061986.0,Age4165,AA61178
ALAMANCE,A,ACTIVE,BOOKERTRAVISLAMAR,TRAVISLAMARBOOKER,2562ALBERTJEFFRIESRD,UNDESIGNATED,UN,UNDESIGNATED,UNA,UNAFFILIATED,29.0,5142012.0,Age2640,AA173573
ALAMANCE,A,ACTIVE,BOOKERVERNEHEWITT,VERNEHEWITTBOOKER,1921KEOGHST,WHITE,NL,NOTHISPANICorNOTLATINO,REP,REPUBLICAN,59.0,11031989.0,Age4165,AA70040
ALAMANCE,A,ACTIVE,BOOKERWILLIAMGRAY,WILLIAMGRAYBOOKER,1921KEOGHST,WHITE,NL,NOTHISPANICorNOTLATINO,UNA,UNAFFILIATED,24.0,8162006.0,Age1825,AA147205
ALAMANCE,I,INACTIVE,BOOKMANELISAPIA,ELISAPIABOOKMAN,213WLEBANONAVE15,WHITE,UN,UNDESIGNATED,REP,REPUBLICAN,25.0,10022008.0,,AA158462
ALAMANCE,A,ACTIVE,BOONBARBARAMOIZE,BARBARAMOIZEBOON,2526DAREST,WHITE,NL,NOTHISPANICorNOTLATINO,REP,REPUBLICAN,75.0,,AgeOver66,
ALAMANCE,A,ACTIVE,BOONDANBRYANT,DANBRYANTBOON,2526DAREST,WHITE,NL,NOTHISPANICorNOTLATINO,REP,REPUBLICAN,44.0,1041993.0,Age4165,AA86185
ALAMANCE,R,REMOVED,BOONDOUGLASBYRON,DOUGLASBYRONBOON,2526DAREST,WHITE,NL,NOTHISPANICorNOTLATINO,REP,REPUBLICAN,,4051984.0,Age4165,
ALAMANCE,R,REMOVED,BOONROBERTEDWARD,ROBERTEDWARDBOON,205BRIARWOODDR,WHITE,NL,NOTHISPANICorNOTLATINO,REP,REPUBLICAN,52.0,3201978.0,Age4165,
ALAMANCE,A,ACTIVE,BOONEALLENRALPH,ALLENRALPHBOONE,532BOONERD,WHITE,UN,UNDESIGNATED,REP,REPUBLICAN,52.0,4112008.0,Age4165,CW682326
ALAMANCE,A,ACTIVE,BOONEALYSONSARAH,ALYSONSARAHBOONE,1264BETHELMETHODISTCHURCHRD,WHITE,NL,NOTHISPANICorNOTLATINO,,,25.0,9152006.0,,AA147575
ALAMANCE,A,ACTIVE,BOONEAMBERNICOLE,AMBERNICOLEBOONE,2929WAYRD,WHITE,UN,UNDESIGNATED,REP,REPUBLICAN,21.0,,,BY553099
ALAMANCE,A,ACTIVE,BOONEANDREWKYLE,ANDREWKYLEBOONE,511EDINBURGHDR,WHITE,NL,NOTHISPANICorNOTLATINO,REP,REPUBLICAN,20.0,5192012.0,,AA172539
ALAMANCE,A,ACTIVE,BOONEANNACAROLINE,ANNACAROLINEBOONE,306EMERSONDR,WHITE,NL,NOTHISPANICorNOTLATINO,UNA,UNAFFILIATED,19.0,3082012.0,,AA170602
ALAMANCE,A,ACTIVE,BOONEANNABELBINGHAM,ANNABELBINGHAMBOONE,4780SNCHWY87,WHITE,NL,NOTHISPANICorNOTLATINO,,,91.0,1211954.0,AgeOver66,AA5743
ALAMANCE,I,INACTIVE,BOONEANTHONYWAYNE,ANTHONYWAYNEBOONE,2172EGREENSBOROCHAPELHILLRD,BLACKorAFRICANAMERICAN,NL,NOTHISPANICorNOTLATINO,,,43.0,6231997.0,Age4165,AA106493
ALAMANCE,A,ACTIVE,BOONEANTHONYM,ANTHONYMBOONE,3949CORBETTRD,BLACKorAFRICANAMERICAN,UN,UNDESIGNATED,UNA,UNAFFILIATED,44.0,4212008.0,Age4165,BL256100
ALAMANCE,A,ACTIVE,BOONEAVERYMARK,AVERYMARKBOONE,2202FOXFIRELN,WHITE,NL,NOTHISPANICorNOTLATINO,REP,REPUBLICAN,58.0,4171995.0,Age4165,AA93578
ALAMANCE,A,ACTIVE,BOONEBETTYSIMPSON,BETTYSIMPSONBOONE,3054GWYNRD,WHITE,NL,NOTHISPANICorNOTLATINO,,,83.0,4201968.0,AgeOver66,AA5748
ALAMANCE,R,REMOVED,BOONEBETTYLOVE,BETTYLOVEBOONE,3055DURHAMSTEXT,WHITE,NL,NOTHISPANICorNOTLATINO,,,81.0,8251956.0,AgeOver66,AA5747
ALAMANCE,A,ACTIVE,BOONEBRANDYNICHOLE,BRANDYNICHOLEBOONE,1816ROBINHOODDR,WHITE,NL,NOTHISPANICorNOTLATINO,UNA,UNAFFILIATED,26.0,11172006.0,Age2640,AA148161
ALAMANCE,R,REMOVED,BOONEBRIANKEITH,BRIANKEITHBOONE,403BROOKSIDEDR,WHITE,NL,NOTHISPANICorNOTLATINO,,,42.0,5271998.0,Age4165,AA110420
ALAMANCE,A,ACTIVE,BOONEBRYANHOLT,BRYANHOLTBOONE,1816ROBINHOODDR,WHITE,NL,NOTHISPANICorNOTLATINO,UNA,UNAFFILIATED,20.0,3302010.0,,AA165661
ALAMANCE,A,ACTIVE,BOONECARMENUNDERWOOD,CARMENUNDERWOODBOONE,2343COOPERRD,WHITE,NL,NOTHISPANICorNOTLATINO,,,71.0,10061978.0,AgeOver66,AA5750
ALAMANCE,A,ACTIVE,BOONECHERYLDENISE,CHERYLDENISEBOONE,226ROLLINGRD,BLACKorAFRICANAMERICAN,NL,NOTHISPANICorNOTLATINO,,,41.0,8092008.0,Age4165,EH634079
ALAMANCE,A,ACTIVE,BOONECHRISTOPHERSCOTT,CHRISTOPHERSCOTTBOONE,2875UNIONRIDGERD,WHITE,NL,NOTHISPANICorNOTLATINO,REP,REPUBLICAN,26.0,,Age2640,AA147733
ALAMANCE,A,ACTIVE,BOONECIERRAJELANI,CIERRAJELANIBOONE,653ELIZABETHST,BLACKorAFRICANAMERICAN,UN,UNDESIGNATED,UNA,UNAFFILIATED,19.0,8122011.0,,AA169105
ALAMANCE,A,ACTIVE,BOONECYNTHIAWELLS,CYNTHIAWELLSBOONE,629SEIGHTHST,BLACKorAFRICANAMERICAN,UN,UNDESIGNATED,,,54.0,9212012.0,Age4165,AA175762
ALAMANCE,R,REMOVED,BOONEDANTIMOTHY,DANTIMOTHYBOONE,2567SNCHWY11932,WHITE,NL,NOTHISPANICorNOTLATINO,REP,REPUBLICAN,59.0,8042000.0,Age4165,AA118808
ALAMANCE,A,ACTIVE,BOONEDANIELLEE,DANIELLEEBOONE,30SLATECT,WHITE,NL,NOTHISPANICorNOTLATINO,,,,8122008.0,Age4165,AA156539
ALAMANCE,A,ACTIVE,BOONEDARIUSANDRE,DARIUSANDREBOONE,2912AUBURNDR102,BLACKorAFRICANAMERICAN,NL,NOTHISPANICorNOTLATINO,,,35.0,9122008.0,Age2640,AA156715
ALAMANCE,A,ACTIVE,BOONEDAVIDFERRELL,DAVIDFERRELLBOONE,2060STONESTEXT4,WHITE,NL,NOTHISPANICorNOTLATINO,,,63.0,9132004.0,Age4165,AA138180
ALAMANCE,A,ACTIVE,BOONEDEBRAHUEY,DEBRAHUEYBOONE,427BROOKVIEWDR,WHITE,NL,NOTHISPANICorNOTLATINO,REP,REPUBLICAN,56.0,8222001.0,Age4165,AA124238
ALAMANCE,A,ACTIVE,BOONEDEBRADENISE,DEBRADENISEBOONE,905EMOREHEADST,BLACKorAFRICANAMERICAN,NL,NOTHISPANICorNOTLATINO,,,50.0,7051991.0,Age4165,AA77769
ALAMANCE,A,ACTIVE,BOONEDELORESRONEY,DELORESRONEYBOONE,1650MAJESTYDR,WHITE,NL,NOTHISPANICorNOTLATINO,UNA,UNAFFILIATED,70.0,11201992.0,AgeOver66,AA85750
ALAMANCE,A,ACTIVE,BOONEDENNISLEE,DENNISLEEBOONE,2646WHITEOAKDR,WHITE,NL,NOTHISPANICorNOTLATINO,UNA,UNAFFILIATED,52.0,12282011.0,Age4165,AA169975
ALAMANCE,A,ACTIVE,BOONEDEVANDACARLET,DEVANDACARLETBOONE,2286WILLIEPACERD,BLACKorAFRICANAMERICAN,NL,NOTHISPANICorNOTLATINO,,,,9231992.0,Age4165,AA84062
ALAMANCE,A,ACTIVE,BOONEDIANESMITH,DIANESMITHBOONE,3615MAPLEAVE,WHITE,NL,NOTHISPANICorNOTLATINO,REP,REPUBLICAN,59.0,5192008.0,Age4165,AA154981
ALAMANCE,A,ACTIVE,BOONEDILLONNATHANIEL,DILLONNATHANIELBOONE,2646WHITEOAKDR,WHITE,NL,NOTHISPANICorNOTLATINO,UNA,UNAFFILIATED,22.0,8162011.0,,AA169178
ALAMANCE,A,ACTIVE,BOONEDONNAMAY,DONNAMAYBOONE,,WHITE,NL,NOTHISPANICorNOTLATINO,,DEMOCRATIC,63.0,3251972.0,Age4165,AA5755
ALAMANCE,A,ACTIVE,BOONEDOREENGAY,DOREENGAYBOONE,,WHITE,NL,NOTHISPANICorNOTLATINO,UNA,UNAFFILIATED,53.0,8102009.0,Age4165,AA164515
ALAMANCE,A,ACTIVE,BOONEELAINEJUNE,ELAINEJUNEBOONE,849RIVERSEDGEDR,WHITE,NL,NOTHISPANICorNOTLATINO,REP,REPUBLICAN,63.0,10041988.0,Age4165,AA66671
ALAMANCE,A,ACTIVE,BOONEELLENHUGHES,ELLENHUGHESBOONE,,WHITE,NL,NOTHISPANICorNOTLATINO,,DEMOCRATIC,51.0,,Age4165,AA68091
ALAMANCE,A,ACTIVE,BOONEEMMAL,EMMALBOONE,811SHARPERD,BLACKorAFRICANAMERICAN,UN,UNDESIGNATED,,DEMOCRATIC,62.0,7112005.0,Age4165,AA144040
ALAMANCE,A,ACTIVE,BOONEERNESTWARDJR,ERNESTWARDBOONEJR,2343COOPERRD,WHITE,NL,NOTHISPANICorNOTLATINO,REP,REPUBLICAN,,1112005.0,Age4165,AA142637
ALAMANCE,A,ACTIVE,BOONEERNESTWARDSR,ERNESTWARDBOONESR,2343COOPERRD,WHITE,NL,NOTHISPANICorNOTLATINO,,DEMOCRATIC,80.0,10061978.0,AgeOver66,AA5758
ALAMANCE,A,ACTIVE,BOONEEUNICEFRANCES,EUNICEFRANCESBOONE,226ROLLINGRD,BLACKorAFRICANAMERICAN,UN,UNDESIGNATED,,DEMOCRATIC,74.0,8282008.0,AgeOver66,AA156540
ALAMANCE,A,ACTIVE,BOONEEVAGRAY,EVAGRAYBOONE,307NEALST,BLACKorAFRICANAMERICAN,NL,NOTHISPANICorNOTLATINO,,DEMOCRATIC,64.0,10011980.0,Age4165,AA5759
ALAMANCE,R,REMOVED,BOONEFREDHOLT,FREDHOLTBOONE,600BOONERD15,WHITE,NL,NOTHISPANICorNOTLATINO,,DEMOCRATIC,55.0,1011900.0,Age4165,AA5760
ALAMANCE,A,ACTIVE,BOONEGARYLEE,GARYLEEBOONE,849RIVERSEDGEDR,WHITE,NL,NOTHISPANICorNOTLATINO,REP,REPUBLICAN,63.0,10041988.0,Age4165,AA66936
ALAMANCE,A,ACTIVE,BOONEGLENDAELLINGTON,GLENDAELLINGTONBOONE,2812MAPLEAVED,WHITE,NL,NOTHISPANICorNOTLATINO,,,64.0,10051972.0,Age4165,AA5763
ALAMANCE,A,ACTIVE,BOONEHALEYSEAN,HALEYSEANBOONE,1552FINNSBURYDR,WHITE,NL,NOTHISPANICorNOTLATINO,REP,REPUBLICAN,44.0,4061998.0,Age4165,AA109798
ALAMANCE,A,ACTIVE,BOONEHANTZT,HANTZTBOONE,,BLACKorAFRICANAMERICAN,NL,NOTHISPANICorNOTLATINO,,,,11042008.0,Age4165,AA162865
ALAMANCE,A,ACTIVE,BOONEHOWARDNEIL,HOWARDNEILBOONE,2535NEALWOODAVE,WHITE,NL,NOTHISPANICorNOTLATINO,REP,REPUBLICAN,,5292008.0,Age4165,AA154982
ALAMANCE,R,REMOVED,BOONEHOWARDHERMAN,HOWARDHERMANBOONE,,WHITE,NL,NOTHISPANICorNOTLATINO,,,73.0,,AgeOver66,AA5765
ALAMANCE,A,ACTIVE,BOONEHOYTH,HOYTHBOONE,811SHARPERD,BLACKorAFRICANAMERICAN,UN,UNDESIGNATED,,,63.0,5212007.0,Age4165,AA149657
ALAMANCE,I,INACTIVE,BOONEJAMESTODD,JAMESTODDBOONE,216APPLEST,WHITE,NL,NOTHISPANICorNOTLATINO,,,,1132000.0,Age4165,AA116594
ALAMANCE,A,ACTIVE,BOONEJAMESCARLTON,JAMESCARLTONBOONE,1650MAJESTYDR,WHITE,UN,UNDESIGNATED,UNA,UNAFFILIATED,73.0,6172002.0,AgeOver66,AA126633
ALAMANCE,A,ACTIVE,BOONEJAMESRONALD,JAMESRONALDBOONE,610SSELLARSMILLRD,BLACKorAFRICANAMERICAN,NL,NOTHISPANICorNOTLATINO,,,72.0,12192003.0,AgeOver66,AA132399
ALAMANCE,A,ACTIVE,BOONEJAMESHENRY,JAMESHENRYBOONE,3615MAPLEAVE,WHITE,NL,NOTHISPANICorNOTLATINO,UNA,UNAFFILIATED,67.0,10011975.0,AgeOver66,AA5769
ALAMANCE,A,ACTIVE,BOONEJAMESMICHAEL,JAMESMICHAELBOONE,427BROOKVIEWDR,WHITE,NL,NOTHISPANICorNOTLATINO,REP,REPUBLICAN,57.0,9222010.0,Age4165,AA166836
ALAMANCE,A,ACTIVE,BOONEJAMIENICHOLAS,JAMIENICHOLASBOONE,2875UNIONRIDGERD,WHITE,NL,NOTHISPANICorNOTLATINO,REP,REPUBLICAN,21.0,5302012.0,,AA172499
ALAMANCE,R,REMOVED,BOONEJASONMATTHEW,JASONMATTHEWBOONE,,WHITE,NL,NOTHISPANICorNOTLATINO,REP,REPUBLICAN,29.0,10062004.0,Age2640,AA140290
ALAMANCE,A,ACTIVE,BOONEJERRELLLEE,JERRELLLEEBOONE,3055DURHAMSTEXT,WHITE,NL,NOTHISPANICorNOTLATINO,,DEMOCRATIC,80.0,8251956.0,AgeOver66,AA5772
ALAMANCE,A,ACTIVE,BOONEJILLRICKMAN,JILLRICKMANBOONE,2646WHITEOAKDR,WHITE,NL,NOTHISPANICorNOTLATINO,REP,REPUBLICAN,54.0,12282011.0,Age4165,AA169976
ALAMANCE,A,ACTIVE,BOONEJOANNCHURCH,JOANNCHURCHBOONE,3615HARRISRD,WHITE,UN,UNDESIGNATED,,DEMOCRATIC,73.0,3102008.0,AgeOver66,AA152810
ALAMANCE,A,ACTIVE,BOONEJOETTECROUSE,JOETTECROUSEBOONE,1816ROBINHOODDR,WHITE,NL,NOTHISPANICorNOTLATINO,UNA,UNAFFILIATED,52.0,10071987.0,Age4165,AA62881
ALAMANCE,A,ACTIVE,BOONEJOHNDEWEY,JOHNDEWEYBOONE,,WHITE,NL,NOTHISPANICorNOTLATINO,UNA,UNAFFILIATED,51.0,9231992.0,Age4165,AA84065
ALAMANCE,R,REMOVED,BOONEJOHNPHILLIP,JOHNPHILLIPBOONE,1718BURCHBRIDGERD,WHITE,NL,NOTHISPANICorNOTLATINO,,DEMOCRATIC,86.0,,AgeOver66,AA5773
ALAMANCE,A,ACTIVE,BOONEJOYCEMCDOWELL,JOYCEMCDOWELLBOONE,2202FOXFIRELN,WHITE,NL,NOTHISPANICorNOTLATINO,,DEMOCRATIC,64.0,10031988.0,Age4165,AA66672
ALAMANCE,A,ACTIVE,BOONEJUDYBRYANT,JUDYBRYANTBOONE,1264BETHELMETHODISTCHURCHRD,WHITE,NL,NOTHISPANICorNOTLATINO,,DEMOCRATIC,50.0,10061986.0,Age4165,AA61022
ALAMANCE,A,ACTIVE,BOONEKAYFRANCES,KAYFRANCESBOONE,610SSELLARSMILLRD,BLACKorAFRICANAMERICAN,NL,NOTHISPANICorNOTLATINO,DEM,,72.0,10232003.0,AgeOver66,AA131864
ALAMANCE,A,ACTIVE,BOONEKENDALLOWEN,KENDALLOWENBOONE,3939KEEPEETRL,WHITE,NL,NOTHISPANICorNOTLATINO,REP,REPUBLICAN,22.0,2242011.0,,AA168122
ALAMANCE,A,ACTIVE,BOONELABARONMARQUIS,LABARONMARQUISBOONE,,UNDESIGNATED,UN,UNDESIGNATED,UNA,UNAFFILIATED,23.0,4102012.0,,AA171298
ALAMANCE,A,ACTIVE,BOONELAVERNECHAVIS,LAVERNECHAVISBOONE,1509EDITHSTI,BLACKorAFRICANAMERICAN,NL,NOTHISPANICorNOTLATINO,DEM,,62.0,1101979.0,Age4165,AA5779
ALAMANCE,R,REMOVED,BOONELILLIEROUNTREE,LILLIEROUNTREEBOONE,501MANNINGAVE,WHITE,UN,UNDESIGNATED,DEM,,93.0,5051944.0,AgeOver66,AA5781
ALAMANCE,A,ACTIVE,BOONELISADAWN,,2833SNCHWY878,WHITE,UN,UNDESIGNATED,DEM,,51.0,,Age4165,AA159659
ALAMANCE,A,ACTIVE,BOONELORIGARNER,,2430SNCHWY87,WHITE,NL,NOTHISPANICorNOTLATINO,REP,REPUBLICAN,40.0,9251990.0,Age2640,AA74087
ALAMANCE,A,ACTIVE,BOONEMACDWIGHT,,1264BETHELMETHODISTCHURCHRD,WHITE,NL,NOTHISPANICorNOTLATINO,DEM,,50.0,10041980.0,Age4165,AA5785
ALAMANCE,A,ACTIVE,BOONEMARSHAANN,,1249APPLEST,BLACKorAFRICANAMERICAN,NL,NOTHISPANICorNOTLATINO,DEM,,59.0,,Age4165,AA5787
ALAMANCE,R,REMOVED,BOONEMATTIECOBLE,,323BALDWINRD,BLACKorAFRICANAMERICAN,UN,UNDESIGNATED,DEM,,91.0,10291960.0,AgeOver66,AA5789
ALAMANCE,A,ACTIVE,BOONEMEGANLEIGH,,,WHITE,NL,NOTHISPANICorNOTLATINO,REP,REPUBLICAN,19.0,7062011.0,,AA168831
ALAMANCE,A,ACTIVE,BOONEMELAINERENNE,,223ROLLINGRD,BLACKorAFRICANAMERICAN,UN,UNDESIGNATED,,,29.0,8282008.0,Age2640,AA156542
ALAMANCE,A,ACTIVE,BOONENELLGLASSER,NELLGLASSERBOONE,306EMERSONDR,WHITE,NL,NOTHISPANICorNOTLATINO,REP,REPUBLICAN,51.0,8081988.0,Age4165,AA65519
ALAMANCE,A,ACTIVE,BOONEPAULHARVEY,PAULHARVEYBOONE,3256MATTIEFLORENCEDR,WHITE,NL,NOTHISPANICorNOTLATINO,REP,REPUBLICAN,50.0,9251984.0,Age4165,
ALAMANCE,A,ACTIVE,BOONEPEARLGRAVES,PEARLGRAVESBOONE,,BLACKorAFRICANAMERICAN,NL,NOTHISPANICorNOTLATINO,,,86.0,10261968.0,AgeOver66,AA5792
ALAMANCE,D,DENIED,BOONEPHILLIPMICHAEL,PHILLIPMICHAELBOONE,1429MORNINGSIDEDR,BLACKorAFRICANAMERICAN,UN,UNDESIGNATED,,,18.0,6122012.0,,AA172827
ALAMANCE,A,ACTIVE,BOONEPHILLIPMICHAEL,PHILLIPMICHAELBOONE,1529MORNINGSIDEDR,BLACKorAFRICANAMERICAN,NL,NOTHISPANICorNOTLATINO,,,18.0,9052012.0,,AA174623
ALAMANCE,R,REMOVED,BOONERACHELHOOD,RACHELHOODBOONE,2567SNCHWY11932,WHITE,NL,NOTHISPANICorNOTLATINO,REP,REPUBLICAN,60.0,9021998.0,Age4165,AA111547
ALAMANCE,A,ACTIVE,BOONERACHELLELYNETTE,RACHELLELYNETTEBOONE,226ROLLINGRD,BLACKorAFRICANAMERICAN,UN,UNDESIGNATED,,,27.0,9132008.0,Age2640,AA157555
ALAMANCE,A,ACTIVE,BOONERANDYSCOTT,RANDYSCOTTBOONE,2875UNIONRIDGERD,WHITE,UN,UNDESIGNATED,REP,REPUBLICAN,,3032006.0,Age4165,AA145961
ALAMANCE,A,ACTIVE,BOONEROBERTEDWARD,ROBERTEDWARDBOONE,124ROLLINGRD,WHITE,NL,NOTHISPANICorNOTLATINO,,,99.0,5111940.0,AgeOver66,AA5793
ALAMANCE,A,ACTIVE,BOONEROBERTSTERLING,ROBERTSTERLINGBOONE,4124NCHWY5414,WHITE,NL,NOTHISPANICorNOTLATINO,,,24.0,9212012.0,,AT23435
ALAMANCE,A,ACTIVE,BOONEROBINLOVE,ROBINLOVEBOONE,2875UNIONRIDGERD,WHITE,UN,UNDESIGNATED,REP,REPUBLICAN,50.0,10272003.0,Age4165,AA131830
ALAMANCE,A,ACTIVE,BOONERONALDHAYWOOD,RONALDHAYWOODBOONE,1509EDITHSTI,BLACKorAFRICANAMERICAN,NL,NOTHISPANICorNOTLATINO,,,66.0,10031980.0,AgeOver66,AA5794
ALAMANCE,A,ACTIVE,BOONERONALDHAYWOOD,RONALDHAYWOODBOONE,1509EDITHST,BLACKorAFRICANAMERICAN,UN,UNDESIGNATED,,,36.0,,Age2640,AA177660
ALAMANCE,A,ACTIVE,BOONERONDAWALL,RONDAWALLBOONE,500MEADOWST,WHITE,NL,NOTHISPANICorNOTLATINO,,,41.0,2192007.0,Age4165,AA149026
ALAMANCE,A,ACTIVE,BOONERUTHM,RUTHMBOONE,507EVERETTST316B,WHITE,UN,UNDESIGNATED,DEM,,86.0,4021984.0,AgeOver66,
ALAMANCE,A,ACTIVE,BOONESARAHELIZABETH,SARAHELIZABETHBOONE,,WHITE,NL,NOTHISPANICorNOTLATINO,DEM,,38.0,9091998.0,Age2640,AA111548
ALAMANCE,A,ACTIVE,BOONESCOTTANDREW,SCOTTANDREWBOONE,306EMERSONDR,WHITE,NL,NOTHISPANICorNOTLATINO,REP,REPUBLICAN,23.0,3022007.0,,AA149074
ALAMANCE,R,REMOVED,BOONESIONLAWRENCE,SIONLAWRENCEBOONE,2494OSSIPEEFRONTST,WHITE,NL,NOTHISPANICorNOTLATINO,DEM,,100.0,5031940.0,AgeOver66,AA5797
ALAMANCE,A,ACTIVE,BOONESUSANMCCORMICK,SUSANMCCORMICKBOONE,4456BELLEMONTMTHERMONRD,WHITE,NL,NOTHISPANICorNOTLATINO,UNA,UNAFFILIATED,31.0,7102003.0,Age2640,AA130683
ALAMANCE,A,ACTIVE,BOONESYLVIALAWS,SYLVIALAWSBOONE,3432BLACKBERRYLN,WHITE,NL,NOTHISPANICorNOTLATINO,DEM,,60.0,3052007.0,Age4165,AA149075
ALAMANCE,A,ACTIVE,BOONETAMMYBORDEN,TAMMYBORDENBOONE,4559MINERALSPRINGSRD8,WHITE,UN,UNDESIGNATED,UNA,UNAFFILIATED,44.0,11032006.0,Age4165,AA148162
ALAMANCE,A,ACTIVE,BOONETEIAN,TEIANBOONE,706HUFFMANMILLRDQ1,BLACKorAFRICANAMERICAN,UN,UNDESIGNATED,DEM,,40.0,10312002.0,Age2640,AA128947
ALAMANCE,I,INACTIVE,BOONETERESAWHITEHEAD,TERESAWHITEHEADBOONE,206HENRYDRC,WHITE,NL,NOTHISPANICorNOTLATINO,REP,REPUBLICAN,,7311992.0,Age4165,AA82525
ALAMANCE,A,ACTIVE,BOONETHOMASCALVINJR,THOMASCALVINBOONEJR,4780SNCHWY87,WHITE,NL,NOTHISPANICorNOTLATINO,DEM,,91.0,1211954.0,AgeOver66,AA5800
ALAMANCE,R,REMOVED,BOONETHOMASFRANKLIN,THOMASFRANKLINBOONE,1428KIRKPATRICKRD,WHITE,NL,NOTHISPANICorNOTLATINO,DEM,,92.0,5141958.0,AgeOver66,AA5801
ALAMANCE,A,ACTIVE,BOONETHURMANHALEY,THURMANHALEYBOONE,,WHITE,NL,NOTHISPANICorNOTLATINO,DEM,,64.0,10051971.0,Age4165,AA5802
ALAMANCE,A,ACTIVE,BOONETIERRANICOLE,TIERRANICOLEBOONE,2428MORANST,UNDESIGNATED,UN,UNDESIGNATED,DEM,,20.0,7252012.0,,AA173785
ALAMANCE,A,ACTIVE,BOONEVERABAULDING,VERABAULDINGBOONE,1718BURCHBRIDGERD,WHITE,NL,NOTHISPANICorNOTLATINO,DEM,,80.0,5141960.0,AgeOver66,AA5803
ALAMANCE,A,ACTIVE,BOONEVIOLETBARNES,VIOLETBARNESBOONE,,WHITE,NL,NOTHISPANICorNOTLATINO,DEM,,77.0,10241980.0,AgeOver66,AA5805
ALAMANCE,R,REMOVED,BOONEWALTERMURRAY,WALTERMURRAYBOONE,1433MAPLEAVE,BLACKorAFRICANAMERICAN,NL,NOTHISPANICorNOTLATINO,UNA,UNAFFILIATED,92.0,2271948.0,AgeOver66,AA5806
ALAMANCE,A,ACTIVE,BOONEWILLIAMHOLT,WILLIAMHOLTBOONE,600BOONERD,WHITE,NL,NOTHISPANICorNOTLATINO,REP,REPUBLICAN,79.0,8181956.0,AgeOver66,AA5808
ALAMANCE,A,ACTIVE,BOONEWILLIAMEARLJR,WILLIAMEARLBOONEJR,,WHITE,NL,NOTHISPANICorNOTLATINO,DEM,,52.0,2061984.0,Age4165,
ALAMANCE,A,ACTIVE,BOONEWILLIAMDOUGLAS,WILLIAMDOUGLASBOONE,307NEALST,BLACKorAFRICANAMERICAN,NL,NOTHISPANICorNOTLATINO,DEM,,,7201992.0,Age4165,AA82274
ALAMANCE,A,ACTIVE,BOONEWILMABYRD,WILMABYRDBOONE,600BOONERD,WHITE,NL,NOTHISPANICorNOTLATINO,REP,REPUBLICAN,78.0,8181956.0,AgeOver66,AA5810
ALAMANCE,A,ACTIVE,BOONEROBINSONGAIL,GAILBOONEROBINSON,3301SMEBANEST,BLACKorAFRICANAMERICAN,UN,UNDESIGNATED,DEM,,67.0,12012006.0,AgeOver66,AA148573
ALAMANCE,A,ACTIVE,BOOTHALLISONMARIE,ALLISONMARIEBOOTH,3915COPPERTRACEDR,WHITE,NL,NOTHISPANICorNOTLATINO,DEM,,37.0,10032007.0,Age2640,BN266620
ALAMANCE,A,ACTIVE,BOOTHAMBERCREIGHTON,AMBERCREIGHTONBOOTH,138WELSFORDPLA38,WHITE,NL,NOTHISPANICorNOTLATINO,UNA,UNAFFILIATED,38.0,6232010.0,Age2640,AA165861
ALAMANCE,A,ACTIVE,BOOTHBARBARASYKES,BARBARASYKESBOOTH,3540OLDHILLSBOROUGHRD,WHITE,NL,NOTHISPANICorNOTLATINO,DEM,,71.0,6232010.0,AgeOver66,DE32853
ALAMANCE,I,INACTIVE,BOOTHBENJAMINTODD,BENJAMINTODDBOOTH,2507ORICEST,WHITE,NL,NOTHISPANICorNOTLATINO,REP,REPUBLICAN,38.0,2242006.0,Age2640,AA145997
ALAMANCE,A,ACTIVE,BOOTHCHELSEAELIZABETH,CHELSEAELIZABETHBOOTH,202NNINTHST,WHITE,NL,NOTHISPANICorNOTLATINO,REP,REPUBLICAN,20.0,5272011.0,,AA168643
ALAMANCE,I,INACTIVE,BOOTHCHRISTOPHERWAYNE,CHRISTOPHERWAYNEBOOTH,146WCRESCENTSQUAREDRD,WHITE,NL,NOTHISPANICorNOTLATINO,UNA,UNAFFILIATED,37.0,9241998.0,Age2640,AA111551
ALAMANCE,I,INACTIVE,BOOTHDAMIONTAVON,DAMIONTAVONBOOTH,1418KNOLLWOODDR,BLACKorAFRICANAMERICAN,UN,UNDESIGNATED,,,27.0,3122003.0,Age2640,AA129744
ALAMANCE,I,INACTIVE,BOOTHGENEVAANN,GENEVAANNBOOTH,1731NMEBANEST,WHITE,NL,NOTHISPANICorNOTLATINO,REP,REPUBLICAN,41.0,9222004.0,Age4165,AA138019
ALAMANCE,A,ACTIVE,BOOTHJASONKEITH,JASONKEITHBOOTH,508VETERANDR,WHITE,NL,NOTHISPANICorNOTLATINO,UNA,UNAFFILIATED,38.0,4232002.0,Age2640,AA126310
ALAMANCE,A,ACTIVE,BOOTHJOHNMARK,JOHNMARKBOOTH,417GLENWOODAVE,WHITE,NL,NOTHISPANICorNOTLATINO,,,56.0,10071974.0,Age4165,AA5814
ALAMANCE,A,ACTIVE,BOOTHJUDITHCOURTNEY,JUDITHCOURTNEYBOOTH,305PICKETTLN,WHITE,NL,NOTHISPANICorNOTLATINO,REP,REPUBLICAN,35.0,3132000.0,Age2640,AA117551
ALAMANCE,A,ACTIVE,BOOTHKATHERINEADKINS,KATHERINEADKINSBOOTH,2231GERRINGERMILLRD,WHITE,NL,NOTHISPANICorNOTLATINO,,,52.0,4041988.0,Age4165,AA64777
ALAMANCE,A,ACTIVE,BOOTHKELLYA,KELLYABOOTH,508VETERANDR,WHITE,UN,UNDESIGNATED,,,38.0,1112007.0,Age2640,AA148666
ALAMANCE,A,ACTIVE,BOOTHLAURIEANN,LAURIEANNBOOTH,135DOGWOODDR,WHITE,UN,UNDESIGNATED,UNA,UNAFFILIATED,41.0,5032011.0,Age4165,AA168483
ALAMANCE,A,ACTIVE,BOOTHLEEFRANKLIN,LEEFRANKLINBOOTH,2742TUCKERST,WHITE,NL,NOTHISPANICorNOTLATINO,,,53.0,10292010.0,Age4165,BY547531
ALAMANCE,R,REMOVED,BOOTHLOUISECRAWFORD,,,WHITE,NL,NOTHISPANICorNOTLATINO,,,91.0,5161973.0,AgeOver66,AA5816
ALAMANCE,A,ACTIVE,BOOTHMICHAELEUGENE,,3915COPPERTRACEDR,WHITE,UN,UNDESIGNATED,UNA,UNAFFILIATED,38.0,,Age2640,AA159579
ALAMANCE,A,ACTIVE,BOOTHSYDNEYCAMMER,SYDNEYCAMMERBOOTH,417GLENWOODAVE,WHITE,NL,NOTHISPANICorNOTLATINO,,,53.0,10081990.0,Age4165,AA74569
ALAMANCE,A,ACTIVE,BOOTHTAMILYNN,TAMILYNNBOOTH,202NNINTHST,WHITE,NL,NOTHISPANICorNOTLATINO,,,43.0,11141994.0,Age4165,AA92109
ALAMANCE,A,ACTIVE,BOOTHTHOMASALLEN,THOMASALLENBOOTH,305PICKETTLN,WHITE,NL,NOTHISPANICorNOTLATINO,REP,REPUBLICAN,,5041992.0,Age4165,AA81343
ALAMANCE,A,ACTIVE,BOOTHTROYALLAN,TROYALLANBOOTH,1731NMEBANEST,WHITE,NL,NOTHISPANICorNOTLATINO,UNA,UNAFFILIATED,43.0,8292003.0,Age4165,AA131187
ALAMANCE,A,ACTIVE,BOOTHWALTERLESTER,WALTERLESTERBOOTH,3540OLDHILLSBOROUGHRD,WHITE,NL,NOTHISPANICorNOTLATINO,,,73.0,6232010.0,AgeOver66,DE32854
ALAMANCE,A,ACTIVE,BOOTHWENDYMITCHELL,WENDYMITCHELLBOOTH,406WGILBREATHST,WHITE,NL,NOTHISPANICorNOTLATINO,UNA,UNAFFILIATED,44.0,4291998.0,Age4165,AA110007
ALAMANCE,I,INACTIVE,BOOTHEANDREWSTEPHEN,ANDREWSTEPHENBOOTHE,6840STOCKARDRD34,WHITE,NL,NOTHISPANICorNOTLATINO,REP,REPUBLICAN,23.0,12062006.0,,AA148042
ALAMANCE,I,INACTIVE,BOOTHEGARYLYNNII,GARYLYNNBOOTHEII,5702THOMPSONMILLRD,WHITE,NL,NOTHISPANICorNOTLATINO,REP,REPUBLICAN,26.0,9302004.0,Age2640,AA139294
ALAMANCE,A,ACTIVE,BOOTHEHEATHERMARIE,HEATHERMARIEBOOTHE,45JENNIFERDR,WHITE,NL,NOTHISPANICorNOTLATINO,UNA,UNAFFILIATED,26.0,8252004.0,Age2640,AA136833
ALAMANCE,A,ACTIVE,BOOTHEJESSICANICOLE,JESSICANICOLEBOOTHE,6840STOCKARDRD34,WHITE,NL,NOTHISPANICorNOTLATINO,UNA,UNAFFILIATED,22.0,4102008.0,,AA163812
ALAMANCE,A,ACTIVE,BOOTHELACEYMARIE,LACEYMARIEBOOTHE,728IVEYRDA,WHITE,NL,NOTHISPANICorNOTLATINO,,,20.0,12102009.0,,AA165121
ALAMANCE,I,INACTIVE,BOOTHERHONDAFAYE,RHONDAFAYEBOOTHE,,WHITE,NL,NOTHISPANICorNOTLATINO,REP,REPUBLICAN,,9261997.0,Age4165,AA107550
ALAMANCE,A,ACTIVE,BOOTHEROBERTCARSON,ROBERTCARSONBOOTHE,6840STOCKARDRD34,WHITE,NL,NOTHISPANICorNOTLATINO,UNA,UNAFFILIATED,21.0,6122009.0,,AA164198
ALAMANCE,R,REMOVED,BOOZERELIZABETHOWEN,ELIZABETHOWENBOOZER,505JONESST,WHITE,NL,NOTHISPANICorNOTLATINO,REP,REPUBLICAN,89.0,5011956.0,AgeOver66,AA5821
ALAMANCE,R,REMOVED,BOOZERLINDSAYERIN,,326WILSONST,WHITE,NL,NOTHISPANICorNOTLATINO,UNA,UNAFFILIATED,30.0,10312008.0,Age2640,AA162212
ALAMANCE,A,ACTIVE,BORDEAUXDANIELLEE,DANIELLEEBORDEAUX,6491ALAMANCECOUNTYLINERD,WHITE,NL,NOTHISPANICorNOTLATINO,,,59.0,3291982.0,Age4165,AA5822
ALAMANCE,R,REMOVED,BORDEAUXDAVIDELLIS,DAVIDELLISBORDEAUX,413DIXONRD,WHITE,NL,NOTHISPANICorNOTLATINO,REP,REPUBLICAN,72.0,6081995.0,AgeOver66,AA94274
ALAMANCE,A,ACTIVE,BORDEAUXEDWINALLEN,EDWINALLENBORDEAUX,6491ALAMANCECOUNTYLINERD,WHITE,NL,NOTHISPANICorNOTLATINO,REP,REPUBLICAN,32.0,5082008.0,Age2640,AA154983
ALAMANCE,A,ACTIVE,BORDEAUXMARTHAHUDSON,,6491ALAMANCECOUNTYLINERD,WHITE,NL,NOTHISPANICorNOTLATINO,,,67.0,4271998.0,AgeOver66,AA110008
ALAMANCE,A,ACTIVE,BORDEAUXMARYSTRICKLAND,,413DIXONRD,WHITE,NL,NOTHISPANICorNOTLATINO,,,68.0,9291980.0,AgeOver66,AA5825
ALAMANCE,A,ACTIVE,BORDENCHERYLANN,CHERYLANNBORDEN,4184STONECRESTDR306,WHITE,NL,NOTHISPANICorNOTLATINO,UNA,UNAFFILIATED,30.0,,Age2640,AA159580
ALAMANCE,A,ACTIVE,BORDENJENNIFERNICOLE,JENNIFERNICOLEBORDEN,1309GREENBRIARST,WHITE,NL,NOTHISPANICorNOTLATINO,UNA,UNAFFILIATED,26.0,1072005.0,Age2640,AA142630
ALAMANCE,A,ACTIVE,BORDENJEREMYGARNETTWAYNE,JEREMYGARNETTWAYNEBORDEN,4559MINERALSPRINGSRD8,WHITE,UN,UNDESIGNATED,REP,REPUBLICAN,19.0,,,AA176663
ALAMANCE,A,ACTIVE,BORDENPETERJ,PETERJBORDEN,5723SWEPSONVILLESAXAPAHAWRD,WHITE,NL,NOTHISPANICorNOTLATINO,REP,REPUBLICAN,43.0,12041998.0,Age4165,AA113152
ALAMANCE,I,INACTIVE,BORDERSCARMENSHAVONE,CARMENSHAVONEBORDERS,423LANGST,BLACKorAFRICANAMERICAN,NL,NOTHISPANICorNOTLATINO,,,24.0,6262006.0,,AA146867
ALAMANCE,A,ACTIVE,BORDSENALICELOUISE,ALICELOUISEBORDSEN,411SFIFTHST,WHITE,NL,NOTHISPANICorNOTLATINO,,,65.0,9271988.0,Age4165,AA66414
ALAMANCE,I,INACTIVE,BORERJUSTINMICHAEL,JUSTINMICHAELBORER,,WHITE,NL,NOTHISPANICorNOTLATINO,UNA,UNAFFILIATED,30.0,,Age2640,AA121342
ALAMANCE,I,INACTIVE,BORERMICHAELPATRICK,,,WHITE,NL,NOTHISPANICorNOTLATINO,UNA,UNAFFILIATED,55.0,,Age4165,AA5828
ALAMANCE,A,ACTIVE,BORGESHECTORLUIS,HECTORLUISBORGES,1504BIRKDALECIR189,WHITE,HL,HISPANICorLATINO,REP,REPUBLICAN,,2082007.0,Age4165,BL158056
ALAMANCE,A,ACTIVE,BORGIADANIELCHRISTOPHER,DANIELCHRISTOPHERBORGIA,700EHAGGARDAVE,WHITE,NL,NOTHISPANICorNOTLATINO,UNA,UNAFFILIATED,19.0,11022012.0,,AA178716
ALAMANCE,A,ACTIVE,BORGMANJILLDUDLEY,JILLDUDLEYBORGMAN,357FORESTLAKECT,WHITE,NL,NOTHISPANICorNOTLATINO,REP,REPUBLICAN,,2221995.0,Age4165,AA92686
ALAMANCE,A,ACTIVE,BORGMANKARLNATHANJAMES,KARLNATHANJAMESBORGMAN,357FORESTLAKECT,WHITE,NL,NOTHISPANICorNOTLATINO,REP,REPUBLICAN,,2221995.0,Age4165,AA92688
ALAMANCE,A,ACTIVE,BORGMANKRISTIKATHERINE,KRISTIKATHERINEBORGMAN,357FORESTLAKECT,WHITE,NL,NOTHISPANICorNOTLATINO,REP,REPUBLICAN,18.0,3092012.0,,AA170677
ALAMANCE,R,REMOVED,BORINGGEORGEWAGONER,GEORGEWAGONERBORING,422NMARSHALLST,WHITE,NL,NOTHISPANICorNOTLATINO,,,66.0,,AgeOver66,AA5830
ALAMANCE,A,ACTIVE,BORINGAKATHERINELOUISE,KATHERINELOUISEBORINGA,204DANIELEYCENTERL,WHITE,UN,UNDESIGNATED,DEM,DEMOCRATIC,22.0,10022008.0,,AA158925
ALAMANCE,A,ACTIVE,BORIPHETKEVINJJR,KEVINJBORIPHETJR,404EPARKERST,ASIAN,NL,NOTHISPANICorNOTLATINO,UNA,UNAFFILIATED,20.0,6252010.0,,AA165862
ALAMANCE,A,ACTIVE,BORKMARGARETLEONA,,1601WOODLANDAVE,WHITE,NL,NOTHISPANICorNOTLATINO,,,20.0,11192010.0,,AA167478
ALAMANCE,A,ACTIVE,BORKMONIKARAE,MONIKARAEBORK,1601WOODLANDAVE,WHITE,NL,NOTHISPANICorNOTLATINO,,,18.0,12052011.0,,AA169807
ALAMANCE,A,ACTIVE,BORLANDDAVIDMARVIN,DAVIDMARVINBORLAND,725PATTONCT,BLACKorAFRICANAMERICAN,NL,NOTHISPANICorNOTLATINO,,,39.0,2042011.0,Age2640,BL320688
ALAMANCE,A,ACTIVE,BORLANDKEISHASCOTT,KEISHASCOTTBORLAND,423WILLOWBROOKCT,BLACKorAFRICANAMERICAN,UN,UNDESIGNATED,,,41.0,7032012.0,Age4165,AA173408
ALAMANCE,A,ACTIVE,BORNELIZABETHM,ELIZABETHMBORN,303EMERSONDR,WHITE,UN,UNDESIGNATED,UNA,UNAFFILIATED,64.0,,Age4165,AA158926
ALAMANCE,A,ACTIVE,BORNKENNETHEARL,KENNETHEARLBORN,303EMERSONDR,WHITE,NL,NOTHISPANICorNOTLATINO,REP,REPUBLICAN,65.0,9302008.0,Age4165,AA157735
ALAMANCE,A,ACTIVE,BORNMATTHEWWAYNE,,7569SOUTHBROOKLN,WHITE,UN,UNDESIGNATED,REP,REPUBLICAN,57.0,9182008.0,Age4165,AA156797
ALAMANCE,A,ACTIVE,BORNMICHAELWALTER,,7569SOUTHBROOKLN,WHITE,NL,NOTHISPANICorNOTLATINO,REP,REPUBLICAN,57.0,9081988.0,Age4165,AA65906
ALAMANCE,A,ACTIVE,BORNNANCYROGERS,NANCYROGERSBORN,7569SOUTHBROOKLN,WHITE,NL,NOTHISPANICorNOTLATINO,REP,REPUBLICAN,52.0,,Age4165,AA68093
ALAMANCE,A,ACTIVE,BOROUSHLINDSAYANN,,1002ELONACORNDRB107,WHITE,UN,UNDESIGNATED,,,25.0,7162008.0,,AA156181
ALAMANCE,A,ACTIVE,BORRORBETTYJEAN,BETTYJEANBORROR,228EMERSONDR,WHITE,NL,NOTHISPANICorNOTLATINO,,,83.0,5092008.0,AgeOver66,AA154984
ALAMANCE,A,ACTIVE,BORRORCHARLESEMERSON,CHARLESEMERSONBORROR,228EMERSONDR,WHITE,NL,NOTHISPANICorNOTLATINO,,,82.0,6272006.0,AgeOver66,AA146923
ALAMANCE,A,ACTIVE,BORSTBRENDAHENSLEY,BRENDAHENSLEYBORST,1820GREENTREERD,WHITE,NL,NOTHISPANICorNOTLATINO,REP,REPUBLICAN,69.0,10051972.0,AgeOver66,AA7076
ALAMANCE,A,ACTIVE,BORSTELEANORHOLDER,ELEANORHOLDERBORST,612SWILLIAMSONAVE,WHITE,NL,NOTHISPANICorNOTLATINO,UNA,UNAFFILIATED,65.0,3181972.0,Age4165,
ALAMANCE,A,ACTIVE,BORSTWILLIAMARLINGTON,WILLIAMARLINGTONBORST,1820GREENTREERD,WHITE,NL,NOTHISPANICorNOTLATINO,REP,REPUBLICAN,65.0,3241984.0,Age4165,
ALAMANCE,I,INACTIVE,BORTONDAVIDALBERT,DAVIDALBERTBORTON,1356BRONZEROSECT,WHITE,NL,NOTHISPANICorNOTLATINO,REP,REPUBLICAN,44.0,10032002.0,Age4165,AA128088
ALAMANCE,I,INACTIVE,BORTONKARENJOY,KARENJOYBORTON,1356BRONZEROSECT,WHITE,NL,NOTHISPANICorNOTLATINO,UNA,UNAFFILIATED,40.0,10022002.0,Age2640,AA128089
ALAMANCE,A,ACTIVE,BORTZDAVIDJOHN,DAVIDJOHNBORTZ,,WHITE,NL,NOTHISPANICorNOTLATINO,REP,REPUBLICAN,43.0,1312005.0,Age4165,AA142839
ALAMANCE,A,ACTIVE,BORTZDEANAMICHELLE,DEANAMICHELLEBORTZ,,WHITE,NL,NOTHISPANICorNOTLATINO,REP,REPUBLICAN,44.0,11022005.0,Age4165,AA145025
ALAMANCE,A,ACTIVE,BORZIOANGELAROCHELLE,ANGELAROCHELLEBORZIO,1860BREVARDRD,WHITE,NL,NOTHISPANICorNOTLATINO,UNA,UNAFFILIATED,29.0,12282007.0,Age2640,BL260438
ALAMANCE,A,ACTIVE,BORZIOCINDAWILSON,CINDAWILSONBORZIO,1860BREVARDRD,WHITE,NL,NOTHISPANICorNOTLATINO,UNA,UNAFFILIATED,60.0,1282008.0,Age4165,AX47255
ALAMANCE,A,ACTIVE,BORZUMATOGAINEYCHRISTINE,CHRISTINEBORZUMATOGAINEY,3435BROOKSTONEDR,OTHER,NL,NOTHISPANICorNOTLATINO,,,43.0,9112000.0,Age4165,AA119705
ALAMANCE,R,REMOVED,BOSCHINIGEORGEALLEN,GEORGEALLENBOSCHINI,532CIRCLEDR,WHITE,NL,NOTHISPANICorNOTLATINO,REP,REPUBLICAN,57.0,10071998.0,Age4165,AA112047
ALAMANCE,R,REMOVED,BOSCHINIKATHERINEMASON,KATHERINEMASONBOSCHINI,532CIRCLEDR,WHITE,NL,NOTHISPANICorNOTLATINO,REP,REPUBLICAN,57.0,,Age4165,AA112027
ALAMANCE,R,REMOVED,BOSCIABARBARAIMPROTA,BARBARAIMPROTABOSCIA,421BILLINGHAMDR,WHITE,NL,NOTHISPANICorNOTLATINO,,,76.0,10041980.0,AgeOver66,AA5838
ALAMANCE,R,REMOVED,BOSCIABERNARDPHILIP,BERNARDPHILIPBOSCIA,421BILLINGHAMDR,WHITE,NL,NOTHISPANICorNOTLATINO,,,81.0,10041980.0,AgeOver66,AA5839
ALAMANCE,A,ACTIVE,BOSEMANEMMAJEAN,EMMAJEANBOSEMAN,2314HUNTINGTONRDC,BLACKorAFRICANAMERICAN,UN,UNDESIGNATED,,,51.0,3122008.0,Age4165,AA152833
ALAMANCE,A,ACTIVE,BOSEMANJOSHUAHLAVOIES,JOSHUAHLAVOIESBOSEMAN,630JAMESST,BLACKorAFRICANAMERICAN,UN,UNDESIGNATED,REP,REPUBLICAN,27.0,7222004.0,Age2640,AA135787
ALAMANCE,A,ACTIVE,BOSEMANSTEPHANIEDINESE,STEPHANIEDINESEBOSEMAN,,BLACKorAFRICANAMERICAN,UN,UNDESIGNATED,,,,7252012.0,Age4165,AA173787
ALAMANCE,A,ACTIVE,BOSEMANTRANISTRIARATRELL,TRANISTRIARATRELLBOSEMAN,1815WOODAVE,BLACKorAFRICANAMERICAN,NL,NOTHISPANICorNOTLATINO,,,35.0,9091996.0,Age2640,AA101711
ALAMANCE,A,ACTIVE,BOSHEARSSARAHCATHERINE,SARAHCATHERINEBOSHEARS,127CARDENPLACEDR127B,WHITE,NL,NOTHISPANICorNOTLATINO,UNA,UNAFFILIATED,26.0,11222011.0,Age2640,BL362655
ALAMANCE,A,ACTIVE,BOSHKOFFMARYRUTH,,411REDWOODCT,WHITE,NL,NOTHISPANICorNOTLATINO,,,,7271998.0,Age4165,AA111108
ALAMANCE,A,ACTIVE,BOSLEYAURELIALOUISE,AURELIALOUISEBOSLEY,912GRAYST,BLACKorAFRICANAMERICAN,UN,UNDESIGNATED,,,51.0,11302001.0,Age4165,AA124911
ALAMANCE,A,ACTIVE,BOSLEYCASEYANN,CASEYANNBOSLEY,4814HOPEWOODCT,WHITE,NL,NOTHISPANICorNOTLATINO,UNA,UNAFFILIATED,35.0,3192010.0,Age2640,AA165592
ALAMANCE,A,ACTIVE,BOSLEYCLARENCETHURMAN,CLARENCETHURMANBOSLEY,928SHARPERD62,BLACKorAFRICANAMERICAN,NL,NOTHISPANICorNOTLATINO,,,60.0,3241999.0,Age4165,AA113844
ALAMANCE,A,ACTIVE,BOSLEYCRAIGANTHONY,CRAIGANTHONYBOSLEY,928SHARPERD62,BLACKorAFRICANAMERICAN,NL,NOTHISPANICorNOTLATINO,,,40.0,6112009.0,Age2640,AA164185
ALAMANCE,R,REMOVED,BOSLEYDOROTHYWELTON,DOROTHYWELTONBOSLEY,,WHITE,NL,NOTHISPANICorNOTLATINO,UNA,UNAFFILIATED,87.0,10041973.0,AgeOver66,AA5840
ALAMANCE,A,ACTIVE,BOSLEYSARAHWALKER,SARAHWALKERBOSLEY,928SHARPERD62,BLACKorAFRICANAMERICAN,NL,NOTHISPANICorNOTLATINO,,,59.0,5081995.0,Age4165,AA93972
ALAMANCE,A,ACTIVE,BOSLEYSHATINACHERELLE,SHATINACHERELLEBOSLEY,912GRAYST,BLACKorAFRICANAMERICAN,NL,NOTHISPANICorNOTLATINO,,,26.0,7232004.0,Age2640,AA136406
ALAMANCE,A,ACTIVE,BOSLEYTRENTONARTONYO,TRENTONARTONYOBOSLEY,912GRAYST,BLACKorAFRICANAMERICAN,NL,NOTHISPANICorNOTLATINO,,,26.0,7282004.0,Age2640,AA136209
ALAMANCE,R,REMOVED,BOSLEYWILLIAMKENNETH,WILLIAMKENNETHBOSLEY,3011SMEBANEST,WHITE,NL,NOTHISPANICorNOTLATINO,,,89.0,10081973.0,AgeOver66,AA5842
ALAMANCE,I,INACTIVE,BOSMANDIANEBRUNS,DIANEBRUNSBOSMAN,5672CHURCHRD,WHITE,NL,NOTHISPANICorNOTLATINO,,,58.0,,Age4165,AA68094
ALAMANCE,R,REMOVED,BOSMANKIRAANNA,KIRAANNABOSMAN,5672CHURCHRD,WHITE,NL,NOTHISPANICorNOTLATINO,,,28.0,4112002.0,Age2640,AA126167
ALAMANCE,A,ACTIVE,BOSMANSANJARACHEL,SANJARACHELBOSMAN,209EASTWAYLN,WHITE,NL,NOTHISPANICorNOTLATINO,,,31.0,11022004.0,Age2640,AA141536
ALAMANCE,I,INACTIVE,BOSQUETCHRISTIE,CHRISTIEBOSQUET,1620VAUGHNRD,UNDESIGNATED,UN,UNDESIGNATED,,,36.0,,Age2640,AA159165
ALAMANCE,A,ACTIVE,BOSQUETKATHRYNMILLER,KATHRYNMILLERBOSQUET,324ROXBOROST,WHITE,UN,UNDESIGNATED,,,68.0,8242009.0,AgeOver66,BG3247
ALAMANCE,A,ACTIVE,BOSQUETLAURENHUNTER,LAURENHUNTERBOSQUET,2116TRAILTWO9E,WHITE,NL,NOTHISPANICorNOTLATINO,,,28.0,10032008.0,Age2640,BG30538
ALAMANCE,A,ACTIVE,BOSQUETPATRICIASTEWART,PATRICIASTEWARTBOSQUET,709ROLLINGRD,WHITE,NL,NOTHISPANICorNOTLATINO,,,64.0,7012008.0,Age4165,AK55310
ALAMANCE,A,ACTIVE,BOSSANNETTEL,ANNETTELBOSS,3915MUHLENBERGCT,WHITE,NL,NOTHISPANICorNOTLATINO,,,77.0,9182012.0,AgeOver66,EA27557
ALAMANCE,A,ACTIVE,BOSSMITCHELLMELVIN,MITCHELLMELVINBOSS,3915MUHLENBERGCT,WHITE,UN,UNDESIGNATED,,,78.0,8032012.0,AgeOver66,EA27559
ALAMANCE,R,REMOVED,BOSSEMARCELNORMAN,,2680SMEBANEST2,WHITE,UN,UNDESIGNATED,UNA,UNAFFILIATED,73.0,4102008.0,AgeOver66,AA153802
ALAMANCE,A,ACTIVE,BOSSERICHARDPAUL,RICHARDPAULBOSSE,1407GRANVILLEST,WHITE,NL,NOTHISPANICorNOTLATINO,UNA,UNAFFILIATED,34.0,8092004.0,Age2640,AA136042
ALAMANCE,A,ACTIVE,BOSSLEYCHRISTYLEIGH,CHRISTYLEIGHBOSSLEY,1631AMBERLEYCT,WHITE,NL,NOTHISPANICorNOTLATINO,REP,REPUBLICAN,38.0,3242000.0,Age2640,AA117602
ALAMANCE,A,ACTIVE,BOSSLEYCRAIGROSS,CRAIGROSSBOSSLEY,,WHITE,NL,NOTHISPANICorNOTLATINO,REP,REPUBLICAN,41.0,11301999.0,Age4165,AA116255
ALAMANCE,A,ACTIVE,BOSSONSCVIRGINIA,CVIRGINIABOSSONS,2216WESTOVERTER,WHITE,NL,NOTHISPANICorNOTLATINO,UNA,UNAFFILIATED,87.0,1071976.0,AgeOver66,AA5847
ALAMANCE,A,ACTIVE,BOSSONSROBERTRICHARD,ROBERTRICHARDBOSSONS,2216WESTOVERTER,WHITE,NL,NOTHISPANICorNOTLATINO,REP,REPUBLICAN,86.0,10021976.0,AgeOver66,AA5848
ALAMANCE,A,ACTIVE,BOSTAILEENMARIE,AILEENMARIEBOST,2020GURNEYCT,TWOorMORERACES,NL,NOTHISPANICorNOTLATINO,,,44.0,7192005.0,Age4165,AA144012
ALAMANCE,A,ACTIVE,BOSTANDREWSEWELL,ANDREWSEWELLBOST,607DRIFTWOODDR,WHITE,NL,NOTHISPANICorNOTLATINO,REP,REPUBLICAN,19.0,5052012.0,,AA172110
ALAMANCE,A,ACTIVE,BOSTANGELATAYLOR,ANGELATAYLORBOST,8398SILASDR,WHITE,UN,UNDESIGNATED,REP,REPUBLICAN,39.0,4012008.0,Age2640,AA153290
ALAMANCE,A,ACTIVE,BOSTAPRILLARINE,APRILLARINEBOST,1712RENDALLST,WHITE,NL,NOTHISPANICorNOTLATINO,UNA,UNAFFILIATED,40.0,,Age2640,AA128739
ALAMANCE,A,ACTIVE,BOSTDEBORAHJEANNE,DEBORAHJEANNEBOST,1343GRANVILLEST,WHITE,NL,NOTHISPANICorNOTLATINO,REP,REPUBLICAN,51.0,7061995.0,Age4165,AA94632
ALAMANCE,A,ACTIVE,BOSTGARRETTBYERLY,GARRETTBYERLYBOST,1343GRANVILLEST,WHITE,NL,NOTHISPANICorNOTLATINO,UNA,UNAFFILIATED,22.0,12222010.0,,AA167830
ALAMANCE,A,ACTIVE,BOSTHAROLDWILLIAMII,HAROLDWILLIAMBOSTII,2020GURNEYCT,BLACKorAFRICANAMERICAN,NL,NOTHISPANICorNOTLATINO,REP,REPUBLICAN,44.0,8132005.0,Age4165,AA144184
ALAMANCE,A,ACTIVE,BOSTJENNIFERBURROW,JENNIFERBURROWBOST,4432BOYDWRIGHTRD,WHITE,NL,NOTHISPANICorNOTLATINO,REP,REPUBLICAN,41.0,12271990.0,Age4165,AA75770
ALAMANCE,A,ACTIVE,BOSTJERRYHOLLAND,JERRYHOLLANDBOST,133PEPPERTREEDR,WHITE,NL,NOTHISPANICorNOTLATINO,UNA,UNAFFILIATED,72.0,11301992.0,AgeOver66,AA85752
ALAMANCE,A,ACTIVE,BOSTJOHNBRIAN,JOHNBRIANBOST,1343GRANVILLEST,WHITE,NL,NOTHISPANICorNOTLATINO,REP,REPUBLICAN,,5081995.0,Age4165,AA93973
ALAMANCE,A,ACTIVE,BOSTLAWRENCEANDREW,LAWRENCEANDREWBOST,607DRIFTWOODDR,WHITE,NL,NOTHISPANICorNOTLATINO,REP,REPUBLICAN,,5111994.0,Age4165,AA89863
ALAMANCE,A,ACTIVE,BOSTMARCUSKEITH,,8398SILASDR,WHITE,UN,UNDESIGNATED,REP,REPUBLICAN,41.0,4012008.0,Age4165,EH684289
ALAMANCE,A,ACTIVE,BOSTRACHELJEANNE,RACHELJEANNEBOST,1343GRANVILLEST,WHITE,NL,NOTHISPANICorNOTLATINO,REP,REPUBLICAN,18.0,3092012.0,,AA170679
ALAMANCE,A,ACTIVE,BOSTTODD,TODDBOST,4432BOYDWRIGHTRD,WHITE,NL,NOTHISPANICorNOTLATINO,REP,REPUBLICAN,41.0,10012004.0,Age4165,AA139150
ALAMANCE,A,ACTIVE,BOSTIANCASEYVICTORIA,CASEYVICTORIABOSTIAN,317ATWOODDRD,WHITE,NL,NOTHISPANICorNOTLATINO,,,23.0,8162007.0,,AA150407
ALAMANCE,A,ACTIVE,BOSTIANJAMESLAWRENCE,JAMESLAWRENCEBOSTIAN,589HICKORYLN,WHITE,UN,UNDESIGNATED,,,58.0,6011982.0,Age4165,AA5855
ALAMANCE,I,INACTIVE,BOSTIANMORGANLEIGH,MORGANLEIGHBOSTIAN,2738EDGEWOODAVE,WHITE,NL,NOTHISPANICorNOTLATINO,,,27.0,7292003.0,Age2640,AA130854
ALAMANCE,A,ACTIVE,BOSTIANROBINJACKSON,ROBINJACKSONBOSTIAN,589HICKORYLN,WHITE,NL,NOTHISPANICorNOTLATINO,UNA,UNAFFILIATED,57.0,4021984.0,Age4165,
ALAMANCE,I,INACTIVE,BOSTICCHRISTOPHERDOMINIC,CHRISTOPHERDOMINICBOSTIC,2305MCKINNEYST,INDIANAMERICANorALASKANATIVE,NL,NOTHISPANICorNOTLATINO,,,43.0,1052004.0,Age4165,AA132560
ALAMANCE,A,ACTIVE,BOSTICDENISEMICHELLE,DENISEMICHELLEBOSTIC,1338BEAUFORTDR,WHITE,NL,NOTHISPANICorNOTLATINO,REP,REPUBLICAN,37.0,9251997.0,Age2640,AA107551
ALAMANCE,A,ACTIVE,BOSTICERIKACHARISSA,ERIKACHARISSABOSTIC,2101ASMEBANEST,WHITE,NL,NOTHISPANICorNOTLATINO,REP,REPUBLICAN,31.0,9032010.0,Age2640,AA166674
ALAMANCE,A,ACTIVE,BOSTICINEZBALDWIN,INEZBALDWINBOSTIC,303GRAHAMRD,WHITE,NL,NOTHISPANICorNOTLATINO,,,64.0,6172005.0,Age4165,AA143845
ALAMANCE,A,ACTIVE,BOSTICJANETTESIMPSON,JANETTESIMPSONBOSTIC,,WHITE,NL,NOTHISPANICorNOTLATINO,,,81.0,6141995.0,AgeOver66,AA94419
ALAMANCE,A,ACTIVE,BOSTICJEFFREYK,JEFFREYKBOSTIC,1338BEAUFORTDR,WHITE,NL,NOTHISPANICorNOTLATINO,,,41.0,10021997.0,Age4165,AA107675
ALAMANCE,A,ACTIVE,BOSTICJOHNWILLIAM,JOHNWILLIAMBOSTIC,418BIRCHCT,WHITE,NL,NOTHISPANICorNOTLATINO,,,38.0,5191994.0,Age2640,AA89873
ALAMANCE,A,ACTIVE,BOSTICJOHNANDREW,JOHNANDREWBOSTIC,2919SNUGHARBORRD,WHITE,NL,NOTHISPANICorNOTLATINO,,,60.0,10051992.0,Age4165,AA83765
ALAMANCE,A,ACTIVE,BOSTICJOSEPHDAVIDIV,JOSEPHDAVIDBOSTICIV,303GRAHAMRD,WHITE,NL,NOTHISPANICorNOTLATINO,REP,REPUBLICAN,30.0,6172005.0,Age2640,AA143846
ALAMANCE,I,INACTIVE,BOSTICLARRYKEVIN,LARRYKEVINBOSTIC,2101SMEBANESTA,WHITE,NL,NOTHISPANICorNOTLATINO,UNA,UNAFFILIATED,38.0,9102010.0,Age2640,AA166721
ALAMANCE,A,ACTIVE,BOSTICLAURAJONES,LAURAJONESBOSTIC,2919SNUGHARBORRD,WHITE,NL,NOTHISPANICorNOTLATINO,,,56.0,5051982.0,Age4165,AA5856
ALAMANCE,R,REMOVED,BOSTICNORWOODELVIS,NORWOODELVISBOSTIC,585STONEYCREEKCHURCHRD,WHITE,NL,NOTHISPANICorNOTLATINO,,,91.0,8231971.0,AgeOver66,AA5857
ALAMANCE,R,REMOVED,BOSTICRANDOLPHMCCOY,RANDOLPHMCCOYBOSTIC,834SHARPERD,BLACKorAFRICANAMERICAN,NL,NOTHISPANICorNOTLATINO,,,71.0,4102008.0,AgeOver66,AA153803
ALAMANCE,A,ACTIVE,BOSTICVIRGINIAMILLER,VIRGINIAMILLERBOSTIC,585STONEYCREEKCHURCHRD,WHITE,NL,NOTHISPANICorNOTLATINO,,,90.0,8191971.0,AgeOver66,AA5859
ALAMANCE,R,REMOVED,BOSTICKMURELINEBRADSHER,MURELINEBRADSHERBOSTICK,1434LANIERCT,BLACKorAFRICANAMERICAN,NL,NOTHISPANICorNOTLATINO,,,92.0,8141973.0,AgeOver66,AA5862
ALAMANCE,R,REMOVED,BOSTONDORISJ,DORISJBOSTON,5728NNCHWY62,BLACKorAFRICANAMERICAN,NL,NOTHISPANICorNOTLATINO,,,50.0,10062008.0,Age4165,AA159067
ALAMANCE,I,INACTIVE,BOSTONLISAMARIE,,,WHITE,NL,NOTHISPANICorNOTLATINO,UNA,UNAFFILIATED,27.0,3112011.0,Age2640,AA168216
ALAMANCE,A,ACTIVE,BOSTONMICHAELWAYNE,,,WHITE,NL,NOTHISPANICorNOTLATINO,,,55.0,8122010.0,Age4165,AA166525
ALAMANCE,A,ACTIVE,BOSTONNINAM,NINAMBOSTON,,TWOorMORERACES,UN,UNDESIGNATED,,,21.0,,,AA177662
ALAMANCE,A,ACTIVE,BOSTONQUINTIN,QUINTINBOSTON,786BOONESTATIONDRJ,BLACKorAFRICANAMERICAN,NL,NOTHISPANICorNOTLATINO,,,31.0,11022010.0,Age2640,AA167550
ALAMANCE,A,ACTIVE,BOSTONRACHELCLAIRE,RACHELCLAIREBOSTON,,WHITE,NL,NOTHISPANICorNOTLATINO,UNA,UNAFFILIATED,54.0,8122010.0,Age4165,AA166524
ALAMANCE,A,ACTIVE,BOSTONSANDRAL,SANDRALBOSTON,145HILLSIDEDR,BLACKorAFRICANAMERICAN,UN,UNDESIGNATED,,,58.0,,Age4165,AA121865
ALAMANCE,I,INACTIVE,BOSTONTONYMICHAEL,TONYMICHAELBOSTON,,WHITE,NL,NOTHISPANICorNOTLATINO,UNA,UNAFFILIATED,33.0,3212011.0,Age2640,AA168256
ALAMANCE,A,ACTIVE,BOSTWICKPATTYLYNN,PATTYLYNNBOSTWICK,2708EVERGREENLN,INDIANAMERICANorALASKANATIVE,NL,NOTHISPANICorNOTLATINO,REP,REPUBLICAN,,12272002.0,Age4165,AA130000
ALAMANCE,A,ACTIVE,BOSWELLALICEHUDSON,ALICEHUDSONBOSWELL,,WHITE,NL,NOTHISPANICorNOTLATINO,,,76.0,,AgeOver66,AA5865
ALAMANCE,R,REMOVED,BOSWELLALLIERUSSELL,ALLIERUSSELLBOSWELL,405TRAILTHREE,WHITE,NL,NOTHISPANICorNOTLATINO,,,97.0,,AgeOver66,AA5866
ALAMANCE,A,ACTIVE,BOSWELLAPRILMICHELLE,APRILMICHELLEBOSWELL,930HERMANBLUECT,BLACKorAFRICANAMERICAN,NL,NOTHISPANICorNOTLATINO,,,39.0,4021992.0,Age2640,AA80638
ALAMANCE,A,ACTIVE,BOSWELLBESSIETATE,BESSIETATEBOSWELL,9CATESCIRCLEDRA,BLACKorAFRICANAMERICAN,NL,NOTHISPANICorNOTLATINO,,,66.0,11191998.0,AgeOver66,AA112387
ALAMANCE,A,ACTIVE,BOSWELLBESSIEM,BESSIEMBOSWELL,1533STONESTEXT,UNDESIGNATED,UN,UNDESIGNATED,,,66.0,,AgeOver66,AA178511
ALAMANCE,A,ACTIVE,BOSWELLBILLIESUGGS,BILLIESUGGSBOSWELL,2323PINEVIEWDR,WHITE,NL,NOTHISPANICorNOTLATINO,REP,REPUBLICAN,74.0,9131993.0,AgeOver66,AA88057
ALAMANCE,A,ACTIVE,BOSWELLBILLIEJOMITCHELL,BILLIEJOMITCHELLBOSWELL,6346STONEYMOUNTAINRD,WHITE,NL,NOTHISPANICorNOTLATINO,REP,REPUBLICAN,56.0,3091984.0,Age4165,
ALAMANCE,A,ACTIVE,BOSWELLBRANDONCALE,BRANDONCALEBOSWELL,,WHITE,NL,NOTHISPANICorNOTLATINO,REP,REPUBLICAN,28.0,9112002.0,Age2640,AA127606
ALAMANCE,A,ACTIVE,BOSWELLBRENDAJEFFRIES,BRENDAJEFFRIESBOSWELL,908HARRISST,BLACKorAFRICANAMERICAN,UN,UNDESIGNATED,UNA,UNAFFILIATED,61.0,11012012.0,Age4165,AA178643
ALAMANCE,A,ACTIVE,BOSWELLCHARLESLEE,CHARLESLEEBOSWELL,528HOMEWOODAVE,WHITE,NL,NOTHISPANICorNOTLATINO,REP,REPUBLICAN,82.0,8251956.0,AgeOver66,AA5874
ALAMANCE,A,ACTIVE,BOSWELLCLIFTONBOYD,CLIFTONBOYDBOSWELL,,WHITE,NL,NOTHISPANICorNOTLATINO,,,79.0,2231976.0,AgeOver66,AA5876
ALAMANCE,A,ACTIVE,BOSWELLCONNIERONEY,CONNIERONEYBOSWELL,1662LOWERHOPEDALERD,WHITE,NL,NOTHISPANICorNOTLATINO,,,68.0,1071972.0,AgeOver66,AA5878
ALAMANCE,R,REMOVED,BOSWELLDALLIEURSAL,DALLIEURSALBOSWELL,2502SNCHWY119,WHITE,UN,UNDESIGNATED,UNA,UNAFFILIATED,95.0,5091940.0,AgeOver66,AA5953
ALAMANCE,A,ACTIVE,BOSWELLDAVIDRHUDY,DAVIDRHUDYBOSWELL,3448HUBMILLRD,WHITE,UN,UNDESIGNATED,UNA,UNAFFILIATED,35.0,,Age2640,AA176829
ALAMANCE,A,ACTIVE,BOSWELLDAVIDPAUL,DAVIDPAULBOSWELL,6082DAVIDMOORERD,WHITE,NL,NOTHISPANICorNOTLATINO,,,,9211996.0,Age4165,AA102093
ALAMANCE,A,ACTIVE,BOSWELLDEANNACATHERINE,DEANNACATHERINEBOSWELL,6529NNCHWY62,WHITE,NL,NOTHISPANICorNOTLATINO,REP,REPUBLICAN,25.0,,,AA150804
ALAMANCE,A,ACTIVE,BOSWELLDEBORAHSMITH,DEBORAHSMITHBOSWELL,611SGRAHAMHOPEDALERD,WHITE,NL,NOTHISPANICorNOTLATINO,,,59.0,2151984.0,Age4165,
ALAMANCE,A,ACTIVE,BOSWELLDENISEGUTHRIE,DENISEGUTHRIEBOSWELL,2037MCCAULEYRD,WHITE,NL,NOTHISPANICorNOTLATINO,,,51.0,10081984.0,Age4165,AA57514
ALAMANCE,R,REMOVED,BOSWELLDOROTHYSTUART,DOROTHYSTUARTBOSWELL,,WHITE,NL,NOTHISPANICorNOTLATINO,REP,REPUBLICAN,86.0,5021996.0,AgeOver66,AA99303
ALAMANCE,A,ACTIVE,BOSWELLEDDIEDARRELL,EDDIEDARRELLBOSWELL,3340REDWOLFWAY,WHITE,NL,NOTHISPANICorNOTLATINO,,,57.0,8151996.0,Age4165,AA101019
ALAMANCE,A,ACTIVE,BOSWELLEDITHSMITH,EDITHSMITHBOSWELL,,WHITE,NL,NOTHISPANICorNOTLATINO,REP,REPUBLICAN,83.0,,AgeOver66,AA5887
ALAMANCE,A,ACTIVE,BOSWELLEDWARDTYLER,EDWARDTYLERBOSWELL,6346STONEYMOUNTAINRD,WHITE,NL,NOTHISPANICorNOTLATINO,REP,REPUBLICAN,24.0,1312008.0,,AA152031
ALAMANCE,A,ACTIVE,BOSWELLELAINEANDREW,ELAINEANDREWBOSWELL,721VANDERFORDST,WHITE,NL,NOTHISPANICorNOTLATINO,DEM,,64.0,7052012.0,Age4165,CW91004
ALAMANCE,A,ACTIVE,BOSWELLELISEROBBINS,ELISEROBBINSBOSWELL,1880BROOKWOODAVE302,WHITE,NL,NOTHISPANICorNOTLATINO,UNA,UNAFFILIATED,91.0,6301988.0,AgeOver66,AA65324
ALAMANCE,R,REMOVED,BOSWELLELSIEGUNN,ELSIEGUNNBOSWELL,2536NCHWY100,WHITE,NL,NOTHISPANICorNOTLATINO,DEM,,89.0,10241964.0,AgeOver66,AA5889
ALAMANCE,A,ACTIVE,BOSWELLEUGENEEMERSONSR,EUGENEEMERSONBOSWELLSR,,WHITE,NL,NOTHISPANICorNOTLATINO,REP,REPUBLICAN,85.0,8251956.0,AgeOver66,AA5892
ALAMANCE,A,ACTIVE,BOSWELLFAYEWILLIAMSON,FAYEWILLIAMSONBOSWELL,3405ELKST,WHITE,NL,NOTHISPANICorNOTLATINO,DEM,,69.0,10241990.0,AgeOver66,AA76342
ALAMANCE,R,REMOVED,BOSWELLFLOSSIELEBERTA,FLOSSIELEBERTABOSWELL,124TARPLEYST211,BLACKorAFRICANAMERICAN,NL,NOTHISPANICorNOTLATINO,REP,REPUBLICAN,89.0,9292008.0,AgeOver66,AA158130
ALAMANCE,A,ACTIVE,BOSWELLGAILD,GAILDBOSWELL,3340REDWOLFWAY,WHITE,NL,NOTHISPANICorNOTLATINO,UNA,UNAFFILIATED,60.0,5301996.0,Age4165,AA99304
ALAMANCE,A,ACTIVE,BOSWELLGENAKING,GENAKINGBOSWELL,8411PLEASANTHILLCHURCHRD,WHITE,NL,NOTHISPANICorNOTLATINO,UNA,UNAFFILIATED,79.0,10261968.0,AgeOver66,AA5895
ALAMANCE,A,ACTIVE,BOSWELLGENEMADISON,GENEMADISONBOSWELL,908HARRISST,WHITE,UN,UNDESIGNATED,UNA,UNAFFILIATED,58.0,9251996.0,Age4165,AA102330
ALAMANCE,I,INACTIVE,BOSWELLGEORGEELDBIDGE,GEORGEELDBIDGEBOSWELL,4722UNIONRIDGERD,WHITE,NL,NOTHISPANICorNOTLATINO,REP,REPUBLICAN,112.0,,AgeOver66,AA5897
ALAMANCE,A,ACTIVE,BOSWELLGEORGEALTON,GEORGEALTONBOSWELL,2604EDGEWOODAVE,WHITE,UN,UNDESIGNATED,REP,REPUBLICAN,60.0,10021984.0,Age4165,
ALAMANCE,R,REMOVED,BOSWELLGEORGEPRESTON,GEORGEPRESTONBOSWELL,1880BROOKWOODAVE302,WHITE,NL,NOTHISPANICorNOTLATINO,UNA,UNAFFILIATED,96.0,6301988.0,AgeOver66,AA65325
ALAMANCE,I,INACTIVE,BOSWELLGRUCEILLIAMOORE,GRUCEILLIAMOOREBOSWELL,127PINERIDGELN,BLACKorAFRICANAMERICAN,NL,NOTHISPANICorNOTLATINO,DEM,,70.0,3211994.0,AgeOver66,AA89611
ALAMANCE,R,REMOVED,BOSWELLHAZELFOWLKES,HAZELFOWLKESBOSWELL,2515DAREST,WHITE,NL,NOTHISPANICorNOTLATINO,DEM,,83.0,,AgeOver66,AA5867
ALAMANCE,R,REMOVED,BOSWELLHUGHLEVERN,HUGHLEVERNBOSWELL,1248EHARDENST,WHITE,NL,NOTHISPANICorNOTLATINO,DEM,,93.0,10261946.0,AgeOver66,AA5901
ALAMANCE,A,ACTIVE,BOSWELLINGRIDBURGESS,INGRIDBURGESSBOSWELL,3680COOKST,WHITE,NL,NOTHISPANICorNOTLATINO,REP,REPUBLICAN,40.0,4041990.0,Age2640,AA71115
ALAMANCE,I,INACTIVE,BOSWELLJAMESFLEMING,JAMESFLEMINGBOSWELL,2536GREENLEVELCHURCHRD,BLACKorAFRICANAMERICAN,NL,NOTHISPANICorNOTLATINO,DEM,,89.0,5111950.0,AgeOver66,AA5904
ALAMANCE,R,REMOVED,BOSWELLJAMESWILLIAM,JAMESWILLIAMBOSWELL,2515DAREST,WHITE,NL,NOTHISPANICorNOTLATINO,DEM,,83.0,,AgeOver66,AA5906
ALAMANCE,A,ACTIVE,BOSWELLJEFFREYLANE,JEFFREYLANEBOSWELL,1330GRANVILLEST,WHITE,NL,NOTHISPANICorNOTLATINO,UNA,UNAFFILIATED,,,Age4165,AA121345
ALAMANCE,A,ACTIVE,BOSWELLJENNIFERDANILLE,JENNIFERDANILLEBOSWELL,3448HUBMILLRD,WHITE,NL,NOTHISPANICorNOTLATINO,UNA,UNAFFILIATED,42.0,9072008.0,Age4165,AT17774
ALAMANCE,A,ACTIVE,BOSWELLJERRYLAMONTE,JERRYLAMONTEBOSWELL,527DUDLEYST,BLACKorAFRICANAMERICAN,UN,UNDESIGNATED,DEM,,23.0,4112008.0,,AA154062
ALAMANCE,A,ACTIVE,BOSWELLJOANN,JOANNBOSWELL,527DUDLEYST,BLACKorAFRICANAMERICAN,NL,NOTHISPANICorNOTLATINO,DEM,,56.0,9081983.0,Age4165,AA5910
ALAMANCE,R,REMOVED,BOSWELLJOANNHUCKS,JOANNHUCKSBOSWELL,1545NNCHWY87,WHITE,NL,NOTHISPANICorNOTLATINO,DEM,,76.0,3261980.0,AgeOver66,AA5911
ALAMANCE,R,REMOVED,BOSWELLJOHNRICHARD,JOHNRICHARDBOSWELL,405GATESAVE,WHITE,NL,NOTHISPANICorNOTLATINO,DEM,,91.0,4131968.0,AgeOver66,AA5916
ALAMANCE,A,ACTIVE,BOSWELLJOHNLEO,JOHNLEOBOSWELL,6312STONEYMOUNTAINRD,WHITE,NL,NOTHISPANICorNOTLATINO,REP,REPUBLICAN,60.0,12311971.0,Age4165,AA5912
ALAMANCE,A,ACTIVE,BOSWELLJOHNPRESTONJR,JOHNPRESTONBOSWELLJR,2680SMEBANEST132,WHITE,NL,NOTHISPANICorNOTLATINO,DEM,,79.0,4301960.0,AgeOver66,AA5915
ALAMANCE,A,ACTIVE,BOSWELLJOHNRICHARDIII,JOHNRICHARDBOSWELLIII,1662LOWERHOPEDALERD,WHITE,NL,NOTHISPANICorNOTLATINO,REP,REPUBLICAN,44.0,10051992.0,Age4165,AA83480
ALAMANCE,A,ACTIVE,BOSWELLJOHNRICHARDII,JOHNRICHARDBOSWELLII,1662LOWERHOPEDALERD,WHITE,NL,NOTHISPANICorNOTLATINO,DEM,,69.0,4141998.0,AgeOver66,AA110009
ALAMANCE,A,ACTIVE,BOSWELLJUDITH,JUDITHBOSWELL,925SCHURCHST,WHITE,NL,NOTHISPANICorNOTLATINO,UNA,UNAFFILIATED,65.0,10012004.0,Age4165,AA141320
ALAMANCE,A,ACTIVE,BOSWELLKARENRATCLIFF,KARENRATCLIFFBOSWELL,3212RAEDR,WHITE,NL,NOTHISPANICorNOTLATINO,REP,REPUBLICAN,44.0,8202008.0,Age4165,BY225999
ALAMANCE,A,ACTIVE,BOSWELLKELSEYBLARE,KELSEYBLAREBOSWELL,3680COOKST,WHITE,UN,UNDESIGNATED,UNA,UNAFFILIATED,20.0,8262011.0,,AA169250
ALAMANCE,A,ACTIVE,BOSWELLKRISTINAMARIE,KRISTINAMARIEBOSWELL,3547OSCEOLARD,WHITE,NL,NOTHISPANICorNOTLATINO,DEM,,25.0,,,AA151017
ALAMANCE,A,ACTIVE,BOSWELLLATORIASHERALL,LATORIASHERALLBOSWELL,752SHARPERD,BLACKorAFRICANAMERICAN,UN,UNDESIGNATED,DEM,,25.0,10022008.0,,AA159068
ALAMANCE,A,ACTIVE,BOSWELLLAURAGAIL,LAURAGAILBOSWELL,8411PLEASANTHILLCHURCHRD,WHITE,NL,NOTHISPANICorNOTLATINO,REP,REPUBLICAN,,7252002.0,Age4165,AA127031
ALAMANCE,A,ACTIVE,BOSWELLLOISJARRELL,,345HALEST,WHITE,NL,NOTHISPANICorNOTLATINO,DEM,,73.0,10261968.0,AgeOver66,AA5923
ALAMANCE,A,ACTIVE,BOSWELLMARCIAYOUNG,,1330GRANVILLEST,WHITE,NL,NOTHISPANICorNOTLATINO,UNA,UNAFFILIATED,42.0,12101993.0,Age4165,AA88879
ALAMANCE,A,ACTIVE,BOSWELLMARGARETLOUISE,,,WHITE,NL,NOTHISPANICorNOTLATINO,DEM,,62.0,4121996.0,Age4165,AA99110
ALAMANCE,A,ACTIVE,BOSWELLMARGARETLINEBERRY,,2223WOODLANDAVE,WHITE,NL,NOTHISPANICorNOTLATINO,DEM,,93.0,,AgeOver66,AA5927
ALAMANCE,A,ACTIVE,BOSWELLMARKANTHONY,,3212RAEDR,WHITE,NL,NOTHISPANICorNOTLATINO,REP,REPUBLICAN,,,Age4165,BY435882
ALAMANCE,A,ACTIVE,BOSWELLMARYLUCILLE,,220NCOBBAVE,BLACKorAFRICANAMERICAN,UN,UNDESIGNATED,DEM,,61.0,4072008.0,Age4165,AA153742
ALAMANCE,A,ACTIVE,BOSWELLMARYDICUS,,6312STONEYMOUNTAINRD,WHITE,NL,NOTHISPANICorNOTLATINO,REP,REPUBLICAN,59.0,10071980.0,Age4165,AA5930
ALAMANCE,R,REMOVED,BOSWELLMARYJOHNSON,,405GATESAVE,WHITE,NL,NOTHISPANICorNOTLATINO,DEM,,91.0,4131968.0,AgeOver66,AA5931
ALAMANCE,A,ACTIVE,BOSWELLMISSIESHEREE,MISSIESHEREEBOSWELL,814HARRISST,BLACKorAFRICANAMERICAN,NL,NOTHISPANICorNOTLATINO,UNA,UNAFFILIATED,30.0,9292004.0,Age2640,AA138915
ALAMANCE,A,ACTIVE,BOSWELLMORRISWALKER,MORRISWALKERBOSWELL,1003EHAGGARDAVE,BLACKorAFRICANAMERICAN,NL,NOTHISPANICorNOTLATINO,DEM,,55.0,4081980.0,Age4165,AA5935
ALAMANCE,A,ACTIVE,BOSWELLNANCYKAY,NANCYKAYBOSWELL,301BUCKINGHAMDR,WHITE,UN,UNDESIGNATED,UNA,UNAFFILIATED,55.0,2282012.0,Age4165,DE263398
ALAMANCE,R,REMOVED,BOSWELLNANNIEMAE,NANNIEMAEBOSWELL,2417BLANCHEDR,WHITE,NL,NOTHISPANICorNOTLATINO,,,89.0,5141960.0,AgeOver66,AA5938
ALAMANCE,A,ACTIVE,BOSWELLNATORIARENAE,NATORIARENAEBOSWELL,1302BEAUMONTCTA,BLACKorAFRICANAMERICAN,UN,UNDESIGNATED,,,27.0,,Age2640,BY420743
ALAMANCE,A,ACTIVE,BOSWELLODEAMERANN,ODEAMERANNBOSWELL,508MAPLEAVE,BLACKorAFRICANAMERICAN,UN,UNDESIGNATED,UNA,UNAFFILIATED,56.0,7222004.0,Age4165,AA135797
ALAMANCE,R,REMOVED,BOSWELLOLLIERUTH,OLLIERUTHBOSWELL,1248EHARDENST,WHITE,NL,NOTHISPANICorNOTLATINO,,,93.0,10261946.0,AgeOver66,AA5940
ALAMANCE,A,ACTIVE,BOSWELLPAULAKAY,PAULAKAYBOSWELL,2417BLANCHEDR,WHITE,NL,NOTHISPANICorNOTLATINO,REP,REPUBLICAN,58.0,10071972.0,Age4165,AA5942
ALAMANCE,A,ACTIVE,BOSWELLPENNYCANNON,PENNYCANNONBOSWELL,1820ERICDR,WHITE,NL,NOTHISPANICorNOTLATINO,REP,REPUBLICAN,79.0,8081995.0,AgeOver66,AA95067
ALAMANCE,A,ACTIVE,BOSWELLPRESTONTYLER,PRESTONTYLERBOSWELL,573ANNADR,WHITE,NL,NOTHISPANICorNOTLATINO,UNA,UNAFFILIATED,21.0,1252012.0,,AA170161
ALAMANCE,R,REMOVED,BOSWELLRESSIEPARKER,RESSIEPARKERBOSWELL,2536GREENLEVELCHURCHRD,BLACKorAFRICANAMERICAN,NL,NOTHISPANICorNOTLATINO,,,85.0,5061964.0,AgeOver66,AA5944
ALAMANCE,A,ACTIVE,BOSWELLRHONDABARRETT,RHONDABARRETTBOSWELL,311ONEIDAST,WHITE,UN,UNDESIGNATED,,,37.0,12051994.0,Age2640,AA91976
ALAMANCE,A,ACTIVE,BOSWELLRICHARDLEWIS,RICHARDLEWISBOSWELL,,BLACKorAFRICANAMERICAN,UN,UNDESIGNATED,UNA,UNAFFILIATED,19.0,7252012.0,,AA174031
ALAMANCE,A,ACTIVE,BOSWELLROBERTEDWARD,ROBERTEDWARDBOSWELL,6346STONEYMOUNTAINRD,WHITE,NL,NOTHISPANICorNOTLATINO,REP,REPUBLICAN,59.0,7161976.0,Age4165,AA5946
ALAMANCE,A,ACTIVE,BOSWELLROBERTMITCHELL,ROBERTMITCHELLBOSWELL,6346STONEYMOUNTAINRD,WHITE,NL,NOTHISPANICorNOTLATINO,REP,REPUBLICAN,28.0,12222003.0,Age2640,AA132400
ALAMANCE,R,REMOVED,BOSWELLROBINANNETTE,ROBINANNETTEBOSWELL,208COLLEGESTG,BLACKorAFRICANAMERICAN,NL,NOTHISPANICorNOTLATINO,,,42.0,6131997.0,Age4165,AA106494
ALAMANCE,A,ACTIVE,BOSWELLRONNIELEE,RONNIELEEBOSWELL,611SGRAHAMHOPEDALERD,WHITE,NL,NOTHISPANICorNOTLATINO,,,59.0,11031993.0,Age4165,AA88568
ALAMANCE,R,REMOVED,BOSWELLSAMUELMILTON,SAMUELMILTONBOSWELL,1717HEDGEST,WHITE,NL,NOTHISPANICorNOTLATINO,REP,REPUBLICAN,87.0,5141960.0,AgeOver66,AA5949
ALAMANCE,A,ACTIVE,BOSWELLSANDRADIANE,SANDRADIANEBOSWELL,2109NNCHWY62,BLACKorAFRICANAMERICAN,NL,NOTHISPANICorNOTLATINO,,,55.0,3301998.0,Age4165,AA109728
ALAMANCE,A,ACTIVE,BOSWELLSHARONM,SHARONMBOSWELL,1313GREENBRIARST,WHITE,NL,NOTHISPANICorNOTLATINO,UNA,UNAFFILIATED,53.0,10081990.0,Age4165,AA75448
ALAMANCE,I,INACTIVE,BOSWELLSHAWNPATRICK,SHAWNPATRICKBOSWELL,2848FAUCETTELN,WHITE,NL,NOTHISPANICorNOTLATINO,,,,6111993.0,Age4165,AA87330
ALAMANCE,A,ACTIVE,BOSWELLSHIRLEYISLEY,SHIRLEYISLEYBOSWELL,2708WHITEOAKDR,WHITE,NL,NOTHISPANICorNOTLATINO,UNA,UNAFFILIATED,77.0,10261968.0,AgeOver66,AA23252
ALAMANCE,R,REMOVED,BOSWELLSTACIEHOWELL,STACIEHOWELLBOSWELL,611BROADST,WHITE,NL,NOTHISPANICorNOTLATINO,REP,REPUBLICAN,34.0,4011996.0,Age2640,AA98733
ALAMANCE,A,ACTIVE,BOSWELLSYLVIAJOANNE,SYLVIAJOANNEBOSWELL,1432NGRAHAMHOPEDALERD,WHITE,NL,NOTHISPANICorNOTLATINO,REP,REPUBLICAN,75.0,10261968.0,AgeOver66,AA5950
ALAMANCE,A,ACTIVE,BOSWELLTAMMEYJEAN,TAMMEYJEANBOSWELL,6082DAVIDMOORERD,WHITE,UN,UNDESIGNATED,,,,,Age4165,AA176634
ALAMANCE,A,ACTIVE,BOSWELLTERRIEUBANK,TERRIEUBANKBOSWELL,2604EDGEWOODAVE,WHITE,NL,NOTHISPANICorNOTLATINO,REP,REPUBLICAN,57.0,10021984.0,Age4165,
ALAMANCE,A,ACTIVE,BOSWELLTHOMASHAROLD,THOMASHAROLDBOSWELL,2708WHITEOAKDR,WHITE,NL,NOTHISPANICorNOTLATINO,UNA,UNAFFILIATED,84.0,10311994.0,AgeOver66,AA92159
ALAMANCE,A,ACTIVE,BOSWELLTRACEYCARAMEL,TRACEYCARAMELBOSWELL,,BLACKorAFRICANAMERICAN,NL,NOTHISPANICorNOTLATINO,DEM,,23.0,2222008.0,,AA152409
ALAMANCE,A,ACTIVE,BOSWELLTREAVERLYNETTE,TREAVERLYNETTEBOSWELL,731TUCKERST,BLACKorAFRICANAMERICAN,NL,NOTHISPANICorNOTLATINO,DEM,,,7222004.0,Age4165,AA135798
ALAMANCE,A,ACTIVE,BOSWELLWILLIAMCORY,WILLIAMCORYBOSWELL,6346STONEYMOUNTAINRD,WHITE,UN,UNDESIGNATED,REP,REPUBLICAN,22.0,10012008.0,,AA161186
ALAMANCE,A,ACTIVE,BOSWELLWILLIAMRUFUS,WILLIAMRUFUSBOSWELL,3405ELKST,WHITE,NL,NOTHISPANICorNOTLATINO,UNA,UNAFFILIATED,75.0,2051996.0,AgeOver66,AA97214
ALAMANCE,A,ACTIVE,BOSWELLWILLIAMDEREK,WILLIAMDEREKBOSWELL,3680COOKST,WHITE,NL,NOTHISPANICorNOTLATINO,REP,REPUBLICAN,43.0,9121990.0,Age4165,AA73399
ALAMANCE,A,ACTIVE,BOSWELLWILLIAMJUNIUSJR,WILLIAMJUNIUSBOSWELLJR,1432BNGRAHAMHOPEDALERD,WHITE,NL,NOTHISPANICorNOTLATINO,REP,REPUBLICAN,76.0,7231990.0,AgeOver66,AA72584
ALAMANCE,A,ACTIVE,BOSWELLWILLIAMJEFFERSON,WILLIAMJEFFERSONBOSWELL,8411PLEASANTHILLCHURCHRD,WHITE,NL,NOTHISPANICorNOTLATINO,UNA,UNAFFILIATED,79.0,5141960.0,AgeOver66,AA5956
ALAMANCE,A,ACTIVE,BOSWELLWILLIAMLAFAYETTE,WILLIAMLAFAYETTEBOSWELL,345HALEST,WHITE,NL,NOTHISPANICorNOTLATINO,DEM,,77.0,10261968.0,AgeOver66,AA5958
ALAMANCE,R,REMOVED,BOSWELLWILLIAMNEIL,WILLIAMNEILBOSWELL,611BROADST,WHITE,NL,NOTHISPANICorNOTLATINO,REP,REPUBLICAN,33.0,1281997.0,Age2640,AA104717
ALAMANCE,A,ACTIVE,BOSWELLZUMAVEY,ZUMAVEYBOSWELL,2680SMEBANEST132,WHITE,NL,NOTHISPANICorNOTLATINO,REP,REPUBLICAN,88.0,9212009.0,AgeOver66,AA164764
ALAMANCE,A,ACTIVE,BOTEILHOCALEBMEDARES,CALEBMEDARESBOTEILHO,944EHAGGARDAVE,UNDESIGNATED,UN,UNDESIGNATED,UNA,UNAFFILIATED,30.0,10032012.0,Age2640,AA175994
ALAMANCE,A,ACTIVE,BOTELERDOUGLASCLARK,DOUGLASCLARKBOTELER,1610CEDARCREEKDR,WHITE,NL,NOTHISPANICorNOTLATINO,REP,REPUBLICAN,27.0,12122003.0,Age2640,AA132623
ALAMANCE,A,ACTIVE,BOTELERJAMESWADE,JAMESWADEBOTELER,305PEBBLEBEACHDR,WHITE,NL,NOTHISPANICorNOTLATINO,REP,REPUBLICAN,63.0,8251988.0,Age4165,AA65634
ALAMANCE,A,ACTIVE,BOTELERKAYEPRICE,KAYEPRICEBOTELER,305PEBBLEBEACHDR,WHITE,NL,NOTHISPANICorNOTLATINO,REP,REPUBLICAN,54.0,8251988.0,Age4165,AA65635
ALAMANCE,A,ACTIVE,BOTHUELLMELINDALEE,,306HIGHLANDAVE,BLACKorAFRICANAMERICAN,UN,UNDESIGNATED,REP,REPUBLICAN,52.0,11252003.0,Age4165,AA132166
ALAMANCE,I,INACTIVE,BOTOSRUSSELLDEYLAN,RUSSELLDEYLANBOTOS,,WHITE,NL,NOTHISPANICorNOTLATINO,DEM,,,9202007.0,Age4165,CL23918
ALAMANCE,I,INACTIVE,BOTTLESREVAANN,REVAANNBOTTLES,201DANIELEYCENTERK,WHITE,UN,UNDESIGNATED,DEM,,27.0,,Age2640,AA140447
ALAMANCE,A,ACTIVE,BOTTOMLEYDALEWAYNE,DALEWAYNEBOTTOMLEY,3921OSCEOLARD,WHITE,NL,NOTHISPANICorNOTLATINO,,,58.0,9301987.0,Age4165,AA62826
ALAMANCE,A,ACTIVE,BOTTOMLEYHELENANN,HELENANNBOTTOMLEY,3921OSCEOLARD,WHITE,NL,NOTHISPANICorNOTLATINO,,DEMOCRATIC,56.0,9301987.0,Age4165,AA62830
ALAMANCE,A,ACTIVE,BOTTOMLEYMATTHEWLEWIS,,3921OSCEOLARD,WHITE,NL,NOTHISPANICorNOTLATINO,UNA,UNAFFILIATED,26.0,2192008.0,Age2640,AA152332
ALAMANCE,A,ACTIVE,BOTTOMLEYSTACEYLEA,STACEYLEABOTTOMLEY,3921OSCEOLARD,WHITE,NL,NOTHISPANICorNOTLATINO,,DEMOCRATIC,28.0,2122004.0,Age2640,AA132914
ALAMANCE,I,INACTIVE,BOTTOMSJASONTHOMAS,JASONTHOMASBOTTOMS,2171DAVISRD,WHITE,NL,NOTHISPANICorNOTLATINO,,DEMOCRATIC,32.0,2112000.0,Age2640,AA116822
ALAMANCE,A,ACTIVE,BOTZISBRITTNEYLYNN,BRITTNEYLYNNBOTZIS,4815NNCHWY62,WHITE,NL,NOTHISPANICorNOTLATINO,REP,REPUBLICAN,20.0,9022010.0,,AA166675
ALAMANCE,A,ACTIVE,BOTZISCHRISTINAJANE,CHRISTINAJANEBOTZIS,2261MRSBLANCHARDRD,WHITE,NL,NOTHISPANICorNOTLATINO,UNA,UNAFFILIATED,24.0,10052012.0,,AA176496
ALAMANCE,A,ACTIVE,BOTZISCHRISTOPHERGUSTAVUS,CHRISTOPHERGUSTAVUSBOTZIS,4815NNCHWY62,WHITE,NL,NOTHISPANICorNOTLATINO,,DEMOCRATIC,,11091983.0,Age4165,AA5963
ALAMANCE,R,REMOVED,BOTZISELLIOTTNICHOLAS,ELLIOTTNICHOLASBOTZIS,4843NNCHWY62,WHITE,NL,NOTHISPANICorNOTLATINO,REP,REPUBLICAN,81.0,10251952.0,AgeOver66,AA5964
ALAMANCE,A,ACTIVE,BOTZISMICHAELJAMES,,4972NNCHWY62,WHITE,NL,NOTHISPANICorNOTLATINO,UNA,UNAFFILIATED,53.0,10081990.0,Age4165,AA74572
ALAMANCE,A,ACTIVE,BOTZISNICHOLASELLIOTT,NICHOLASELLIOTTBOTZIS,3917BOONELN,WHITE,NL,NOTHISPANICorNOTLATINO,UNA,UNAFFILIATED,54.0,5241991.0,Age4165,AA77395
ALAMANCE,A,ACTIVE,BOTZISPATRICERILEY,PATRICERILEYBOTZIS,4815NNCHWY62,WHITE,NL,NOTHISPANICorNOTLATINO,REP,REPUBLICAN,50.0,11091983.0,Age4165,AA5966
ALAMANCE,A,ACTIVE,BOTZISVERONICAHOOFT,VERONICAHOOFTBOTZIS,3917BOONELN,WHITE,NL,NOTHISPANICorNOTLATINO,REP,REPUBLICAN,52.0,1121993.0,Age4165,AA86189
ALAMANCE,A,ACTIVE,BOTZMANJOHNJOSEPH,JOHNJOSEPHBOTZMAN,706CROFTWOODDR,WHITE,NL,NOTHISPANICorNOTLATINO,,DEMOCRATIC,51.0,2212012.0,Age4165,AA170411
ALAMANCE,A,ACTIVE,BOTZMANLILIA,LILIABOTZMAN,706CROFTWOODDR,WHITE,NL,NOTHISPANICorNOTLATINO,REP,REPUBLICAN,,1252012.0,Age4165,AA170162
ALAMANCE,A,ACTIVE,BOUCHARDCHRISTOPHERMICHAEL,CHRISTOPHERMICHAELBOUCHARD,225GRAPHITEDR,WHITE,NL,NOTHISPANICorNOTLATINO,REP,REPUBLICAN,37.0,9032008.0,Age2640,BY503441
ALAMANCE,A,ACTIVE,BOUCHELLEHELENTOEBKE,HELENTOEBKEBOUCHELLE,3807ASBURYCT,WHITE,NL,NOTHISPANICorNOTLATINO,REP,REPUBLICAN,88.0,7081998.0,AgeOver66,AA110582
ALAMANCE,I,INACTIVE,BOUCHERDAVIDDENIS,DAVIDDENISBOUCHER,,WHITE,NL,NOTHISPANICorNOTLATINO,REP,REPUBLICAN,,8191988.0,Age4165,AA65636
ALAMANCE,I,INACTIVE,BOUCHERJANETANTHONY,JANETANTHONYBOUCHER,,WHITE,NL,NOTHISPANICorNOTLATINO,REP,REPUBLICAN,,7251988.0,Age4165,AA65442
ALAMANCE,A,ACTIVE,BOUCHERJUSTINMICHAEL,JUSTINMICHAELBOUCHER,5652CHURCHRD,WHITE,NL,NOTHISPANICorNOTLATINO,UNA,UNAFFILIATED,23.0,5042011.0,,AA151539
ALAMANCE,A,ACTIVE,BOUDERAUJOSEPHNELSON,JOSEPHNELSONBOUDERAU,5950UNIONRIDGERD,WHITE,NL,NOTHISPANICorNOTLATINO,,DEMOCRATIC,79.0,3241980.0,AgeOver66,AA5967
ALAMANCE,A,ACTIVE,BOUDERAUSTELLARABITO,STELLARABITOBOUDERAU,5950UNIONRIDGERD,WHITE,NL,NOTHISPANICorNOTLATINO,,DEMOCRATIC,76.0,3241980.0,AgeOver66,AA5969
ALAMANCE,A,ACTIVE,BOUDREAUCHARLESHENRY,CHARLESHENRYBOUDREAU,414COUNTRYCLUBDR,WHITE,NL,NOTHISPANICorNOTLATINO,REP,REPUBLICAN,65.0,1292002.0,Age4165,AA125509
ALAMANCE,A,ACTIVE,BOUDREAUJEANL,JEANLBOUDREAU,414COUNTRYCLUBDR,WHITE,NL,NOTHISPANICorNOTLATINO,UNA,UNAFFILIATED,66.0,10072008.0,AgeOver66,AA159069
ALAMANCE,I,INACTIVE,BOUDREAUNANCYLYNN,NANCYLYNNBOUDREAU,505NFIFTHST,WHITE,NL,NOTHISPANICorNOTLATINO,REP,REPUBLICAN,57.0,4172009.0,Age4165,AA163723
ALAMANCE,A,ACTIVE,BOUDREAULTADAMJOHN,ADAMJOHNBOUDREAULT,139DOGWOODDRA,WHITE,NL,NOTHISPANICorNOTLATINO,REP,REPUBLICAN,27.0,9072004.0,Age2640,AA137114
ALAMANCE,A,ACTIVE,BOUDREAULTDONALDCLAUDE,DONALDCLAUDEBOUDREAULT,505NINADR,WHITE,NL,NOTHISPANICorNOTLATINO,REP,REPUBLICAN,53.0,,Age4165,AA5970
ALAMANCE,A,ACTIVE,BOUDREAULTJESSICADELL,JESSICADELLBOUDREAULT,139DOGWOODDRA,WHITE,NL,NOTHISPANICorNOTLATINO,REP,REPUBLICAN,26.0,4302007.0,Age2640,AX42890
ALAMANCE,A,ACTIVE,BOUDREAULTMARTINAPOULIOT,,505NINADR,WHITE,NL,NOTHISPANICorNOTLATINO,REP,REPUBLICAN,51.0,9091984.0,Age4165,
ALAMANCE,A,ACTIVE,BOUFFIERDIANETHERESA,DIANETHERESABOUFFIER,3007QUAKERCREEKDR,WHITE,NL,NOTHISPANICorNOTLATINO,REP,REPUBLICAN,,8212012.0,Age4165,AA174375
ALAMANCE,A,ACTIVE,BOUFFORDCATHRYNHELEN,CATHRYNHELENBOUFFORD,2032SWEETBAYCIR26,WHITE,NL,NOTHISPANICorNOTLATINO,REP,REPUBLICAN,65.0,8262011.0,Age4165,AA169231
ALAMANCE,A,ACTIVE,BOUGASALISONELIZABETH,ALISONELIZABETHBOUGAS,321WTROLLINGERAVEB7,WHITE,NL,NOTHISPANICorNOTLATINO,,,21.0,,,AA176816
ALAMANCE,A,ACTIVE,BOUGHTONDANIELJAMES,DANIELJAMESBOUGHTON,408TIGHFIELDDR,WHITE,NL,NOTHISPANICorNOTLATINO,UNA,UNAFFILIATED,39.0,10242012.0,Age2640,BL379316
ALAMANCE,A,ACTIVE,BOUGHTONSHANNONMARIE,SHANNONMARIEBOUGHTON,408TIGHFIELDDR,UNDESIGNATED,UN,UNDESIGNATED,,,43.0,10032012.0,Age4165,AA175997
ALAMANCE,A,ACTIVE,BOUIEMARIANELAINE,,909TRAILEIGHT,BLACKorAFRICANAMERICAN,UN,UNDESIGNATED,,,43.0,11262003.0,Age4165,AA132191
ALAMANCE,A,ACTIVE,BOULDINCHRISTOPHERJAMES,CHRISTOPHERJAMESBOULDIN,5504PEGASUSDR,WHITE,NL,NOTHISPANICorNOTLATINO,UNA,UNAFFILIATED,57.0,9182009.0,Age4165,DE133620
ALAMANCE,A,ACTIVE,BOULDINDARLENEPORTERFIELD,DARLENEPORTERFIELDBOULDIN,1511SMAINST,WHITE,NL,NOTHISPANICorNOTLATINO,REP,REPUBLICAN,56.0,12211992.0,Age4165,AA85994
ALAMANCE,A,ACTIVE,BOULDINHOLLYAMBER,HOLLYAMBERBOULDIN,1511SMAINST,WHITE,NL,NOTHISPANICorNOTLATINO,UNA,UNAFFILIATED,20.0,10252010.0,,AA167265
ALAMANCE,A,ACTIVE,BOULDINJAMESDAVID,JAMESDAVIDBOULDIN,7515LOSTACRESDR,WHITE,NL,NOTHISPANICorNOTLATINO,REP,REPUBLICAN,29.0,11262007.0,Age2640,AX37648
ALAMANCE,A,ACTIVE,BOULDINJANETELAINE,JANETELAINEBOULDIN,803STONEYCREEKCHURCHRD,WHITE,NL,NOTHISPANICorNOTLATINO,,,56.0,11191975.0,Age4165,AA31287
ALAMANCE,A,ACTIVE,BOULDINKORINABORKO,KORINABORKOBOULDIN,5504PEGASUSDR,WHITE,UN,UNDESIGNATED,,,56.0,9102012.0,Age4165,DE194050
ALAMANCE,A,ACTIVE,BOULDINLEIGHLAWHON,LEIGHLAWHONBOULDIN,1908ELMWOODDR,WHITE,NL,NOTHISPANICorNOTLATINO,,,73.0,3082011.0,AgeOver66,AA168186
ALAMANCE,A,ACTIVE,BOULDINMARGARETRICE,,1818HAWTHORNELN,WHITE,NL,NOTHISPANICorNOTLATINO,,,88.0,5141960.0,AgeOver66,AA5973
ALAMANCE,A,ACTIVE,BOULDINREBECCAKATHRYN,REBECCAKATHRYNBOULDIN,7515LOSTACRESDR,WHITE,NL,NOTHISPANICorNOTLATINO,REP,REPUBLICAN,30.0,7252006.0,Age2640,AA147139
ALAMANCE,A,ACTIVE,BOULDINWAYNEMICHAEL,WAYNEMICHAELBOULDIN,803STONEYCREEKCHURCHRD,WHITE,NL,NOTHISPANICorNOTLATINO,,,54.0,8041987.0,Age4165,AA61825
ALAMANCE,A,ACTIVE,BOULDINWILBURLEE,WILBURLEEBOULDIN,1511SMAINST,WHITE,NL,NOTHISPANICorNOTLATINO,REP,REPUBLICAN,60.0,5201996.0,Age4165,AA99305
ALAMANCE,A,ACTIVE,BOULETYLERLOUIS,TYLERLOUISBOULE,,UNDESIGNATED,UN,UNDESIGNATED,,DEMOCRATIC,19.0,5042012.0,,AA172043
ALAMANCE,I,INACTIVE,BOULETDANIELLEMARIE,DANIELLEMARIEBOULET,1944CONNERSCT,WHITE,NL,NOTHISPANICorNOTLATINO,REP,REPUBLICAN,34.0,10072004.0,Age2640,AA139912
ALAMANCE,A,ACTIVE,BOULWAREKATHERINESOPHIA,KATHERINESOPHIABOULWARE,402COURTLANDDR,WHITE,UN,UNDESIGNATED,UNA,UNAFFILIATED,23.0,5112007.0,,AA149590
ALAMANCE,A,ACTIVE,BOULWAREMARGARETHALL,,402COURTLANDDR,WHITE,NL,NOTHISPANICorNOTLATINO,REP,REPUBLICAN,52.0,6061984.0,Age4165,
ALAMANCE,A,ACTIVE,BOULWARETATUMMURRAYJR,TATUMMURRAYBOULWAREJR,402COURTLANDDR,WHITE,NL,NOTHISPANICorNOTLATINO,REP,REPUBLICAN,52.0,9181984.0,Age4165,
ALAMANCE,A,ACTIVE,BOULWARETATUMMURRAYIII,TATUMMURRAYBOULWAREIII,402COURTLANDDR,WHITE,NL,NOTHISPANICorNOTLATINO,REP,REPUBLICAN,25.0,9302005.0,,AA144753
ALAMANCE,R,REMOVED,BOUNDSBONNIEAURELIA,BONNIEAURELIABOUNDS,405JAMESTONEYDR,WHITE,NL,NOTHISPANICorNOTLATINO,,DEMOCRATIC,24.0,5012008.0,,AA154649
ALAMANCE,A,ACTIVE,BOUNHIENGLA,LABOUNHIENG,1515SMEBANEST136,ASIAN,UN,UNDESIGNATED,,DEMOCRATIC,25.0,10072008.0,,AA159588
ALAMANCE,A,ACTIVE,BOUNHIENGMINA,,502TRAILTHREE,UNDESIGNATED,UN,UNDESIGNATED,,DEMOCRATIC,73.0,7252012.0,AgeOver66,AA173788
ALAMANCE,A,ACTIVE,BOUNKRONGYSUOM,SUOMBOUNKRONGY,2006MACKENNADR,ASIAN,NL,NOTHISPANICorNOTLATINO,REP,REPUBLICAN,40.0,10292010.0,Age2640,AA167363
ALAMANCE,A,ACTIVE,BOUNVILAYSINGTHONG,SINGTHONGBOUNVILAY,1913BROADWAYDR,OTHER,NL,NOTHISPANICorNOTLATINO,,DEMOCRATIC,53.0,11081997.0,Age4165,AA108045
ALAMANCE,A,ACTIVE,BOURASSADANAMARIE,DANAMARIEBOURASSA,2949DEEPWOODDR6108,WHITE,NL,NOTHISPANICorNOTLATINO,UNA,UNAFFILIATED,30.0,11072011.0,Age2640,AA169579
ALAMANCE,A,ACTIVE,BOURLANDSTEPHANIEELIZABETH,STEPHANIEELIZABETHBOURLAND,122AVENUEOFTREES,WHITE,NL,NOTHISPANICorNOTLATINO,UNA,UNAFFILIATED,41.0,7262001.0,Age4165,AA124003
ALAMANCE,I,INACTIVE,BOUSCHERSTACIEMARIE,STACIEMARIEBOUSCHER,1506STANDREWSDR,WHITE,NL,NOTHISPANICorNOTLATINO,,DEMOCRATIC,39.0,10062006.0,Age2640,AA147760
ALAMANCE,A,ACTIVE,BOUTROSSJENNIFERKELSEY,JENNIFERKELSEYBOUTROSS,1309EJOYNERST,WHITE,NL,NOTHISPANICorNOTLATINO,UNA,UNAFFILIATED,20.0,8042010.0,,AA166470
ALAMANCE,A,ACTIVE,BOUTROSSNICHOLASJAMES,NICHOLASJAMESBOUTROSS,1309EJOYNERST,WHITE,NL,NOTHISPANICorNOTLATINO,UNA,UNAFFILIATED,22.0,12032007.0,,AA151397
ALAMANCE,A,ACTIVE,BOUWKAMPMARVINJAYIII,,206ESTEBANCT,WHITE,UN,UNDESIGNATED,UNA,UNAFFILIATED,34.0,4182011.0,Age2640,EH843052
ALAMANCE,A,ACTIVE,BOUYEATEREASAMARIA,TEREASAMARIABOUYEA,5870SSPRINGFLOWERSDR,WHITE,NL,NOTHISPANICorNOTLATINO,UNA,UNAFFILIATED,55.0,10292012.0,Age4165,AA178463
ALAMANCE,A,ACTIVE,BOVIALLCAROLEEARLENE,CAROLEEARLENEBOVIALL,3050SHELLYGRAHAMDR,WHITE,NL,NOTHISPANICorNOTLATINO,REP,REPUBLICAN,71.0,4122007.0,AgeOver66,EH695142
ALAMANCE,A,ACTIVE,BOVIALLLEROYTHOMAS,LEROYTHOMASBOVIALL,3050SHELLYGRAHAMDR,WHITE,NL,NOTHISPANICorNOTLATINO,REP,REPUBLICAN,71.0,4122007.0,AgeOver66,AA149378
ALAMANCE,A,ACTIVE,BOVINEDEVONROMAN,DEVONROMANBOVINE,4110AGLISHCT,WHITE,UN,UNDESIGNATED,UNA,UNAFFILIATED,19.0,3222012.0,,AA171083
ALAMANCE,A,ACTIVE,BOVINEJOHNANTHONYSR,JOHNANTHONYBOVINESR,3014SMEBANEST,WHITE,UN,UNDESIGNATED,UNA,UNAFFILIATED,65.0,8032012.0,Age4165,AA173147
ALAMANCE,R,REMOVED,BOVINEJOHNANTHONYII,JOHNANTHONYBOVINEII,317FORESTVIEWDR,WHITE,NL,NOTHISPANICorNOTLATINO,,DEMOCRATIC,44.0,1221996.0,Age4165,AA97218
ALAMANCE,A,ACTIVE,BOVINELINDALEE,LINDALEEBOVINE,3014SMEBANEST,WHITE,NL,NOTHISPANICorNOTLATINO,,DEMOCRATIC,65.0,8032012.0,Age4165,AA173146
ALAMANCE,A,ACTIVE,BOWDENANDREWTYLER,ANDREWTYLERBOWDEN,1875CONNERSCT,WHITE,UN,UNDESIGNATED,UNA,UNAFFILIATED,22.0,9252008.0,,AA158027
ALAMANCE,A,ACTIVE,BOWDENANGELA,ANGELABOWDEN,2525SAINTSBURYDR,BLACKorAFRICANAMERICAN,UN,UNDESIGNATED,,,53.0,1222008.0,Age4165,AA151877
ALAMANCE,R,REMOVED,BOWDENANTONIAMICHELLE,ANTONIAMICHELLEBOWDEN,2316VENIEST,WHITE,NL,NOTHISPANICorNOTLATINO,UNA,UNAFFILIATED,30.0,3222000.0,Age2640,AA117355
ALAMANCE,A,ACTIVE,BOWDENBROOKSEUGENE,BROOKSEUGENEBOWDEN,319SUMMERSVILLEPL,BLACKorAFRICANAMERICAN,NL,NOTHISPANICorNOTLATINO,,,24.0,10072008.0,,AA159772
ALAMANCE,A,ACTIVE,BOWDENCHERYLCUMMINGS,CHERYLCUMMINGSBOWDEN,1612PALMERDR,BLACKorAFRICANAMERICAN,NL,NOTHISPANICorNOTLATINO,,,51.0,9062011.0,Age4165,AA169270
ALAMANCE,A,ACTIVE,BOWDENCHIQUITAANTANITA,CHIQUITAANTANITABOWDEN,419MILLST,BLACKorAFRICANAMERICAN,UN,UNDESIGNATED,,,36.0,4012004.0,Age2640,AA133712
ALAMANCE,A,ACTIVE,BOWDENDEBRASUMMERS,DEBRASUMMERSBOWDEN,319SUMMERSVILLEPL,BLACKorAFRICANAMERICAN,NL,NOTHISPANICorNOTLATINO,,,57.0,9251995.0,Age4165,AA95739
ALAMANCE,A,ACTIVE,BOWDENDEIDREANN,DEIDREANNBOWDEN,1801LYNWOODDR,UNDESIGNATED,UN,UNDESIGNATED,,,23.0,11042008.0,,AA162866
ALAMANCE,A,ACTIVE,BOWDENDEREKRENON,DEREKRENONBOWDEN,319SUMMERSVILLEPL,BLACKorAFRICANAMERICAN,NL,NOTHISPANICorNOTLATINO,UNA,UNAFFILIATED,21.0,12292008.0,,AA162495
ALAMANCE,R,REMOVED,BOWDENDEXTERLEE,DEXTERLEEBOWDEN,409TATEAVE,BLACKorAFRICANAMERICAN,NL,NOTHISPANICorNOTLATINO,,,,,Age4165,AA159773
ALAMANCE,A,ACTIVE,BOWDENEDRISLYNETTE,EDRISLYNETTEBOWDEN,320EHANOVERRD,BLACKorAFRICANAMERICAN,NL,NOTHISPANICorNOTLATINO,,,,9172010.0,Age4165,AA91985
ALAMANCE,A,ACTIVE,BOWDENGEORGEJR,GEORGEBOWDENJR,,BLACKorAFRICANAMERICAN,NL,NOTHISPANICorNOTLATINO,REP,REPUBLICAN,52.0,3162001.0,Age4165,AA122891
ALAMANCE,A,ACTIVE,BOWDENGEORGEBURNETTE,GEORGEBURNETTEBOWDEN,409TATEAVE,BLACKorAFRICANAMERICAN,NL,NOTHISPANICorNOTLATINO,,,75.0,5211988.0,AgeOver66,AA65097
ALAMANCE,A,ACTIVE,BOWDENHENRYEDWARD,HENRYEDWARDBOWDEN,4072MTWILLENRD,BLACKorAFRICANAMERICAN,NL,NOTHISPANICorNOTLATINO,,,74.0,5091960.0,AgeOver66,AA5982
ALAMANCE,A,ACTIVE,BOWDENHOWARDEVERETTE,HOWARDEVERETTEBOWDEN,5306SWEPSONVILLESAXAPAHAWRD,BLACKorAFRICANAMERICAN,NL,NOTHISPANICorNOTLATINO,,,58.0,9151990.0,Age4165,AA73466
ALAMANCE,A,ACTIVE,BOWDENJAMESDONALD,JAMESDONALDBOWDEN,506VETERANDR,WHITE,NL,NOTHISPANICorNOTLATINO,,,79.0,,AgeOver66,AA5983
ALAMANCE,A,ACTIVE,BOWDENJAMESKENNETH,JAMESKENNETHBOWDEN,1875CONNERSCT,WHITE,NL,NOTHISPANICorNOTLATINO,UNA,UNAFFILIATED,,11051986.0,Age4165,AA61405
ALAMANCE,A,ACTIVE,BOWDENJAMESMILTON,JAMESMILTONBOWDEN,3133NNCHWY49,BLACKorAFRICANAMERICAN,NL,NOTHISPANICorNOTLATINO,,,,8161999.0,Age4165,AA114914
ALAMANCE,A,ACTIVE,BOWDENJEFFREYOKEITH,JEFFREYOKEITHBOWDEN,1803DARRELLDR,BLACKorAFRICANAMERICAN,NL,NOTHISPANICorNOTLATINO,,,23.0,,,AA159422
ALAMANCE,A,ACTIVE,BOWDENJEFFREYOKEITH,JEFFREYOKEITHBOWDEN,1803DARRELLDR,BLACKorAFRICANAMERICAN,NL,NOTHISPANICorNOTLATINO,,,,9201986.0,Age4165,AA61369
ALAMANCE,A,ACTIVE,BOWDENJEREMYPAUL,JEREMYPAULBOWDEN,,WHITE,NL,NOTHISPANICorNOTLATINO,UNA,UNAFFILIATED,38.0,9231998.0,Age2640,AA111556
ALAMANCE,R,REMOVED,BOWDENJOHNATWOODJR,JOHNATWOODBOWDENJR,,WHITE,NL,NOTHISPANICorNOTLATINO,,,95.0,5111940.0,AgeOver66,AA5987
ALAMANCE,A,ACTIVE,BOWDENJOHNAUSTIN,JOHNAUSTINBOWDEN,750SHERIDANPL,WHITE,NL,NOTHISPANICorNOTLATINO,UNA,UNAFFILIATED,20.0,8092012.0,,AA176600
ALAMANCE,A,ACTIVE,BOWDENJOSEPHTERRY,JOSEPHTERRYBOWDEN,4003MEBANEOAKSRD,BLACKorAFRICANAMERICAN,UN,UNDESIGNATED,,,53.0,3232012.0,Age4165,DE244563
ALAMANCE,A,ACTIVE,BOWDENKATIEBOGGS,KATIEBOGGSBOWDEN,506VETERANDR,WHITE,NL,NOTHISPANICorNOTLATINO,,,75.0,9281993.0,AgeOver66,AA88093
ALAMANCE,A,ACTIVE,BOWDENKRISTENCOVINGTON,KRISTENCOVINGTONBOWDEN,2250IRISDR,WHITE,NL,NOTHISPANICorNOTLATINO,,,39.0,10051992.0,Age2640,AA83904
ALAMANCE,A,ACTIVE,BOWDENLEMONTARIC,LEMONTARICBOWDEN,,BLACKorAFRICANAMERICAN,NL,NOTHISPANICorNOTLATINO,,,39.0,3132001.0,Age2640,AA122892
ALAMANCE,A,ACTIVE,BOWDENLINDAYORK,,2316VENIEST,WHITE,NL,NOTHISPANICorNOTLATINO,,,58.0,4011991.0,Age4165,AA77174
ALAMANCE,A,ACTIVE,BOWDENLISATERRELL,,5302SWEPSONVILLESAXAPAHAWRD,BLACKorAFRICANAMERICAN,NL,NOTHISPANICorNOTLATINO,,,,10081990.0,Age4165,AA74573
ALAMANCE,A,ACTIVE,BOWDENLIZZIEM,,224EMERSONDR,BLACKorAFRICANAMERICAN,NL,NOTHISPANICorNOTLATINO,,,71.0,4031978.0,AgeOver66,AA5992
ALAMANCE,A,ACTIVE,BOWDENLUCYNEWLIN,,416SBEAUMONTAVE,WHITE,NL,NOTHISPANICorNOTLATINO,,,86.0,5171952.0,AgeOver66,AA5995
ALAMANCE,R,REMOVED,BOWDENMARGARETBROOKS,,,WHITE,NL,NOTHISPANICorNOTLATINO,,,87.0,,AgeOver66,AA5996
ALAMANCE,A,ACTIVE,BOWDENMARYJANEY,,1875CONNERSCT,WHITE,NL,NOTHISPANICorNOTLATINO,REP,REPUBLICAN,,1271984.0,Age4165,AA5998
ALAMANCE,A,ACTIVE,BOWDENMARYCEARNAL,,4072MTWILLENRD,BLACKorAFRICANAMERICAN,NL,NOTHISPANICorNOTLATINO,,,68.0,3261984.0,AgeOver66,
ALAMANCE,A,ACTIVE,BOWDENNATHANIELALAN,NATHANIELALANBOWDEN,,WHITE,NL,NOTHISPANICorNOTLATINO,UNA,UNAFFILIATED,36.0,4131994.0,Age2640,AA90151
ALAMANCE,A,ACTIVE,BOWDENNEVAMADISON,NEVAMADISONBOWDEN,,WHITE,NL,NOTHISPANICorNOTLATINO,REP,REPUBLICAN,32.0,3312008.0,Age2640,AA153188
ALAMANCE,A,ACTIVE,BOWDENPHYLLISDENISE,PHYLLISDENISEBOWDEN,2729SPRINGFIELDDR,BLACKorAFRICANAMERICAN,NL,NOTHISPANICorNOTLATINO,REP,REPUBLICAN,,4302003.0,Age4165,AA130150
ALAMANCE,A,ACTIVE,BOWDENRACHELY,RACHELYBOWDEN,,BLACKorAFRICANAMERICAN,NL,NOTHISPANICorNOTLATINO,,,60.0,9301986.0,Age4165,AA60696
ALAMANCE,A,ACTIVE,BOWDENRACHELNANCY,RACHELNANCYBOWDEN,5306SWEPSONVILLESAXAPAHAWRD,BLACKorAFRICANAMERICAN,NL,NOTHISPANICorNOTLATINO,,,78.0,5071962.0,AgeOver66,AA6000
ALAMANCE,A,ACTIVE,BOWDENROBINRENITA,ROBINRENITABOWDEN,661BOONESTATIONDR4,UNDESIGNATED,UN,UNDESIGNATED,,,,10072004.0,Age4165,AA139914
ALAMANCE,A,ACTIVE,BOWDENSAMUELDEWELTON,SAMUELDEWELTONBOWDEN,5302SWEPSONVILLESAXAPAHAWRD,BLACKorAFRICANAMERICAN,NL,NOTHISPANICorNOTLATINO,,,,9201986.0,Age4165,AA60580
ALAMANCE,A,ACTIVE,BOWDENSHELIAFLORENCE,SHELIAFLORENCEBOWDEN,4003MEBANEOAKSRD,BLACKorAFRICANAMERICAN,NL,NOTHISPANICorNOTLATINO,,,53.0,3232012.0,Age4165,AA161768
ALAMANCE,I,INACTIVE,BOWDENSTEVENANTHONY,STEVENANTHONYBOWDEN,431WGILBREATHST,BLACKorAFRICANAMERICAN,NL,NOTHISPANICorNOTLATINO,,,,5081996.0,Age4165,AA99307
ALAMANCE,A,ACTIVE,BOWDENSUEG,SUEGBOWDEN,4547CORNERSTONEDR,WHITE,NL,NOTHISPANICorNOTLATINO,REP,REPUBLICAN,74.0,9182007.0,AgeOver66,AA150666
ALAMANCE,A,ACTIVE,BOWDENTAKESHAPENNIX,TAKESHAPENNIXBOWDEN,,BLACKorAFRICANAMERICAN,UN,UNDESIGNATED,,,37.0,4142004.0,Age2640,AA133803
ALAMANCE,A,ACTIVE,BOWDENTAWNDRENIKA,TAWNDRENIKABOWDEN,912EHANOVERRDC,BLACKorAFRICANAMERICAN,NL,NOTHISPANICorNOTLATINO,,,38.0,6112001.0,Age2640,AA123408
ALAMANCE,A,ACTIVE,BOWDENTHOMASFLETCHER,THOMASFLETCHERBOWDEN,224EMERSONDR,BLACKorAFRICANAMERICAN,NL,NOTHISPANICorNOTLATINO,,,69.0,4031978.0,AgeOver66,AA6002
ALAMANCE,A,ACTIVE,BOWDENTRACYALSTON,TRACYALSTONBOWDEN,1803DARRELLDR,BLACKorAFRICANAMERICAN,NL,NOTHISPANICorNOTLATINO,UNA,UNAFFILIATED,,7222004.0,Age4165,AA136213
ALAMANCE,A,ACTIVE,BOWDENTYRADEMETRIA,TYRADEMETRIABOWDEN,2017SASHLANDDR,BLACKorAFRICANAMERICAN,UN,UNDESIGNATED,,,37.0,7252012.0,Age2640,AA173800
ALAMANCE,R,REMOVED,BOWDENWILLIAMASTOR,WILLIAMASTORBOWDEN,4547CORNERSTONEDR,WHITE,UN,UNDESIGNATED,REP,REPUBLICAN,77.0,9182007.0,AgeOver66,BP7567
ALAMANCE,A,ACTIVE,BOWDENWILSONSHONEKA,SHONEKABOWDENWILSON,,BLACKorAFRICANAMERICAN,NL,NOTHISPANICorNOTLATINO,,,24.0,7172006.0,,AA146960
ALAMANCE,I,INACTIVE,BOWDITCHEMILYELDA,EMILYELDABOWDITCH,323WTROLLINGERAVEC7,WHITE,NL,NOTHISPANICorNOTLATINO,,,24.0,,,AA161574
ALAMANCE,A,ACTIVE,BOWEANGELAROYSTER,ANGELAROYSTERBOWE,1247DEERRUNTRL7,BLACKorAFRICANAMERICAN,NL,NOTHISPANICorNOTLATINO,,,51.0,,Age4165,AA121765
ALAMANCE,I,INACTIVE,BOWECALVIN,CALVINBOWE,1247DEERRUNTRL7,BLACKorAFRICANAMERICAN,UN,UNDESIGNATED,,,54.0,4052008.0,Age4165,AA154063
ALAMANCE,A,ACTIVE,BOWECARLDOUGLAS,CARLDOUGLASBOWE,805NFISHERST,BLACKorAFRICANAMERICAN,NL,NOTHISPANICorNOTLATINO,,,70.0,4251995.0,AgeOver66,AA93591
ALAMANCE,A,ACTIVE,BOWEDAPHNECRISP,DAPHNECRISPBOWE,,BLACKorAFRICANAMERICAN,NL,NOTHISPANICorNOTLATINO,,,,,Age4165,AA11719
ALAMANCE,A,ACTIVE,BOWEDEANNALAASHELY,DEANNALAASHELYBOWE,,TWOorMORERACES,NL,NOTHISPANICorNOTLATINO,UNA,UNAFFILIATED,19.0,7252012.0,,AA173792
ALAMANCE,A,ACTIVE,BOWEDOUGLASMALLOY,DOUGLASMALLOYBOWE,406CATESAVE,BLACKorAFRICANAMERICAN,UN,UNDESIGNATED,,,,9302008.0,Age4165,AA158210
ALAMANCE,A,ACTIVE,BOWEEARLDINEBERRY,EARLDINEBERRYBOWE,630WHARDENST,BLACKorAFRICANAMERICAN,UN,UNDESIGNATED,,,58.0,1142003.0,Age4165,AA129332
ALAMANCE,A,ACTIVE,BOWEJAMESHENRY,JAMESHENRYBOWE,,BLACKorAFRICANAMERICAN,NL,NOTHISPANICorNOTLATINO,,,44.0,4302008.0,Age4165,AA154638
ALAMANCE,A,ACTIVE,BOWEJOHNALLEN,JOHNALLENBOWE,433NLOGANST,BLACKorAFRICANAMERICAN,UN,UNDESIGNATED,UNA,UNAFFILIATED,43.0,9122003.0,Age4165,AA131296
ALAMANCE,A,ACTIVE,BOWELASHENNAMICHELLE,LASHENNAMICHELLEBOWE,512HAMILTONST,UNDESIGNATED,UN,UNDESIGNATED,REP,REPUBLICAN,31.0,8092008.0,Age2640,AA156182
ALAMANCE,A,ACTIVE,BOWELATOYAMONIQUE,LATOYAMONIQUEBOWE,,BLACKorAFRICANAMERICAN,UN,UNDESIGNATED,,,29.0,3262002.0,Age2640,AA126072
ALAMANCE,A,ACTIVE,BOWELINDAJOHNSON,LINDAJOHNSONBOWE,805NFISHERST,BLACKorAFRICANAMERICAN,NL,NOTHISPANICorNOTLATINO,,,65.0,4251995.0,Age4165,AA93594
ALAMANCE,A,ACTIVE,BOWEMARYBROWN,,,BLACKorAFRICANAMERICAN,UN,UNDESIGNATED,,,61.0,11012012.0,Age4165,AA178634
ALAMANCE,A,ACTIVE,BOWEWILLIAMHENRYJR,WILLIAMHENRYBOWEJR,630WHARDENST,BLACKorAFRICANAMERICAN,NL,NOTHISPANICorNOTLATINO,,,61.0,10072008.0,Age4165,AA159167
ALAMANCE,A,ACTIVE,BOWENAUDREYHARRIS,AUDREYHARRISBOWEN,,WHITE,NL,NOTHISPANICorNOTLATINO,REP,REPUBLICAN,57.0,8071992.0,Age4165,AA82276
ALAMANCE,A,ACTIVE,BOWENBRYANEMERSON,BRYANEMERSONBOWEN,1926BASINCREEKRD,WHITE,NL,NOTHISPANICorNOTLATINO,UNA,UNAFFILIATED,39.0,2211995.0,Age2640,AA92696
ALAMANCE,A,ACTIVE,BOWENCHARLESCOLEMAN,CHARLESCOLEMANBOWEN,208GRAPHITEDR,WHITE,NL,NOTHISPANICorNOTLATINO,REP,REPUBLICAN,24.0,3242010.0,,BN359380
ALAMANCE,R,REMOVED,BOWENDOROTHYWINTERS,DOROTHYWINTERSBOWEN,3821WESLEYCT,WHITE,NL,NOTHISPANICorNOTLATINO,REP,REPUBLICAN,95.0,9171997.0,AgeOver66,AA107552
,A,ACTIVE,BOWENELBERTTRAVIS,ELBERTTRAVISBOWEN,630JOHNSONAVE,WHITE,NL,NOTHISPANICorNOTLATINO,REP,REPUBLICAN,70.0,10261968.0,AgeOver66,AA6008
,A,ACTIVE,BOWENELIZABETHAPONTE,ELIZABETHAPONTEBOWEN,125TARLETONAVE,WHITE,NL,NOTHISPANICorNOTLATINO,REP,REPUBLICAN,42.0,9171999.0,Age4165,AA115386
,A,ACTIVE,BOWENELLENMICHAEL,ELLENMICHAELBOWEN,1266WESTBROOKAVE,WHITE,NL,NOTHISPANICorNOTLATINO,REP,REPUBLICAN,60.0,4242009.0,Age4165,BY551229
,A,ACTIVE,BOWENFAYEKIVETT,FAYEKIVETTBOWEN,619ISLEYPL,WHITE,NL,NOTHISPANICorNOTLATINO,,,82.0,1011900.0,AgeOver66,AA6011
,A,ACTIVE,BOWENIRARICHARDJR,IRARICHARDBOWENJR,874COOKMILLRD,WHITE,NL,NOTHISPANICorNOTLATINO,UNA,UNAFFILIATED,,8082003.0,Age4165,AA131161
,R,REMOVED,BOWENJACOBADAM,JACOBADAMBOWEN,1926BASINCREEKRD,WHITE,NL,NOTHISPANICorNOTLATINO,REP,REPUBLICAN,31.0,9241999.0,Age2640,AA115406
,A,ACTIVE,BOWENJANEATKINS,JANEATKINSBOWEN,874COOKMILLRD,WHITE,NL,NOTHISPANICorNOTLATINO,,,41.0,8061996.0,Age4165,AA100966
,A,ACTIVE,BOWENJENNIFERROBBINS,JENNIFERROBBINSBOWEN,428LAKEVIEWAVE,WHITE,NL,NOTHISPANICorNOTLATINO,UNA,UNAFFILIATED,36.0,9242001.0,Age2640,AA124544
,A,ACTIVE,BOWENJULIABEALE,JULIABEALEBOWEN,1536ELONOSSIPEERD8,WHITE,UN,UNDESIGNATED,,,41.0,1242002.0,Age4165,AA125462
,A,ACTIVE,BOWENJULIADAWN,JULIADAWNBOWEN,602EHAGGARDAVE,UNDESIGNATED,UN,UNDESIGNATED,UNA,UNAFFILIATED,20.0,5042012.0,,AA172551
,A,ACTIVE,BOWENMARGARETPHILLIPE,,4102CHEEKPOINTPL,BLACKorAFRICANAMERICAN,UN,UNDESIGNATED,UNA,UNAFFILIATED,,7012008.0,Age4165,AA156183
,A,ACTIVE,BOWENMARIAFRALLICCIARD,,630JOHNSONAVE,WHITE,NL,NOTHISPANICorNOTLATINO,REP,REPUBLICAN,70.0,10261968.0,AgeOver66,AA6015
,A,ACTIVE,BOWENMEGHANELIZABETH,,,WHITE,NL,NOTHISPANICorNOTLATINO,REP,REPUBLICAN,28.0,3122004.0,Age2640,AA133311
,A,ACTIVE,BOWENMICHELLEMARIE,,1926BASINCREEKRD,WHITE,NL,NOTHISPANICorNOTLATINO,UNA,UNAFFILIATED,26.0,3302010.0,Age2640,DL181053
,I,INACTIVE,BOWENPATRICKELLIS,PATRICKELLISBOWEN,223WILLOWBROOKCT,WHITE,UN,UNDESIGNATED,,,29.0,11022004.0,Age2640,AA141537
,A,ACTIVE,BOWENPAULHENREYSR,PAULHENREYBOWENSR,3865WESLEYCT,WHITE,NL,NOTHISPANICorNOTLATINO,REP,REPUBLICAN,94.0,7101997.0,AgeOver66,AA106733
,A,ACTIVE,BOWENROBERTEMORYJR,ROBERTEMORYBOWENJR,1266WESTBROOKAVE,WHITE,NL,NOTHISPANICorNOTLATINO,REP,REPUBLICAN,62.0,4242009.0,Age4165,EH158572
,A,ACTIVE,BOWENSARAHFRANCES,SARAHFRANCESBOWEN,100WESTDORM212,WHITE,NL,NOTHISPANICorNOTLATINO,UNA,UNAFFILIATED,20.0,,,AA178579
,A,ACTIVE,BOWENSHARODLAMONTE,SHARODLAMONTEBOWEN,2686SPRINGGARDENRD,TWOorMORERACES,UN,UNDESIGNATED,,,28.0,9262008.0,Age2640,DE214424
,A,ACTIVE,BOWENSUSANPATTERSON,SUSANPATTERSONBOWEN,1926BASINCREEKRD,WHITE,NL,NOTHISPANICorNOTLATINO,UNA,UNAFFILIATED,59.0,11181989.0,Age4165,AA70216
,A,ACTIVE,BOWENTARRIEANNE,TARRIEANNEBOWEN,4997THOMRD,WHITE,UN,UNDESIGNATED,,,,,Age4165,AA159412
,A,ACTIVE,BOWENTHOMASDANIELJR,THOMASDANIELBOWENJR,1926BASINCREEKRD,WHITE,NL,NOTHISPANICorNOTLATINO,UNA,UNAFFILIATED,63.0,11091989.0,Age4165,AA70208
,A,ACTIVE,BOWENTHOMASDANIELIII,THOMASDANIELBOWENIII,125TARLETONAVE,WHITE,NL,NOTHISPANICorNOTLATINO,DEM,,42.0,11261990.0,Age4165,AA76090
,A,ACTIVE,BOWENTRACYLEE,TRACYLEEBOWEN,2373EASTWOODLN,WHITE,NL,NOTHISPANICorNOTLATINO,DEM,,40.0,6201995.0,Age2640,AA94495
,D,DENIED,BOWENSDERRICK,DERRICKBOWENS,606SMEBANEST,BLACKorAFRICANAMERICAN,NL,NOTHISPANICorNOTLATINO,DEM,DEMOCRATIC,43.0,,Age4165,AA103474
,A,ACTIVE,BOWENSEUGENEJR,EUGENEJRBOWENS,908MORNINGSIDEDR,WHITE,NL,NOTHISPANICorNOTLATINO,DEM,DEMOCRATIC,81.0,10241964.0,AgeOver66,AA6019
,A,ACTIVE,BOWENSJUDYLYNN,JUDYLYNNBOWENS,6115PAGETOWNRD,WHITE,NL,NOTHISPANICorNOTLATINO,UNA,UNAFFILIATED,52.0,3311992.0,Age4165,AA80639
,A,ACTIVE,BOWENSPATTYCONNER,PATTYCONNERBOWENS,908MORNINGSIDEDR,WHITE,NL,NOTHISPANICorNOTLATINO,DEM,DEMOCRATIC,80.0,3111994.0,AgeOver66,AA89495
,A,ACTIVE,BOWENSRICKEYEUGENE,RICKEYEUGENEBOWENS,1675HIDDENRIVERTRL,WHITE,UN,UNDESIGNATED,UNA,UNAFFILIATED,57.0,10042012.0,Age4165,AA176425
,A,ACTIVE,BOWENSROBINLYNNMARIE,ROBINLYNNMARIEBOWENS,335ROSEMONTST,WHITE,UN,UNDESIGNATED,REP,REPUBLICAN,35.0,8171996.0,Age2640,AA101020
,A,ACTIVE,BOWENSRONALDKEITH,RONALDKEITHBOWENS,6115PAGETOWNRD,WHITE,UN,UNDESIGNATED,UNA,UNAFFILIATED,54.0,10062008.0,Age4165,AA159071
,A,ACTIVE,BOWENSWINSTONLOUISE,WINSTONLOUISEBOWENS,1675HIDDENRIVERTRL,WHITE,UN,UNDESIGNATED,UNA,UNAFFILIATED,68.0,10042012.0,AgeOver66,AA176426
,A,ACTIVE,BOWERAUDREYRANOUS,AUDREYRANOUSBOWER,3446JUSTAMERETRL,WHITE,NL,NOTHISPANICorNOTLATINO,REP,REPUBLICAN,77.0,1041996.0,AgeOver66,AA96817
,A,ACTIVE,BOWERDAVIDMARK,DAVIDMARKBOWER,2508QUAKERCREEKDR,WHITE,NL,NOTHISPANICorNOTLATINO,UNA,UNAFFILIATED,55.0,11022010.0,Age4165,AA167606
,A,ACTIVE,BOWERDEBRACHAMPION,DEBRACHAMPIONBOWER,415CEDARLN,WHITE,NL,NOTHISPANICorNOTLATINO,DEM,DEMOCRATIC,56.0,9141993.0,Age4165,AA88171
,A,ACTIVE,BOWERDONALDJOHN,DONALDJOHNBOWER,3446JUSTAMERETRL,WHITE,NL,NOTHISPANICorNOTLATINO,DEM,DEMOCRATIC,80.0,11141995.0,AgeOver66,AA96246
,I,INACTIVE,BOWERERICDWAYNE,ERICDWAYNEBOWER,4308PREACHERHOLMESRD,WHITE,NL,NOTHISPANICorNOTLATINO,DEM,DEMOCRATIC,33.0,2082000.0,Age2640,AA116823
,A,ACTIVE,BOWERERICACHRISTINE,ERICACHRISTINEBOWER,3508GARDENRDL6,WHITE,NL,NOTHISPANICorNOTLATINO,REP,REPUBLICAN,30.0,3262012.0,Age2640,BY473081
,A,ACTIVE,BOWERTHOMASPHILLIP,THOMASPHILLIPBOWER,415CEDARLN,WHITE,UN,UNDESIGNATED,DEM,DEMOCRATIC,56.0,9302008.0,Age4165,AA158212
,A,ACTIVE,BOWERYULIAVICTOROVNA,YULIAVICTOROVNABOWER,2508QUAKERCREEKDR,OTHER,NL,NOTHISPANICorNOTLATINO,REP,REPUBLICAN,35.0,4292011.0,Age2640,AA168460
,A,ACTIVE,BOWERSANTHONYTODD,ANTHONYTODDBOWERS,6123SOUTHWINDDR,WHITE,NL,NOTHISPANICorNOTLATINO,REP,REPUBLICAN,38.0,12182002.0,Age2640,AA128535
,A,ACTIVE,BOWERSCAROLYNJEAN,CAROLYNJEANBOWERS,2438MOUNTAINVIEWRD,WHITE,NL,NOTHISPANICorNOTLATINO,DEM,DEMOCRATIC,57.0,10011991.0,Age4165,AA78657
,A,ACTIVE,BOWERSCHERYLTUCKER,CHERYLTUCKERBOWERS,800APPLEST,WHITE,NL,NOTHISPANICorNOTLATINO,REP,REPUBLICAN,,5042006.0,Age4165,BH76396
,A,ACTIVE,BOWERSCHRISEVERETT,CHRISEVERETTBOWERS,908PATTONST,BLACKorAFRICANAMERICAN,NL,NOTHISPANICorNOTLATINO,DEM,DEMOCRATIC,30.0,9092004.0,Age2640,AA137338
,A,ACTIVE,BOWERSDAVIDMICHAEL,DAVIDMICHAELBOWERS,2438MOUNTAINVIEWRD,WHITE,NL,NOTHISPANICorNOTLATINO,REP,REPUBLICAN,59.0,7071994.0,Age4165,AA90433
,A,ACTIVE,BOWERSDONNAT,DONNATBOWERS,3630SWEPSONVILLESAXAPAHAWRD,WHITE,UN,UNDESIGNATED,REP,REPUBLICAN,,3141984.0,Age4165,
,R,REMOVED,BOWERSDOROTHYKIKER,DOROTHYKIKERBOWERS,711ORCHARDDR,WHITE,NL,NOTHISPANICorNOTLATINO,DEM,DEMOCRATIC,88.0,9071971.0,AgeOver66,AA6026
,A,ACTIVE,BOWERSEARLEGARLAND,EARLEGARLANDBOWERS,3068NEWLINRD,WHITE,NL,NOTHISPANICorNOTLATINO,REP,REPUBLICAN,66.0,10011974.0,AgeOver66,AA6027
,A,ACTIVE,BOWERSFAITHB,FAITHBBOWERS,2219DELANEYDR6212,WHITE,NL,NOTHISPANICorNOTLATINO,UNA,UNAFFILIATED,75.0,2192008.0,AgeOver66,AA152340
,R,REMOVED,BOWERSGORDONMATHEW,GORDONMATHEWBOWERS,224NICKSST,WHITE,NL,NOTHISPANICorNOTLATINO,DEM,DEMOCRATIC,91.0,10251952.0,AgeOver66,AA6029
,A,ACTIVE,BOWERSHELENNEWLIN,HELENNEWLINBOWERS,3068NEWLINRD,WHITE,NL,NOTHISPANICorNOTLATINO,REP,REPUBLICAN,60.0,10011974.0,Age4165,AA6030
,A,ACTIVE,BOWERSHILARYSHEETS,HILARYSHEETSBOWERS,,WHITE,NL,NOTHISPANICorNOTLATINO,UNA,UNAFFILIATED,25.0,7062012.0,,BH130808
,A,ACTIVE,BOWERSJACKIELYNN,JACKIELYNNBOWERS,4420PREACHERHOLMESRD,WHITE,NL,NOTHISPANICorNOTLATINO,REP,REPUBLICAN,54.0,10071978.0,Age4165,AA6031
,A,ACTIVE,BOWERSJAIMESTOUT,JAIMESTOUTBOWERS,3657UNIONRIDGERD,WHITE,NL,NOTHISPANICorNOTLATINO,UNA,UNAFFILIATED,31.0,6092011.0,Age2640,AA168694
,A,ACTIVE,BOWERSJANETE,JANETEBOWERS,,WHITE,NL,NOTHISPANICorNOTLATINO,REP,REPUBLICAN,59.0,8271993.0,Age4165,AA87896
,A,ACTIVE,BOWERSJASONMICHAEL,JASONMICHAELBOWERS,2438MOUNTAINVIEWRD,WHITE,UN,UNDESIGNATED,UNA,UNAFFILIATED,34.0,,Age2640,AA164054
,R,REMOVED,BOWERSJOHNWARRENSR,JOHNWARRENBOWERSSR,1007WOODYDR,WHITE,NL,NOTHISPANICorNOTLATINO,REP,REPUBLICAN,97.0,5171958.0,AgeOver66,AA6033
,A,ACTIVE,BOWERSJONATHANDAVID,JONATHANDAVIDBOWERS,318CLIMAXST,WHITE,NL,NOTHISPANICorNOTLATINO,REP,REPUBLICAN,33.0,4082004.0,Age2640,AA133700
,A,ACTIVE,BOWERSJUSTINCOLE,JUSTINCOLEBOWERS,2438MOUNTAINVIEWRD,WHITE,NL,NOTHISPANICorNOTLATINO,UNA,UNAFFILIATED,30.0,10052000.0,Age2640,AA120879
,A,ACTIVE,BOWERSKATHRYNLINDSAY,KATHRYNLINDSAYBOWERS,2902RAMBLEWOODDR,WHITE,NL,NOTHISPANICorNOTLATINO,REP,REPUBLICAN,24.0,3172006.0,,AA146118
,R,REMOVED,BOWERSKEVINALAN,KEVINALANBOWERS,800APPLEST,WHITE,NL,NOTHISPANICorNOTLATINO,REP,REPUBLICAN,51.0,5042006.0,Age4165,AA146394
,A,ACTIVE,BOWERSKIMBERLYDAWN,KIMBERLYDAWNBOWERS,648WOODHAVENDR,WHITE,NL,NOTHISPANICorNOTLATINO,UNA,UNAFFILIATED,,10081996.0,Age4165,AA103475
,A,ACTIVE,BOWERSKRISTENDENISE,KRISTENDENISEBOWERS,8320BETHELSOUTHFORKRD,WHITE,NL,NOTHISPANICorNOTLATINO,REP,REPUBLICAN,25.0,1082010.0,,AA165271
,A,ACTIVE,BOWERSLIZAKRISTAN,,2438MOUNTAINVIEWRD,WHITE,NL,NOTHISPANICorNOTLATINO,UNA,UNAFFILIATED,28.0,10282002.0,Age2640,AA128536
,A,ACTIVE,BOWERSMARTHALYNN,,3328ARDMOREST,WHITE,NL,NOTHISPANICorNOTLATINO,REP,REPUBLICAN,60.0,10281997.0,Age4165,AA108046
,A,ACTIVE,BOWERSMARTHAHARDEN,,2902RAMBLEWOODDR,WHITE,NL,NOTHISPANICorNOTLATINO,DEM,DEMOCRATIC,54.0,10011976.0,Age4165,AA19422
,A,ACTIVE,BOWERSMARVADEANE,,2680SMEBANEST219,BLACKorAFRICANAMERICAN,NL,NOTHISPANICorNOTLATINO,DEM,DEMOCRATIC,72.0,7092010.0,AgeOver66,AA166299
,A,ACTIVE,BOWERSMICHAELANTHONY,,8320BETHELSOUTHFORKRD,WHITE,NL,NOTHISPANICorNOTLATINO,REP,REPUBLICAN,26.0,12172010.0,Age2640,AA167820
,A,ACTIVE,BOWERSMICHAELJUNIOR,,309WATSONDR,WHITE,NL,NOTHISPANICorNOTLATINO,REP,REPUBLICAN,39.0,,Age2640,AA121348
,R,REMOVED,BOWERSORASMITH,ORASMITHBOWERS,224NICKSST,WHITE,NL,NOTHISPANICorNOTLATINO,DEM,DEMOCRATIC,85.0,10251952.0,AgeOver66,AA6035
,A,ACTIVE,BOWERSPHILIPMILTON,PHILIPMILTONBOWERS,3328ARDMOREST,WHITE,NL,NOTHISPANICorNOTLATINO,UNA,UNAFFILIATED,60.0,5091997.0,Age4165,AA106217
,I,INACTIVE,BOWERSRHONDALEONARD,RHONDALEONARDBOWERS,306STRATFORDDR,WHITE,NL,NOTHISPANICorNOTLATINO,UNA,UNAFFILIATED,53.0,10022001.0,Age4165,AA124585
,I,INACTIVE,BOWERSRHONDAGRAVES,RHONDAGRAVESBOWERS,6840STOCKARDRD17,WHITE,NL,NOTHISPANICorNOTLATINO,DEM,DEMOCRATIC,53.0,2042005.0,Age4165,AA142842
,A,ACTIVE,BOWERSROBERTKEVIN,ROBERTKEVINBOWERS,2902RAMBLEWOODDR,WHITE,NL,NOTHISPANICorNOTLATINO,DEM,DEMOCRATIC,52.0,9221980.0,Age4165,AA6037
,A,ACTIVE,BOWERSROBINIRENE,ROBINIRENEBOWERS,6123SOUTHWINDDR,WHITE,NL,NOTHISPANICorNOTLATINO,UNA,UNAFFILIATED,44.0,4062001.0,Age4165,AA123321
,A,ACTIVE,BOWERSROGERLEE,ROGERLEEBOWERS,,WHITE,NL,NOTHISPANICorNOTLATINO,REP,REPUBLICAN,62.0,1102002.0,Age4165,AA125214
,A,ACTIVE,BOWERSROGERLEEJR,ROGERLEEBOWERSJR,2440MILLBROOKDR,WHITE,NL,NOTHISPANICorNOTLATINO,REP,REPUBLICAN,43.0,8051996.0,Age4165,AA100750
,R,REMOVED,BOWERSRUTHMASUHR,RUTHMASUHRBOWERS,1511ZWINGLICT,WHITE,NL,NOTHISPANICorNOTLATINO,REP,REPUBLICAN,88.0,1281999.0,AgeOver66,AA113165
,A,ACTIVE,BOWERSSHAKIRAYVETTE,SHAKIRAYVETTEBOWERS,908PATTONST,BLACKorAFRICANAMERICAN,NL,NOTHISPANICorNOTLATINO,DEM,DEMOCRATIC,30.0,,Age2640,AA140325
,A,ACTIVE,BOWERSSIDNEYMICHAEL,SIDNEYMICHAELBOWERS,1559WDAVISST,WHITE,NL,NOTHISPANICorNOTLATINO,REP,REPUBLICAN,39.0,4081998.0,Age2640,AA109852
,A,ACTIVE,BOWERSSTEVENDWAYNE,STEVENDWAYNEBOWERS,508SMITHST,BLACKorAFRICANAMERICAN,NL,NOTHISPANICorNOTLATINO,DEM,DEMOCRATIC,33.0,1292003.0,Age2640,AA129349
,A,ACTIVE,BOWERSTAMARAALLEN,TAMARAALLENBOWERS,2440MILLBROOKDR,WHITE,NL,NOTHISPANICorNOTLATINO,REP,REPUBLICAN,43.0,11081996.0,Age4165,AA104718
,I,INACTIVE,BOWERSVICKIEMITCHELL,VICKIEMITCHELLBOWERS,2425BOYWOODRD,WHITE,NL,NOTHISPANICorNOTLATINO,DEM,DEMOCRATIC,63.0,10041976.0,Age4165,AA25420
,A,ACTIVE,BOWERSWILLIAMBLAKE,WILLIAMBLAKEBOWERS,367WHEELEYLN,WHITE,NL,NOTHISPANICorNOTLATINO,REP,REPUBLICAN,57.0,7242000.0,Age4165,AA118810
,A,ACTIVE,BOWERSOCKBRIANCHRISTOPHER,BRIANCHRISTOPHERBOWERSOCK,,UNDESIGNATED,NL,NOTHISPANICorNOTLATINO,DEM,DEMOCRATIC,18.0,,,AA177937
,A,ACTIVE,BOWERYDEBORAHHAYES,DEBORAHHAYESBOWERY,1915SOMERSAVE,WHITE,NL,NOTHISPANICorNOTLATINO,REP,REPUBLICAN,56.0,,Age4165,AA67577
,A,ACTIVE,BOWERYROBERTWAYNE,ROBERTWAYNEBOWERY,1915SOMERSAVE,WHITE,NL,NOTHISPANICorNOTLATINO,REP,REPUBLICAN,62.0,10031980.0,Age4165,AA6039
,A,ACTIVE,BOWESALBERTHASSENJR,ALBERTHASSENBOWESJR,878ATWATERRD,WHITE,NL,NOTHISPANICorNOTLATINO,UNA,UNAFFILIATED,71.0,4051995.0,AgeOver66,AA93596
,R,REMOVED,BOWESALVESTCASSEN,ALVESTCASSENBOWES,,WHITE,NL,NOTHISPANICorNOTLATINO,DEM,DEMOCRATIC,95.0,5101952.0,AgeOver66,AA6040
,A,ACTIVE,BOWESAMYREBECCA,AMYREBECCABOWES,1704LOWERHOPEDALERD,WHITE,NL,NOTHISPANICorNOTLATINO,DEM,DEMOCRATIC,32.0,11031998.0,Age2640,AA112404
,A,ACTIVE,BOWESANTONYJEROME,ANTONYJEROMEBOWES,2527GREENVALLEYBLVD,BLACKorAFRICANAMERICAN,NL,NOTHISPANICorNOTLATINO,DEM,DEMOCRATIC,30.0,4112008.0,Age2640,AA154067
,A,ACTIVE,BOWESBETTYBROWN,BETTYBROWNBOWES,3416PORTERSHARPERD1,WHITE,NL,NOTHISPANICorNOTLATINO,REP,REPUBLICAN,68.0,,AgeOver66,AA164922
,A,ACTIVE,BOWESBOBBYLARRY,BOBBYLARRYBOWES,2535GREENVALLEYBLVD,BLACKorAFRICANAMERICAN,NL,NOTHISPANICorNOTLATINO,DEM,DEMOCRATIC,69.0,,AgeOver66,AA161422
,A,ACTIVE,BOWESBRIDGET,BRIDGETBOWES,2616TOBACCORDA,WHITE,UN,UNDESIGNATED,REP,REPUBLICAN,28.0,8172004.0,Age2640,AA135187
,A,ACTIVE,BOWESCHRISTOPHERDAVID,CHRISTOPHERDAVIDBOWES,5449SNOWCAMPRD,WHITE,UN,UNDESIGNATED,UNA,UNAFFILIATED,28.0,11022012.0,Age2640,AA178728
,A,ACTIVE,BOWESDANACRAIG,DANACRAIGBOWES,2932GWYNRD,WHITE,NL,NOTHISPANICorNOTLATINO,REP,REPUBLICAN,,11051996.0,Age4165,AA104282
,A,ACTIVE,BOWESDAVIDMICHAEL,DAVIDMICHAELBOWES,1318BERKSHIRERD,WHITE,NL,NOTHISPANICorNOTLATINO,REP,REPUBLICAN,66.0,5281974.0,AgeOver66,AA6042
,A,ACTIVE,BOWESDEWAYNELYSTER,DEWAYNELYSTERBOWES,2527GREENVALLEYBLVD,BLACKorAFRICANAMERICAN,UN,UNDESIGNATED,DEM,DEMOCRATIC,67.0,,AgeOver66,AA159169
,I,INACTIVE,BOWESDIANEBLACKSTOCK,DIANEBLACKSTOCKBOWES,1417PIEDMONTWAY,WHITE,NL,NOTHISPANICorNOTLATINO,UNA,UNAFFILIATED,53.0,4091999.0,Age4165,AA113905
,I,INACTIVE,BOWESDONALDLEE,DONALDLEEBOWES,2718BERKLEYRD,WHITE,NL,NOTHISPANICorNOTLATINO,UNA,UNAFFILIATED,,12061995.0,Age4165,AA96818
,A,ACTIVE,BOWESDORISPOTEAT,DORISPOTEATBOWES,2527GREENVALLEYBLVD,BLACKorAFRICANAMERICAN,NL,NOTHISPANICorNOTLATINO,DEM,DEMOCRATIC,66.0,8221980.0,AgeOver66,AA6044
,A,ACTIVE,BOWESDOUGLASDWAYNE,DOUGLASDWAYNEBOWES,2020TRYONST,WHITE,NL,NOTHISPANICorNOTLATINO,REP,REPUBLICAN,,10242000.0,Age4165,AA122045
,A,ACTIVE,BOWESELGIEHOWARDII,ELGIEHOWARDBOWESII,2142STONESTEXT,UNDESIGNATED,UN,UNDESIGNATED,UNA,UNAFFILIATED,,11142003.0,Age4165,AA131867
,A,ACTIVE,BOWESGLORIARENEE,GLORIARENEEBOWES,2020TRYONST,WHITE,NL,NOTHISPANICorNOTLATINO,DEM,DEMOCRATIC,,,Age4165,AA76061
,A,ACTIVE,BOWESHAZELWILLIAMS,HAZELWILLIAMSBOWES,1800SHARPERDA,WHITE,NL,NOTHISPANICorNOTLATINO,REP,REPUBLICAN,66.0,10081984.0,AgeOver66,AA57818
,A,ACTIVE,BOWESHEATHERFLINT,HEATHERFLINTBOWES,617TRAILEIGHT,WHITE,NL,NOTHISPANICorNOTLATINO,DEM,DEMOCRATIC,43.0,7141999.0,Age4165,AA115030
,A,ACTIVE,BOWESJAMESHURLEYJR,JAMESHURLEYBOWESJR,1940DIXONSWIMMINGPOOLRD,WHITE,NL,NOTHISPANICorNOTLATINO,DEM,DEMOCRATIC,53.0,1051999.0,Age4165,AA113154
,A,ACTIVE,BOWESJAMESALAN,JAMESALANBOWES,,WHITE,NL,NOTHISPANICorNOTLATINO,UNA,UNAFFILIATED,26.0,9252012.0,Age2640,AA174985
,A,ACTIVE,BOWESJEANSOLOMON,JEANSOLOMONBOWES,3736DOELN,WHITE,NL,NOTHISPANICorNOTLATINO,DEM,DEMOCRATIC,59.0,5261995.0,Age4165,AA94108
,A,ACTIVE,BOWESJEANLUCAS,JEANLUCASBOWES,2616TOBACCORD,WHITE,NL,NOTHISPANICorNOTLATINO,DEM,DEMOCRATIC,65.0,1301990.0,Age4165,AA70556
,A,ACTIVE,BOWESJENNIFERMOGG,JENNIFERMOGGBOWES,1835BROADWAYDR,WHITE,NL,NOTHISPANICorNOTLATINO,REP,REPUBLICAN,33.0,10042004.0,Age2640,AA139741
,A,ACTIVE,BOWESJIMMYLEE,JIMMYLEEBOWES,2424DRYCREEKLN35,WHITE,NL,NOTHISPANICorNOTLATINO,UNA,UNAFFILIATED,69.0,12111992.0,AgeOver66,AA85995
,A,ACTIVE,BOWESJOHNATHANWADE,JOHNATHANWADEBOWES,517SHORTST,WHITE,NL,NOTHISPANICorNOTLATINO,REP,REPUBLICAN,,3051984.0,Age4165,
,A,ACTIVE,BOWESJOSHUALEE,JOSHUALEEBOWES,3862NNCHWY119,WHITE,UN,UNDESIGNATED,REP,REPUBLICAN,25.0,4112008.0,,AA154348
,A,ACTIVE,BOWESJUDYB,JUDYBBOWES,824PORTERFIELDRD,WHITE,UN,UNDESIGNATED,UNA,UNAFFILIATED,65.0,9301976.0,Age4165,AA6048
,I,INACTIVE,BOWESJUDYSMITHEY,JUDYSMITHEYBOWES,,WHITE,NL,NOTHISPANICorNOTLATINO,DEM,DEMOCRATIC,67.0,,AgeOver66,AA108047
,A,ACTIVE,BOWESKATHERINETHOMPSON,KATHERINETHOMPSONBOWES,1404TERRYWOODRD205,WHITE,UN,UNDESIGNATED,REP,REPUBLICAN,72.0,8122002.0,AgeOver66,AA127258
,A,ACTIVE,BOWESLINDAMARIE,LINDAMARIEBOWES,2620DICKEYMILLRD,WHITE,NL,NOTHISPANICorNOTLATINO,REP,REPUBLICAN,64.0,9221984.0,Age4165,
,A,ACTIVE,BOWESLISASCOTT,,1318BERKSHIRERD,WHITE,NL,NOTHISPANICorNOTLATINO,REP,REPUBLICAN,58.0,1141972.0,Age4165,AA19785
,A,ACTIVE,BOWESMAJORHARLEY,,137GEORGETOWNEDR,WHITE,NL,NOTHISPANICorNOTLATINO,DEM,DEMOCRATIC,76.0,5141960.0,AgeOver66,AA6051
,A,ACTIVE,BOWESMARTHATHOMPSON,,878ATWATERRD,WHITE,NL,NOTHISPANICorNOTLATINO,REP,REPUBLICAN,69.0,5061997.0,AgeOver66,AA106061
,A,ACTIVE,BOWESMARYSMITH,,137GEORGETOWNEDR,WHITE,NL,NOTHISPANICorNOTLATINO,UNA,UNAFFILIATED,73.0,,AgeOver66,AA58680
,A,ACTIVE,BOWESMARYELIZABETH,,617TROLLINGERST,WHITE,NL,NOTHISPANICorNOTLATINO,REP,REPUBLICAN,29.0,4022008.0,Age2640,AA153235
,A,ACTIVE,BOWESMATTHEWWILLIAM,,2616ATOBACCORD,WHITE,NL,NOTHISPANICorNOTLATINO,REP,REPUBLICAN,29.0,11022004.0,Age2640,AA141539
,A,ACTIVE,BOWESMICHAELEGANN,,2932GWYNRD,WHITE,NL,NOTHISPANICorNOTLATINO,REP,REPUBLICAN,44.0,11281995.0,Age4165,AA96702
,A,ACTIVE,BOWESNITAFUQUA,NITAFUQUABOWES,611WWHITSETTST1A,WHITE,UN,UNDESIGNATED,DEM,DEMOCRATIC,86.0,10071978.0,AgeOver66,AA6053
,A,ACTIVE,BOWESPAULWAYNE,PAULWAYNEBOWES,3736DOELN,WHITE,NL,NOTHISPANICorNOTLATINO,UNA,UNAFFILIATED,31.0,10272008.0,Age2640,AA161834
,I,INACTIVE,BOWESRICHARDTHOMASIII,RICHARDTHOMASBOWESIII,1417PIEDMONTWAY,WHITE,NL,NOTHISPANICorNOTLATINO,REP,REPUBLICAN,32.0,8042000.0,Age2640,AA118811
,A,ACTIVE,BOWESRICHARDTHOMASJR,RICHARDTHOMASBOWESJR,4024CEDARHILLDR16,WHITE,UN,UNDESIGNATED,UNA,UNAFFILIATED,54.0,4121994.0,Age4165,AA89874
,A,ACTIVE,BOWESRONNIEDALE,RONNIEDALEBOWES,2349STONESTEXT,WHITE,NL,NOTHISPANICorNOTLATINO,UNA,UNAFFILIATED,53.0,11201992.0,Age4165,AA85753
,A,ACTIVE,BOWESSANDRADANIELS,SANDRADANIELSBOWES,517SHORTST,WHITE,NL,NOTHISPANICorNOTLATINO,REP,REPUBLICAN,,4291996.0,Age4165,AA99308
,I,INACTIVE,BOWESSTEVENRAY,STEVENRAYBOWES,,WHITE,NL,NOTHISPANICorNOTLATINO,DEM,DEMOCRATIC,38.0,9281992.0,Age2640,AA84066
,A,ACTIVE,BOWESSUSANDUNLAP,SUSANDUNLAPBOWES,726IVEYRDA,WHITE,NL,NOTHISPANICorNOTLATINO,REP,REPUBLICAN,,7291994.0,Age4165,AA90686
,I,INACTIVE,BOWESSUSANRASCOE,SUSANRASCOEBOWES,3310OSCEOLARD5,WHITE,NL,NOTHISPANICorNOTLATINO,REP,REPUBLICAN,,11051996.0,Age4165,AA104281
,A,ACTIVE,BOWESTHERESADAWN,THERESADAWNBOWES,878ATWATERRD,WHITE,NL,NOTHISPANICorNOTLATINO,REP,REPUBLICAN,43.0,2021990.0,Age4165,AA70557
,A,ACTIVE,BOWESTRACYBLANCHARD,TRACYBLANCHARDBOWES,1940DIXONSWIMMINGPOOLRD,WHITE,NL,NOTHISPANICorNOTLATINO,REP,REPUBLICAN,44.0,3061992.0,Age4165,AA80069
,A,ACTIVE,BOWESTRACYMANUEL,TRACYMANUELBOWES,5449SNOWCAMPRD,WHITE,NL,NOTHISPANICorNOTLATINO,UNA,UNAFFILIATED,32.0,12011999.0,Age2640,AA116404
,A,ACTIVE,BOWESWALTERGREGORY,WALTERGREGORYBOWES,617TRAILEIGHT,WHITE,UN,UNDESIGNATED,UNA,UNAFFILIATED,37.0,9022004.0,Age2640,AA136966
,A,ACTIVE,BOWESWILLIAMTEX,WILLIAMTEXBOWES,2616TOBACCORD,WHITE,NL,NOTHISPANICorNOTLATINO,REP,REPUBLICAN,71.0,3111997.0,AgeOver66,AA105735
,D,DENIED,BOWIEMELISSAMARIE,,100CAMPUSDR,WHITE,NL,NOTHISPANICorNOTLATINO,UNA,UNAFFILIATED,28.0,6192009.0,Age2640,AA164199
,A,ACTIVE,BOWLANDANITAGALE,ANITAGALEBOWLAND,,WHITE,NL,NOTHISPANICorNOTLATINO,DEM,DEMOCRATIC,44.0,11081988.0,Age4165,AA68899
,A,ACTIVE,BOWLANDARCHIEKEITH,ARCHIEKEITHBOWLAND,1417JEFFRIESCROSSRD,WHITE,NL,NOTHISPANICorNOTLATINO,REP,REPUBLICAN,57.0,4091979.0,Age4165,AA6059
,A,ACTIVE,BOWLANDBARBARAMANGUM,BARBARAMANGUMBOWLAND,238BRYANST,WHITE,NL,NOTHISPANICorNOTLATINO,DEM,DEMOCRATIC,83.0,5071960.0,AgeOver66,AA6060
,A,ACTIVE,BOWLANDBLAIRJUSTIN,BLAIRJUSTINBOWLAND,321COACHLIGHTTRL,WHITE,NL,NOTHISPANICorNOTLATINO,DEM,DEMOCRATIC,28.0,1082003.0,Age2640,AA129166
,I,INACTIVE,BOWLANDBOBBIEJEAN,BOBBIEJEANBOWLAND,419GRAHAMRD,WHITE,NL,NOTHISPANICorNOTLATINO,DEM,DEMOCRATIC,43.0,,Age4165,AA68102
,A,ACTIVE,BOWLANDDANNYRYAN,DANNYRYANBOWLAND,2239ROCKLANEDR,WHITE,NL,NOTHISPANICorNOTLATINO,DEM,DEMOCRATIC,62.0,1171972.0,Age4165,AA6061
,A,ACTIVE,BOWLANDDONAPARKER,DONAPARKERBOWLAND,2239ROCKLANEDR,WHITE,NL,NOTHISPANICorNOTLATINO,DEM,DEMOCRATIC,62.0,,Age4165,AA68820
,R,REMOVED,BOWLANDEDWINTURNERSR,EDWINTURNERBOWLANDSR,5951NNCHWY62,WHITE,NL,NOTHISPANICorNOTLATINO,DEM,DEMOCRATIC,94.0,10261940.0,AgeOver66,AA6062
,A,ACTIVE,BOWLANDGERTRUDEFAUCETTE,GERTRUDEFAUCETTEBOWLAND,1724JEFFRIESCROSSRD,WHITE,NL,NOTHISPANICorNOTLATINO,DEM,DEMOCRATIC,94.0,2211948.0,AgeOver66,AA6064
,A,ACTIVE,BOWLANDHEATHERSTUBER,HEATHERSTUBERBOWLAND,7519COBLEMILLRD,WHITE,NL,NOTHISPANICorNOTLATINO,UNA,UNAFFILIATED,29.0,2042004.0,Age2640,AA132768
,A,ACTIVE,BOWLANDJAMESERVINJR,JAMESERVINBOWLANDJR,321COACHLIGHTTRL,WHITE,NL,NOTHISPANICorNOTLATINO,UNA,UNAFFILIATED,64.0,,Age4165,AA128281
,A,ACTIVE,BOWLANDJANEROBBINS,JANEROBBINSBOWLAND,6550BJIMPICKETTRD,WHITE,NL,NOTHISPANICorNOTLATINO,DEM,DEMOCRATIC,66.0,4191968.0,AgeOver66,
,A,ACTIVE,BOWLANDJANICESHOFFNER,JANICESHOFFNERBOWLAND,321COACHLIGHTTRL,WHITE,NL,NOTHISPANICorNOTLATINO,DEM,DEMOCRATIC,61.0,,Age4165,AA6067
,A,ACTIVE,BOWLANDJEFFREYMANGUM,JEFFREYMANGUMBOWLAND,238BRYANST,WHITE,NL,NOTHISPANICorNOTLATINO,DEM,DEMOCRATIC,53.0,3101984.0,Age4165,
,R,REMOVED,BOWLANDJOHNROBERT,JOHNROBERTBOWLAND,908PLAIDST,WHITE,NL,NOTHISPANICorNOTLATINO,DEM,DEMOCRATIC,99.0,2151979.0,AgeOver66,AA6068
,A,ACTIVE,BOWLANDLILLIANRASCOE,LILLIANRASCOEBOWLAND,403ALAMANCERD,WHITE,NL,NOTHISPANICorNOTLATINO,DEM,DEMOCRATIC,91.0,5071960.0,AgeOver66,AA6071
,R,REMOVED,BOWLANDLINDAMCPHERSON,LINDAMCPHERSONBOWLAND,4643ANDREALN,WHITE,NL,NOTHISPANICorNOTLATINO,DEM,DEMOCRATIC,67.0,10271966.0,AgeOver66,AA6072
,R,REMOVED,BOWLANDLONBANKS,,238BRYANST,WHITE,NL,NOTHISPANICorNOTLATINO,DEM,DEMOCRATIC,85.0,5141960.0,AgeOver66,AA6070
,A,ACTIVE,BOWLANDLONBANKSJR,,506DOGGETTDR,WHITE,NL,NOTHISPANICorNOTLATINO,DEM,DEMOCRATIC,57.0,5022008.0,Age4165,AA154715
,A,ACTIVE,BOWLANDMAVISSHARPE,,3122ALAMANCERD,WHITE,NL,NOTHISPANICorNOTLATINO,DEM,DEMOCRATIC,91.0,5141960.0,AgeOver66,AA6077
,R,REMOVED,BOWLANDNETTIEHODGES,NETTIEHODGESBOWLAND,5951NNCHWY62,WHITE,NL,NOTHISPANICorNOTLATINO,DEM,DEMOCRATIC,90.0,2021948.0,AgeOver66,AA6078
,A,ACTIVE,BOWLANDRANDYMALLOY,RANDYMALLOYBOWLAND,5951NNCHWY62,WHITE,NL,NOTHISPANICorNOTLATINO,DEM,DEMOCRATIC,60.0,1081972.0,Age4165,AA6080
,A,ACTIVE,BOWLANDRYANMCPHERSON,RYANMCPHERSONBOWLAND,7519COBLEMILLRD,WHITE,NL,NOTHISPANICorNOTLATINO,UNA,UNAFFILIATED,32.0,3131998.0,Age2640,AA109588
,A,ACTIVE,BOWLANDTAMARAALLEN,TAMARAALLENBOWLAND,1417JEFFRIESCROSSRD,WHITE,NL,NOTHISPANICorNOTLATINO,REP,REPUBLICAN,55.0,10081984.0,Age4165,
,R,REMOVED,BOWLANDVIRGINIASELLARS,VIRGINIASELLARSBOWLAND,3747NNCHWY119,WHITE,UN,UNDESIGNATED,REP,REPUBLICAN,95.0,5091946.0,AgeOver66,AA6083
,A,ACTIVE,BOWLANDWESLEYEUGENE,WESLEYEUGENEBOWLAND,3705NNCHWY119,WHITE,NL,NOTHISPANICorNOTLATINO,DEM,DEMOCRATIC,68.0,,AgeOver66,AA6084
,A,ACTIVE,BOWLERJEANABBITT,JEANABBITTBOWLER,2839MCKINNEYST,WHITE,NL,NOTHISPANICorNOTLATINO,DEM,DEMOCRATIC,79.0,,AgeOver66,AA6088
,A,ACTIVE,BOWLERKATHERINELOWERY,KATHERINELOWERYBOWLER,,WHITE,NL,NOTHISPANICorNOTLATINO,DEM,DEMOCRATIC,64.0,1081979.0,Age4165,AA6089
,A,ACTIVE,BOWLEROLLIECOLEMANJR,OLLIECOLEMANBOWLERJR,,WHITE,NL,NOTHISPANICorNOTLATINO,REP,REPUBLICAN,56.0,4081980.0,Age4165,AA6091
,I,INACTIVE,BOWLESALVINHOYT,ALVINHOYTBOWLES,,WHITE,NL,NOTHISPANICorNOTLATINO,REP,REPUBLICAN,92.0,2021976.0,AgeOver66,AA6092
,A,ACTIVE,BOWLESASHLEYANN,ASHLEYANNBOWLES,1314KEOGHST,WHITE,NL,NOTHISPANICorNOTLATINO,UNA,UNAFFILIATED,25.0,8172006.0,,AA147315
,A,ACTIVE,BOWLESBRITTNEYDAWN,BRITTNEYDAWNBOWLES,524NMELVILLEST,WHITE,NL,NOTHISPANICorNOTLATINO,UNA,UNAFFILIATED,24.0,6062006.0,,AA146667
,A,ACTIVE,BOWLESDAVIDCLAY,DAVIDCLAYBOWLES,4854SWEPSONVILLESAXAPAHAWRD,WHITE,UN,UNDESIGNATED,UNA,UNAFFILIATED,26.0,1202004.0,Age2640,AA132780
,A,ACTIVE,BOWLESDAVIDEDWARD,DAVIDEDWARDBOWLES,4074CLEBURNECT,WHITE,NL,NOTHISPANICorNOTLATINO,UNA,UNAFFILIATED,,9202007.0,Age4165,DX47876
,A,ACTIVE,BOWLESLAURAEILEEN,LAURAEILEENBOWLES,4074CLEBURNECT,WHITE,NL,NOTHISPANICorNOTLATINO,UNA,UNAFFILIATED,,9202007.0,Age4165,AA150739
,I,INACTIVE,BOWLESSARAHPITTS,SARAHPITTSBOWLES,,WHITE,NL,NOTHISPANICorNOTLATINO,REP,REPUBLICAN,90.0,11051996.0,AgeOver66,AA104252
,A,ACTIVE,BOWLINCOTYLANE,COTYLANEBOWLIN,2130CAROLINARD,WHITE,NL,NOTHISPANICorNOTLATINO,REP,REPUBLICAN,18.0,3092012.0,,AA170680
,A,ACTIVE,BOWLINDANALONG,DANALONGBOWLIN,2130CAROLINARD,WHITE,NL,NOTHISPANICorNOTLATINO,REP,REPUBLICAN,42.0,,Age4165,AA121808
,A,ACTIVE,BOWLINDONALDRAYJR,DONALDRAYBOWLINJR,2130CAROLINARD,WHITE,NL,NOTHISPANICorNOTLATINO,REP,REPUBLICAN,43.0,2031988.0,Age4165,AA63433
,A,ACTIVE,BOWLINGBOBVEST,BOBVESTBOWLING,4502SOUTHMEADOWCT,WHITE,NL,NOTHISPANICorNOTLATINO,UNA,UNAFFILIATED,44.0,12132002.0,Age4165,AA128538
,A,ACTIVE,BOWLINGDEANAGAULDIN,DEANAGAULDINBOWLING,4502SOUTHMEADOWCT,WHITE,NL,NOTHISPANICorNOTLATINO,UNA,UNAFFILIATED,50.0,4302007.0,Age4165,AA149484
,A,ACTIVE,BOWLINGDEBORAHSTEWART,DEBORAHSTEWARTBOWLING,2927OCHERST,WHITE,UN,UNDESIGNATED,DEM,DEMOCRATIC,55.0,4102008.0,Age4165,AA154349
,A,ACTIVE,BOWLINGDORISMCLAMB,DORISMCLAMBBOWLING,,WHITE,UN,UNDESIGNATED,REP,REPUBLICAN,57.0,8161996.0,Age4165,AA101022
,A,ACTIVE,BOWLINGERICFRANKLIN,ERICFRANKLINBOWLING,302STRATFORDDR,WHITE,UN,UNDESIGNATED,REP,REPUBLICAN,,3122012.0,Age4165,AA171522
,A,ACTIVE,BOWLINGGAILERUSSELL,GAILERUSSELLBOWLING,203FORESTVIEWDR,WHITE,NL,NOTHISPANICorNOTLATINO,REP,REPUBLICAN,60.0,9181984.0,Age4165,
,A,ACTIVE,BOWLINGHAROLDDEAN,HAROLDDEANBOWLING,1438FLORAAVE,WHITE,NL,NOTHISPANICorNOTLATINO,DEM,DEMOCRATIC,68.0,4201968.0,AgeOver66,AA6102
,A,ACTIVE,BOWLINGJAMESLAWRENCE,JAMESLAWRENCEBOWLING,203FORESTVIEWDR,WHITE,NL,NOTHISPANICorNOTLATINO,REP,REPUBLICAN,64.0,3301984.0,Age4165,
,A,ACTIVE,BOWLINGJAMESRUSSELL,JAMESRUSSELLBOWLING,203FORESTVIEWDR,INDIANAMERICANorALASKANATIVE,NL,NOTHISPANICorNOTLATINO,REP,REPUBLICAN,34.0,,Age2640,AA103866
,R,REMOVED,BOWLINGJAMESLEE,JAMESLEEBOWLING,,WHITE,NL,NOTHISPANICorNOTLATINO,DEM,DEMOCRATIC,85.0,,AgeOver66,AA6103
,R,REMOVED,BOWLINGJIMMIEWILLIAMS,JIMMIEWILLIAMSBOWLING,514OAKGROVEDR,WHITE,NL,NOTHISPANICorNOTLATINO,REP,REPUBLICAN,67.0,4121996.0,AgeOver66,AA99007
,R,REMOVED,BOWLINGJOSHUAWILLIAMS,JOSHUAWILLIAMSBOWLING,321WWHITSETTSTF,WHITE,NL,NOTHISPANICorNOTLATINO,REP,REPUBLICAN,23.0,9192007.0,,AA150667
,A,ACTIVE,BOWLINGKATELYNJOI,KATELYNJOIBOWLING,203FORESTVIEWDR,WHITE,NL,NOTHISPANICorNOTLATINO,REP,REPUBLICAN,22.0,4072008.0,,AA153741
,A,ACTIVE,BOWLINGKEVINLUKE,KEVINLUKEBOWLING,1339COMMONWEALTHCT,WHITE,NL,NOTHISPANICorNOTLATINO,REP,REPUBLICAN,36.0,11082004.0,Age2640,AA142077
,R,REMOVED,BOWLINGLARRYDEAN,LARRYDEANBOWLING,5670RUMLEYRD,WHITE,NL,NOTHISPANICorNOTLATINO,DEM,DEMOCRATIC,62.0,10021984.0,Age4165,
ALAMANCE,R,REMOVED,BOWLINGLEWISLAWSONJR,LEWISLAWSONBOWLINGJR,306SUNSETDR,WHITE,NL,NOTHISPANICorNOTLATINO,DEM,DEMOCRATIC,87.0,4111996.0,AgeOver66,AA99008
,D,DENIED,BOWLINGLOISWEAKLEY,,718NNINTHST,WHITE,NL,NOTHISPANICorNOTLATINO,DEM,DEMOCRATIC,76.0,6112008.0,AgeOver66,AA154985
,D,DENIED,BOWLINGLOISANNEWEAKLEY,,718NNINTHST,WHITE,UN,UNDESIGNATED,DEM,DEMOCRATIC,76.0,9152008.0,AgeOver66,AA156713
,A,ACTIVE,BOWLINGMARTHAANDERSON,,5716RUMLEYRD,WHITE,NL,NOTHISPANICorNOTLATINO,DEM,DEMOCRATIC,62.0,9101984.0,Age4165,
,R,REMOVED,BOWLINGMICHAELTRAVIS,,203FORESTVIEWDR,WHITE,NL,NOTHISPANICorNOTLATINO,REP,REPUBLICAN,31.0,9252000.0,Age2640,AA120202
,I,INACTIVE,BOWLINGMICHELLEELAINE,,1760HANFORDHILLSRD,WHITE,NL,NOTHISPANICorNOTLATINO,DEM,DEMOCRATIC,43.0,,Age4165,AA141304
,A,ACTIVE,BOWLINGNANCYW,NANCYWBOWLING,3027MAPLEAVEJ3,WHITE,NL,NOTHISPANICorNOTLATINO,REP,REPUBLICAN,80.0,10292010.0,AgeOver66,AA167358
,R,REMOVED,BOWLINGPAULMELVIN,PAULMELVINBOWLING,217SGURNEYST,WHITE,NL,NOTHISPANICorNOTLATINO,DEM,DEMOCRATIC,89.0,5141960.0,AgeOver66,AA6107
ALAMANCE,A,ACTIVE,BOWLINGREBECCASMITH,REBECCASMITHBOWLING,2471MEADOWCREEKLN,WHITE,NL,NOTHISPANICorNOTLATINO,REP,REPUBLICAN,61.0,10071972.0,Age4165,
ALAMANCE,A,ACTIVE,BOWLINGRHONDAQUAKENBUSH,RHONDAQUAKENBUSHBOWLING,3815LONGMEADOWDR,WHITE,NL,NOTHISPANICorNOTLATINO,DEM,DEMOCRATIC,,6212005.0,Age4165,AA144086
ALAMANCE,A,ACTIVE,BOWLINGROBERTJAMES,ROBERTJAMESBOWLING,3815LONGMEADOWDR,WHITE,NL,NOTHISPANICorNOTLATINO,DEM,DEMOCRATIC,,4112008.0,Age4165,DE53728
ALAMANCE,A,ACTIVE,BOWLINGROBERTNEAL,ROBERTNEALBOWLING,2471MEADOWCREEKLN,WHITE,NL,NOTHISPANICorNOTLATINO,DEM,DEMOCRATIC,70.0,3191984.0,AgeOver66,
ALAMANCE,R,REMOVED,BOWLINGSEADONIAWOODS,SEADONIAWOODSBOWLING,3552WESTMEADOWLN,WHITE,NL,NOTHISPANICorNOTLATINO,REP,REPUBLICAN,63.0,11021995.0,Age4165,AA96253
ALAMANCE,A,ACTIVE,BOWLINGVIRGINIACOOK,VIRGINIACOOKBOWLING,1438FLORAAVE,WHITE,NL,NOTHISPANICorNOTLATINO,DEM,DEMOCRATIC,65.0,4201968.0,Age4165,AA6109
ALAMANCE,A,ACTIVE,BOWMANADAMJAY,ADAMJAYBOWMAN,719BROADST,WHITE,NL,NOTHISPANICorNOTLATINO,REP,REPUBLICAN,27.0,,Age2640,AA159585
ALAMANCE,A,ACTIVE,BOWMANALTONROGER,ALTONROGERBOWMAN,4244SNCHWY49,WHITE,NL,NOTHISPANICorNOTLATINO,DEM,DEMOCRATIC,76.0,5141960.0,AgeOver66,AA6112
ALAMANCE,A,ACTIVE,BOWMANANGELATALBERT,ANGELATALBERTBOWMAN,2897ROCKYCLIFFTRL,WHITE,NL,NOTHISPANICorNOTLATINO,REP,REPUBLICAN,,12301994.0,Age4165,AA92392
ALAMANCE,R,REMOVED,BOWMANANNIELAURIE,ANNIELAURIEBOWMAN,3702LUTHERCT,WHITE,UN,UNDESIGNATED,DEM,DEMOCRATIC,89.0,1072004.0,AgeOver66,AA132553
,A,ACTIVE,BOWMANBARRYDWIGHT,BARRYDWIGHTBOWMAN,1720OLDSTMARK'SCHURCHRD33A,WHITE,UN,UNDESIGNATED,DEM,DEMOCRATIC,35.0,10072004.0,Age2640,AA140453
,A,ACTIVE,BOWMANBETTYLANGLEY,BETTYLANGLEYBOWMAN,,WHITE,NL,NOTHISPANICorNOTLATINO,UNA,UNAFFILIATED,66.0,5032001.0,AgeOver66,AA123409
,R,REMOVED,BOWMANBETTYARRINGTON,BETTYARRINGTONBOWMAN,4244SNCHWY49,WHITE,NL,NOTHISPANICorNOTLATINO,DEM,DEMOCRATIC,96.0,10251952.0,AgeOver66,AA6114
,R,REMOVED,BOWMANBETTYLYNCH,BETTYLYNCHBOWMAN,814NGRAHAMHOPEDALERD,WHITE,NL,NOTHISPANICorNOTLATINO,DEM,DEMOCRATIC,87.0,2281948.0,AgeOver66,AA6115
,A,ACTIVE,BOWMANBILLIEJACK,BILLIEJACKBOWMAN,711SLEXINGTONAVE,WHITE,NL,NOTHISPANICorNOTLATINO,REP,REPUBLICAN,88.0,12062010.0,AgeOver66,AA167653
,A,ACTIVE,BOWMANBILLYRAY,BILLYRAYBOWMAN,5518KIMESVILLERD,WHITE,NL,NOTHISPANICorNOTLATINO,REP,REPUBLICAN,67.0,9212012.0,AgeOver66,AA175169
,A,ACTIVE,BOWMANBRUCEALLEN,BRUCEALLENBOWMAN,,WHITE,NL,NOTHISPANICorNOTLATINO,REP,REPUBLICAN,,,Age4165,AA115923
,A,ACTIVE,BOWMANCANONRAYMONDJR,CANONRAYMONDBOWMANJR,994PINELAKELN,WHITE,NL,NOTHISPANICorNOTLATINO,REP,REPUBLICAN,55.0,4301976.0,Age4165,AA6116
,A,ACTIVE,BOWMANCAROLYNANNE,CAROLYNANNEBOWMAN,3551FORESTDALEDRQE,WHITE,UN,UNDESIGNATED,REP,REPUBLICAN,67.0,10021996.0,AgeOver66,AA102436
,A,ACTIVE,BOWMANCARTERJACKSON,CARTERJACKSONBOWMAN,,WHITE,NL,NOTHISPANICorNOTLATINO,REP,REPUBLICAN,18.0,3092012.0,,AA170681
,A,ACTIVE,BOWMANCHARLESMICHAEL,CHARLESMICHAELBOWMAN,5672KIMESVILLERD,WHITE,NL,NOTHISPANICorNOTLATINO,DEM,DEMOCRATIC,62.0,1071992.0,Age4165,AA79405
,A,ACTIVE,BOWMANCHRISTOPHERANTHONY,CHRISTOPHERANTHONYBOWMAN,2411BERKLEYRD,WHITE,NL,NOTHISPANICorNOTLATINO,REP,REPUBLICAN,20.0,4062011.0,,AA168328
,I,INACTIVE,BOWMANCHRISTYANN,CHRISTYANNBOWMAN,1528SMEBANEST702G,WHITE,NL,NOTHISPANICorNOTLATINO,DEM,DEMOCRATIC,29.0,1292001.0,Age2640,AA122716
,A,ACTIVE,BOWMANCLIFTONLAWRENCE,CLIFTONLAWRENCEBOWMAN,,UNDESIGNATED,UN,UNDESIGNATED,UNA,UNAFFILIATED,43.0,10012008.0,Age4165,AA158464
,A,ACTIVE,BOWMANCOYRUSSELL,COYRUSSELLBOWMAN,2833SNCHWY8776,WHITE,UN,UNDESIGNATED,REP,REPUBLICAN,20.0,11022010.0,,AA167426
,A,ACTIVE,BOWMANDANIELPATTERSON,DANIELPATTERSONBOWMAN,5947SNCHWY87,WHITE,NL,NOTHISPANICorNOTLATINO,REP,REPUBLICAN,40.0,1271993.0,Age2640,AA86192
,A,ACTIVE,BOWMANDAVIDLEO,DAVIDLEOBOWMAN,5027SNCHWY49,WHITE,NL,NOTHISPANICorNOTLATINO,UNA,UNAFFILIATED,78.0,12041996.0,AgeOver66,AA104729
,A,ACTIVE,BOWMANDAWNHOLLAND,DAWNHOLLANDBOWMAN,2756KECKDR,WHITE,NL,NOTHISPANICorNOTLATINO,DEM,DEMOCRATIC,44.0,4021986.0,Age4165,AA59707
,A,ACTIVE,BOWMANDELORISROBERTSON,DELORISROBERTSONBOWMAN,2359ANTHONYRD,WHITE,NL,NOTHISPANICorNOTLATINO,REP,REPUBLICAN,80.0,5141960.0,AgeOver66,AA6119
,A,ACTIVE,BOWMANDENNISEUGENE,DENNISEUGENEBOWMAN,,WHITE,NL,NOTHISPANICorNOTLATINO,REP,REPUBLICAN,56.0,4251996.0,Age4165,AA99311
,A,ACTIVE,BOWMANDORISJEAN,DORISJEANBOWMAN,4804BELLEMONTMTHERMONRD27,WHITE,NL,NOTHISPANICorNOTLATINO,DEM,DEMOCRATIC,70.0,2072012.0,AgeOver66,AA170289
,A,ACTIVE,BOWMANDOROTHYMOLLEUR,DOROTHYMOLLEURBOWMAN,711SLEXINGTONAVE,WHITE,NL,NOTHISPANICorNOTLATINO,REP,REPUBLICAN,81.0,12062010.0,AgeOver66,AA167654
,A,ACTIVE,BOWMANDUSTYNCRAIG,DUSTYNCRAIGBOWMAN,457NFIFTHST,WHITE,NL,NOTHISPANICorNOTLATINO,UNA,UNAFFILIATED,20.0,8032011.0,,AA169006
,A,ACTIVE,BOWMANELAINESMITH,ELAINESMITHBOWMAN,4749BARNHARDTLN,WHITE,NL,NOTHISPANICorNOTLATINO,REP,REPUBLICAN,58.0,4071972.0,Age4165,AA6121
,A,ACTIVE,BOWMANELLENROBINSON,ELLENROBINSONBOWMAN,213KITLN,WHITE,NL,NOTHISPANICorNOTLATINO,REP,REPUBLICAN,53.0,10061988.0,Age4165,AA68105
,D,DENIED,BOWMANEMILYBARE,EMILYBAREBOWMAN,5524KIMESVILLERD,WHITE,NL,NOTHISPANICorNOTLATINO,UNA,UNAFFILIATED,65.0,9252003.0,Age4165,AA131458
,I,INACTIVE,BOWMANEMILY,EMILYBOWMAN,5524KIMESVILLERD,WHITE,NL,NOTHISPANICorNOTLATINO,UNA,UNAFFILIATED,65.0,10042004.0,Age4165,AA140730
,A,ACTIVE,BOWMANEMILYNICOLE,EMILYNICOLEBOWMAN,6320BASSMOUNTAINRD,WHITE,NL,NOTHISPANICorNOTLATINO,UNA,UNAFFILIATED,18.0,1112012.0,,AA170045
,A,ACTIVE,BOWMANERICSTEVEN,ERICSTEVENBOWMAN,333EMCPHERSONDR,BLACKorAFRICANAMERICAN,NL,NOTHISPANICorNOTLATINO,DEM,DEMOCRATIC,50.0,7152004.0,Age4165,AA135799
,A,ACTIVE,BOWMANEUNICEHODGE,EUNICEHODGEBOWMAN,401ASHBURNDR,WHITE,NL,NOTHISPANICorNOTLATINO,DEM,DEMOCRATIC,72.0,4191968.0,AgeOver66,AA6125
,A,ACTIVE,BOWMANGEORGERUSSELL,GEORGERUSSELLBOWMAN,2833SNCHWY8776,WHITE,UN,UNDESIGNATED,REP,REPUBLICAN,,9142008.0,Age4165,AA157556
,A,ACTIVE,BOWMANHAROLDDEAN,HAROLDDEANBOWMAN,5718KIMESVILLERD,WHITE,NL,NOTHISPANICorNOTLATINO,REP,REPUBLICAN,65.0,1061992.0,Age4165,AA79406
,A,ACTIVE,BOWMANHAROLDTEDJR,HAROLDTEDBOWMANJR,2897ROCKYCLIFFTRL,WHITE,NL,NOTHISPANICorNOTLATINO,REP,REPUBLICAN,,7231996.0,Age4165,AA100663
,A,ACTIVE,BOWMANHAROLDDEANJR,HAROLDDEANBOWMANJR,5820KIMESVILLERD,WHITE,NL,NOTHISPANICorNOTLATINO,REP,REPUBLICAN,42.0,10042012.0,Age4165,AA176491
,A,ACTIVE,BOWMANHARRYRAY,HARRYRAYBOWMAN,2833SNCHWY8776,WHITE,NL,NOTHISPANICorNOTLATINO,REP,REPUBLICAN,19.0,8042011.0,,AA169028
,A,ACTIVE,BOWMANHAZELCROUSE,HAZELCROUSEBOWMAN,2741BIRCHLN,WHITE,NL,NOTHISPANICorNOTLATINO,DEM,DEMOCRATIC,78.0,1241959.0,AgeOver66,AA6129
,A,ACTIVE,BOWMANHAZELHOLMES,HAZELHOLMESBOWMAN,5718KIMESVILLERD,WHITE,NL,NOTHISPANICorNOTLATINO,DEM,DEMOCRATIC,68.0,8151977.0,AgeOver66,AA6130
,A,ACTIVE,BOWMANHAZELTALLEY,HAZELTALLEYBOWMAN,2846HICKORYHILLRD,WHITE,NL,NOTHISPANICorNOTLATINO,DEM,DEMOCRATIC,88.0,6181982.0,AgeOver66,AA6131
,A,ACTIVE,BOWMANJACQUELYNMARGARET,JACQUELYNMARGARETBOWMAN,528DELAWAREAVE,BLACKorAFRICANAMERICAN,UN,UNDESIGNATED,DEM,,31.0,8282008.0,Age2640,AA156546
,I,INACTIVE,BOWMANJAMESCALVINJR,JAMESCALVINBOWMANJR,320REDHEADTRL,WHITE,NL,NOTHISPANICorNOTLATINO,REP,REPUBLICAN,,7252006.0,Age4165,AA147055
,A,ACTIVE,BOWMANJAMESCALVINIII,JAMESCALVINBOWMANIII,4804BELLEMONTMTHERMONRD27,WHITE,NL,NOTHISPANICorNOTLATINO,DEM,,25.0,1062006.0,,AA145601
,A,ACTIVE,BOWMANJAMESEDWARD,JAMESEDWARDBOWMAN,2001WINNCREEKDR,WHITE,UN,UNDESIGNATED,REP,REPUBLICAN,66.0,1152003.0,AgeOver66,AA129322
,A,ACTIVE,BOWMANJAMESBRYANT,JAMESBRYANTBOWMAN,1812NJIMMINORRD,WHITE,NL,NOTHISPANICorNOTLATINO,DEM,,85.0,10041973.0,AgeOver66,AA6134
,A,ACTIVE,BOWMANJAMESFRED,JAMESFREDBOWMAN,814NGRAHAMHOPEDALERD,WHITE,NL,NOTHISPANICorNOTLATINO,DEM,,85.0,2281948.0,AgeOver66,AA6136
,A,ACTIVE,BOWMANJAMIECECIL,JAMIECECILBOWMAN,2255LONGDAIRYRD,WHITE,NL,NOTHISPANICorNOTLATINO,UNA,UNAFFILIATED,42.0,1042010.0,Age4165,AA165239
,I,INACTIVE,BOWMANJANERUDISILL,JANERUDISILLBOWMAN,2926BISCAYNEDR,WHITE,NL,NOTHISPANICorNOTLATINO,DEM,,52.0,8221980.0,Age4165,
,A,ACTIVE,BOWMANJANICECARDWELL,JANICECARDWELLBOWMAN,,WHITE,NL,NOTHISPANICorNOTLATINO,REP,REPUBLICAN,,3132000.0,Age4165,AA117399
,A,ACTIVE,BOWMANJASHOWARD,JASHOWARDBOWMAN,224ROLLINGRD,WHITE,NL,NOTHISPANICorNOTLATINO,UNA,UNAFFILIATED,66.0,,AgeOver66,AA142078
,A,ACTIVE,BOWMANJASONDEAN,JASONDEANBOWMAN,,WHITE,NL,NOTHISPANICorNOTLATINO,UNA,UNAFFILIATED,55.0,,Age4165,AA68106
,R,REMOVED,BOWMANJASPERWYATT,JASPERWYATTBOWMAN,3068PONDRD,WHITE,NL,NOTHISPANICorNOTLATINO,DEM,,98.0,5161940.0,AgeOver66,AA6139
,A,ACTIVE,BOWMANJEANCOBLE,JEANCOBLEBOWMAN,374BOUNDARYST,WHITE,NL,NOTHISPANICorNOTLATINO,DEM,,86.0,10281950.0,AgeOver66,AA6140
,A,ACTIVE,BOWMANJENNIFERMICHELE,JENNIFERMICHELEBOWMAN,2839CARDINALLN,WHITE,UN,UNDESIGNATED,REP,REPUBLICAN,25.0,4112008.0,,AA154150
,D,DENIED,BOWMANJENNIFERMICHELE,JENNIFERMICHELEBOWMAN,822DEEPCREEKCHURCHRD,WHITE,NL,NOTHISPANICorNOTLATINO,REP,REPUBLICAN,25.0,9282007.0,,AA150668
,A,ACTIVE,BOWMANJERRICAS,JERRICASBOWMAN,512DELAWAREAVE,TWOorMORERACES,UN,UNDESIGNATED,DEM,,36.0,2182000.0,Age2640,AA117005
,A,ACTIVE,BOWMANJOANROBERTSON,JOANROBERTSONBOWMAN,4244SNCHWY49,WHITE,NL,NOTHISPANICorNOTLATINO,DEM,,77.0,10291960.0,AgeOver66,AA6142
,A,ACTIVE,BOWMANJOHNADOLPHUS,JOHNADOLPHUSBOWMAN,2359ANTHONYRD,WHITE,NL,NOTHISPANICorNOTLATINO,REP,REPUBLICAN,83.0,5141960.0,AgeOver66,AA6143
,A,ACTIVE,BOWMANJOHNMICHAEL,JOHNMICHAELBOWMAN,,WHITE,NL,NOTHISPANICorNOTLATINO,REP,REPUBLICAN,21.0,4202009.0,,AA163800
,A,ACTIVE,BOWMANJOSHLYNN,JOSHLYNNBOWMAN,2411BERKLEYRD,WHITE,NL,NOTHISPANICorNOTLATINO,UNA,UNAFFILIATED,21.0,2042009.0,,AA163386
,A,ACTIVE,BOWMANJOYCEGLENDA,JOYCEGLENDABOWMAN,2117CAROLINARD,WHITE,NL,NOTHISPANICorNOTLATINO,DEM,DEMOCRATIC,72.0,5051962.0,AgeOver66,AA6147
,A,ACTIVE,BOWMANJUANITAPARKER,JUANITAPARKERBOWMAN,2635ANTHONYRD,WHITE,NL,NOTHISPANICorNOTLATINO,DEM,DEMOCRATIC,82.0,4141989.0,AgeOver66,AA69396
,A,ACTIVE,BOWMANJUDYJOHNSON,JUDYJOHNSONBOWMAN,2219SANDYLN,WHITE,NL,NOTHISPANICorNOTLATINO,UNA,UNAFFILIATED,69.0,10041976.0,AgeOver66,AA6148
,A,ACTIVE,BOWMANKATHERINEELIZABETH,KATHERINEELIZABETHBOWMAN,5520GOUDENLN,WHITE,UN,UNDESIGNATED,REP,REPUBLICAN,59.0,10042004.0,Age4165,AA139328
,A,ACTIVE,BOWMANKATHLEENLEWIS,KATHLEENLEWISBOWMAN,,WHITE,NL,NOTHISPANICorNOTLATINO,DEM,DEMOCRATIC,84.0,,AgeOver66,AA6149
,A,ACTIVE,BOWMANKAYBUNDY,KAYBUNDYBOWMAN,2325EDGEWOODAVE,WHITE,NL,NOTHISPANICorNOTLATINO,DEM,DEMOCRATIC,68.0,10051987.0,AgeOver66,AA62414
,A,ACTIVE,BOWMANKIMBERLYGAY,KIMBERLYGAYBOWMAN,457NFIFTHST,WHITE,NL,NOTHISPANICorNOTLATINO,REP,REPUBLICAN,53.0,8252003.0,Age4165,AA131209
,A,ACTIVE,BOWMANKRISTENLEIGH,KRISTENLEIGHBOWMAN,1901DORSETTST,WHITE,NL,NOTHISPANICorNOTLATINO,REP,REPUBLICAN,25.0,,,AA150673
,A,ACTIVE,BOWMANLATOSHAMONIQUE,LATOSHAMONIQUEBOWMAN,2273WILLIEPACERD15,BLACKorAFRICANAMERICAN,NL,NOTHISPANICorNOTLATINO,DEM,DEMOCRATIC,34.0,5062008.0,Age2640,AA155631
,A,ACTIVE,BOWMANLAURENCHRISTINE,LAURENCHRISTINEBOWMAN,6802COTTONWOODDR,WHITE,NL,NOTHISPANICorNOTLATINO,REP,REPUBLICAN,28.0,2032002.0,Age2640,AA125776
,A,ACTIVE,BOWMANLAWRENCEMICHAEL,LAWRENCEMICHAELBOWMAN,5763KIMESVILLERD,WHITE,UN,UNDESIGNATED,REP,REPUBLICAN,41.0,,Age4165,AA176540
,A,ACTIVE,BOWMANLELASPIVEY,LELASPIVEYBOWMAN,2001WINNCREEKDR,WHITE,NL,NOTHISPANICorNOTLATINO,REP,REPUBLICAN,60.0,4192002.0,Age4165,AA126224
,A,ACTIVE,BOWMANLINDAF,LINDAFBOWMAN,5024SWEPSONVILLESAXAPAHAWRD,WHITE,NL,NOTHISPANICorNOTLATINO,REP,REPUBLICAN,63.0,9301990.0,Age4165,AA74154
,R,REMOVED,BOWMANLUCYRORER,,806BAKERCT,WHITE,NL,NOTHISPANICorNOTLATINO,DEM,DEMOCRATIC,97.0,9021999.0,AgeOver66,AA115407
,A,ACTIVE,BOWMANMARYATWOOD,,994PINELAKELN,WHITE,NL,NOTHISPANICorNOTLATINO,DEM,DEMOCRATIC,56.0,10241985.0,Age4165,AA59226
,A,ACTIVE,BOWMANMATTHEWTYLER,,702SEIGHTHST,WHITE,UN,UNDESIGNATED,UNA,UNAFFILIATED,26.0,8272004.0,Age2640,AA136675
,A,ACTIVE,BOWMANMATTHEWKILBY,,994PINELAKELN,WHITE,UN,UNDESIGNATED,UNA,UNAFFILIATED,19.0,5082012.0,,AA171863
,A,ACTIVE,BOWMANMICHAELLEE,,2147MAJORHILLRDA,WHITE,UN,UNDESIGNATED,UNA,UNAFFILIATED,24.0,8282012.0,,AA174466
,I,INACTIVE,BOWMANMICHAELLEE,,1006QUAKERCREEKDR,BLACKorAFRICANAMERICAN,NL,NOTHISPANICorNOTLATINO,DEM,DEMOCRATIC,69.0,4292003.0,AgeOver66,AA130238
,A,ACTIVE,BOWMANMICHAELLYNN,,,WHITE,UN,UNDESIGNATED,REP,REPUBLICAN,58.0,3171972.0,Age4165,AA6154
,A,ACTIVE,BOWMANMICHAELGLENN,,2756KECKDR,WHITE,NL,NOTHISPANICorNOTLATINO,REP,REPUBLICAN,44.0,5231991.0,Age4165,AA77423
,A,ACTIVE,BOWMANMICHAELLYNN,,2411BERKLEYRD,WHITE,NL,NOTHISPANICorNOTLATINO,UNA,UNAFFILIATED,53.0,10231992.0,Age4165,AA85746
,A,ACTIVE,BOWMANMICHELLEELIZABETH,,511WALKERAVE,WHITE,NL,NOTHISPANICorNOTLATINO,UNA,UNAFFILIATED,32.0,6231999.0,Age2640,AA114592
,A,ACTIVE,BOWMANMONICASCOTT,MONICASCOTTBOWMAN,302HARDENST,WHITE,NL,NOTHISPANICorNOTLATINO,REP,REPUBLICAN,52.0,8162005.0,Age4165,AA144368
,A,ACTIVE,BOWMANNEILCHRISTOPHER,NEILCHRISTOPHERBOWMAN,213KITLN,WHITE,NL,NOTHISPANICorNOTLATINO,REP,REPUBLICAN,51.0,9291988.0,Age4165,AA66677
,A,ACTIVE,BOWMANNELLIEPORTERFIELD,NELLIEPORTERFIELDBOWMAN,875GREENWOODDR,WHITE,NL,NOTHISPANICorNOTLATINO,DEM,DEMOCRATIC,87.0,9131958.0,AgeOver66,AA6156
,A,ACTIVE,BOWMANNICHOLASADAM,NICHOLASADAMBOWMAN,213KITLN,WHITE,NL,NOTHISPANICorNOTLATINO,UNA,UNAFFILIATED,18.0,5242012.0,,AA173339
,A,ACTIVE,BOWMANNORALOU,NORALOUBOWMAN,2833SNCHWY8787,WHITE,UN,UNDESIGNATED,REP,REPUBLICAN,,,Age4165,AA159587
,A,ACTIVE,BOWMANNORMASOWERS,NORMASOWERSBOWMAN,5465SNCHWY49,WHITE,NL,NOTHISPANICorNOTLATINO,REP,REPUBLICAN,56.0,,Age4165,AA67209
,A,ACTIVE,BOWMANPEARLYPOOLE,PEARLYPOOLEBOWMAN,5672KIMESVILLERD,WHITE,NL,NOTHISPANICorNOTLATINO,DEM,DEMOCRATIC,60.0,9301994.0,Age4165,AA91278
,A,ACTIVE,BOWMANRALPHWAYNEJR,RALPHWAYNEBOWMANJR,401ASHBURNDR,WHITE,NL,NOTHISPANICorNOTLATINO,DEM,DEMOCRATIC,55.0,6241976.0,Age4165,AA6161
,R,REMOVED,BOWMANRALPHWAYNE,RALPHWAYNEBOWMAN,401ASHBURNDR,WHITE,NL,NOTHISPANICorNOTLATINO,DEM,DEMOCRATIC,76.0,4191968.0,AgeOver66,AA6160
,R,REMOVED,BOWMANRANDALLHUNTER,RANDALLHUNTERBOWMAN,1720STMARK'SCHURCHRD31E,WHITE,NL,NOTHISPANICorNOTLATINO,DEM,DEMOCRATIC,,11032000.0,Age4165,AA122046
,D,DENIED,BOWMANRANDALLLANE,RANDALLLANEBOWMAN,129WHOLTST,WHITE,NL,NOTHISPANICorNOTLATINO,DEM,DEMOCRATIC,,5311996.0,Age4165,AA99999
,I,INACTIVE,BOWMANRANDYJAY,RANDYJAYBOWMAN,600HOLLOWST,WHITE,NL,NOTHISPANICorNOTLATINO,UNA,UNAFFILIATED,32.0,6022005.0,Age2640,AA143707
,R,REMOVED,BOWMANREBECCAROBERSON,REBECCAROBERSONBOWMAN,1739SMAINST,WHITE,NL,NOTHISPANICorNOTLATINO,DEM,DEMOCRATIC,69.0,1221991.0,AgeOver66,AA76608
,A,ACTIVE,BOWMANREGENIADARE,REGENIADAREBOWMAN,3489FORESTDALEDR3B,WHITE,NL,NOTHISPANICorNOTLATINO,REP,REPUBLICAN,30.0,4072000.0,Age2640,AA117822
,A,ACTIVE,BOWMANRENAA,RENAABOWMAN,5504SNCHWY62,WHITE,UN,UNDESIGNATED,REP,REPUBLICAN,50.0,6061997.0,Age4165,AA106270
,A,ACTIVE,BOWMANRICHARDBRYANT,RICHARDBRYANTBOWMAN,,WHITE,NL,NOTHISPANICorNOTLATINO,UNA,UNAFFILIATED,66.0,11012006.0,AgeOver66,AA148163
ALAMANCE,A,ACTIVE,BOWMANRICKYLEE,RICKYLEEBOWMAN,3248ALTAMAHAWRACETRACKRD,WHITE,NL,NOTHISPANICorNOTLATINO,REP,REPUBLICAN,54.0,10011987.0,Age4165,AA62270
ALAMANCE,A,ACTIVE,BOWMANROBINBRADSHAW,ROBINBRADSHAWBOWMAN,5941SNCHWY87,WHITE,NL,NOTHISPANICorNOTLATINO,UNA,UNAFFILIATED,39.0,9242003.0,Age2640,AA131459
ALAMANCE,A,ACTIVE,BOWMANROYRUSSELL,ROYRUSSELLBOWMAN,3727WADECOBLEDR306,WHITE,UN,UNDESIGNATED,DEM,DEMOCRATIC,93.0,1072004.0,AgeOver66,AA132554
ALAMANCE,R,REMOVED,BOWMANRUBYINGLE,RUBYINGLEBOWMAN,3068PONDRD,WHITE,NL,NOTHISPANICorNOTLATINO,DEM,DEMOCRATIC,98.0,5171952.0,AgeOver66,AA6164
ALAMANCE,A,ACTIVE,BOWMANSARAHANN,SARAHANNBOWMAN,5027SNCHWY49,UNDESIGNATED,UN,UNDESIGNATED,UNA,UNAFFILIATED,78.0,11012012.0,AgeOver66,AA178697
ALAMANCE,A,ACTIVE,BOWMANSARAHMOON,SARAHMOONBOWMAN,3248ALTAMAHAWRACETRACKRD,WHITE,NL,NOTHISPANICorNOTLATINO,REP,REPUBLICAN,36.0,3161996.0,Age2640,AA98474
ALAMANCE,A,ACTIVE,BOWMANSERENALOUISE,SERENALOUISEBOWMAN,3489FORESTDALEDR3B,WHITE,NL,NOTHISPANICorNOTLATINO,REP,REPUBLICAN,30.0,4072000.0,Age2640,AA117823
ALAMANCE,A,ACTIVE,BOWMANSHARONCATOE,SHARONCATOEBOWMAN,,WHITE,NL,NOTHISPANICorNOTLATINO,DEM,DEMOCRATIC,54.0,6011982.0,Age4165,AA35483
ALAMANCE,A,ACTIVE,BOWMANSHAWNR,SHAWNRBOWMAN,5423SNCHWY62,WHITE,UN,UNDESIGNATED,DEM,DEMOCRATIC,26.0,9252004.0,Age2640,AA138290
ALAMANCE,A,ACTIVE,BOWMANSTEVENMICHAEL,STEVENMICHAELBOWMAN,4005HARPERTRL,WHITE,NL,NOTHISPANICorNOTLATINO,DEM,DEMOCRATIC,55.0,10311991.0,Age4165,AA78770
ALAMANCE,A,ACTIVE,BOWMANTERRYMICHAEL,TERRYMICHAELBOWMAN,2219SANDYLN,WHITE,NL,NOTHISPANICorNOTLATINO,DEM,DEMOCRATIC,73.0,10041976.0,AgeOver66,AA6171
ALAMANCE,A,ACTIVE,BOWMANTHOMASBRYANT,THOMASBRYANTBOWMAN,2255LONGDAIRYRD,UNDESIGNATED,UN,UNDESIGNATED,UNA,UNAFFILIATED,,11042008.0,Age4165,AA162903
ALAMANCE,A,ACTIVE,BOWMANTOMMIER,TOMMIERBOWMAN,2325EDGEWOODAVE,WHITE,NL,NOTHISPANICorNOTLATINO,DEM,DEMOCRATIC,69.0,10051986.0,AgeOver66,AA62415
ALAMANCE,A,ACTIVE,BOWMANTONISHARPE,TONISHARPEBOWMAN,4804BELLEMONTMTHERMONRD27,WHITE,NL,NOTHISPANICorNOTLATINO,UNA,UNAFFILIATED,44.0,5022008.0,Age4165,AA154986
ALAMANCE,A,ACTIVE,BOWMANTRACYLYNN,TRACYLYNNBOWMAN,208EDOGWOODDR208,UNDESIGNATED,UN,UNDESIGNATED,UNA,UNAFFILIATED,27.0,7252012.0,Age2640,AA173809
ALAMANCE,A,ACTIVE,BOWMANTYLERCAMERON,TYLERCAMERONBOWMAN,1007EDITHST,WHITE,NL,NOTHISPANICorNOTLATINO,UNA,UNAFFILIATED,19.0,5242011.0,,AA168605
ALAMANCE,I,INACTIVE,BOWMANVAUGHNZEEGREENE,VAUGHNZEEGREENEBOWMAN,8583HINSHAWSHOPRD,WHITE,NL,NOTHISPANICorNOTLATINO,DEM,DEMOCRATIC,91.0,10281950.0,AgeOver66,AA6174
ALAMANCE,A,ACTIVE,BOWMANWAYNELEROY,WAYNELEROYBOWMAN,5465SNCHWY49,WHITE,NL,NOTHISPANICorNOTLATINO,REP,REPUBLICAN,59.0,3031988.0,Age4165,AA64054
ALAMANCE,A,ACTIVE,BOWMANWILLIAMDANIEL,WILLIAMDANIELBOWMAN,4749BARNHARDTLN,WHITE,NL,NOTHISPANICorNOTLATINO,REP,REPUBLICAN,60.0,12281978.0,Age4165,AA6177
ALAMANCE,A,ACTIVE,BOWMANWILLIAMPATRICK,WILLIAMPATRICKBOWMAN,302HARDENST,WHITE,UN,UNDESIGNATED,UNA,UNAFFILIATED,53.0,1291990.0,Age4165,AA70497
ALAMANCE,I,INACTIVE,BOWMANWILLIAMRALPH,WILLIAMRALPHBOWMAN,2008ROUTHRD,WHITE,NL,NOTHISPANICorNOTLATINO,UNA,UNAFFILIATED,72.0,2222005.0,AgeOver66,AA143027
ALAMANCE,A,ACTIVE,BOWMANWILLIAMMARTIN,WILLIAMMARTINBOWMAN,5922WHITNEYRD,WHITE,NL,NOTHISPANICorNOTLATINO,REP,REPUBLICAN,36.0,5022001.0,Age2640,AA123410
ALAMANCE,R,REMOVED,BOWMANWILLIAMMORRISSR,WILLIAMMORRISBOWMANSR,875GREENWOODDR,WHITE,NL,NOTHISPANICorNOTLATINO,DEM,DEMOCRATIC,89.0,10241964.0,AgeOver66,AA6179
ALAMANCE,A,ACTIVE,BOWMANYOUVONNAFAYE,YOUVONNAFAYEBOWMAN,2411BERKLEYRD,WHITE,NL,NOTHISPANICorNOTLATINO,UNA,UNAFFILIATED,51.0,8021988.0,Age4165,AA65507
ALAMANCE,A,ACTIVE,BOWSERBILLYJOE,BILLYJOEBOWSER,,WHITE,NL,NOTHISPANICorNOTLATINO,REP,REPUBLICAN,,10052009.0,Age4165,AA164696
ALAMANCE,A,ACTIVE,BOWSERCHRISTOPHERJORDAN,CHRISTOPHERJORDANBOWSER,,WHITE,NL,NOTHISPANICorNOTLATINO,UNA,UNAFFILIATED,25.0,8312009.0,,AA164623
ALAMANCE,R,REMOVED,BOWSERFREDALFRED,FREDALFREDBOWSER,531MONTCLAIRDR,BLACKorAFRICANAMERICAN,NL,NOTHISPANICorNOTLATINO,DEM,DEMOCRATIC,76.0,4201968.0,AgeOver66,AA6184
ALAMANCE,I,INACTIVE,BOWSERIRVINGLEE,IRVINGLEEBOWSER,531MONTCLAIRDR,BLACKorAFRICANAMERICAN,NL,NOTHISPANICorNOTLATINO,UNA,UNAFFILIATED,54.0,4072003.0,Age4165,AA130012
ALAMANCE,A,ACTIVE,BOWSERPATRICEANN,PATRICEANNBOWSER,,WHITE,NL,NOTHISPANICorNOTLATINO,REP,REPUBLICAN,,8312009.0,Age4165,AA164624
ALAMANCE,A,ACTIVE,BOWSERSCOTTALEXANDER,SCOTTALEXANDERBOWSER,205OVERBROOKTER,BLACKorAFRICANAMERICAN,NL,NOTHISPANICorNOTLATINO,DEM,DEMOCRATIC,43.0,11032006.0,Age4165,AA147992
ALAMANCE,A,ACTIVE,BOWSERSENEKADARLENE,SENEKADARLENEBOWSER,209WESTST,BLACKorAFRICANAMERICAN,UN,UNDESIGNATED,DEM,DEMOCRATIC,25.0,4112005.0,,AA143368
ALAMANCE,A,ACTIVE,BOXLUANNEELIZABETH,,3533GARDENRD,WHITE,NL,NOTHISPANICorNOTLATINO,UNA,UNAFFILIATED,34.0,9162008.0,Age2640,EH295278
ALAMANCE,A,ACTIVE,BOYARINJONATHANA,JONATHANABOYARIN,1647SAXAPAHAWBETHLEHEMCHURCHRDB202,TWOorMORERACES,NL,NOTHISPANICorNOTLATINO,DEM,DEMOCRATIC,56.0,11042008.0,Age4165,AA162904
ALAMANCE,A,ACTIVE,BOYCEBETHANNTAYLOR,BETHANNTAYLORBOYCE,1604COPPERCIR,WHITE,NL,NOTHISPANICorNOTLATINO,REP,REPUBLICAN,42.0,9132008.0,Age4165,DE164508
ALAMANCE,A,ACTIVE,BOYCEDARRENCURTIS,DARRENCURTISBOYCE,,BLACKorAFRICANAMERICAN,NL,NOTHISPANICorNOTLATINO,DEM,DEMOCRATIC,36.0,2222008.0,Age2640,AA152417
ALAMANCE,A,ACTIVE,BOYCEGARRYSPENCER,GARRYSPENCERBOYCE,1604COPPERCIR,WHITE,UN,UNDESIGNATED,REP,REPUBLICAN,42.0,9302008.0,Age4165,DE164505
ALAMANCE,A,ACTIVE,BOYCEHILDALEE,HILDALEEBOYCE,1631STONESTEXTA,BLACKorAFRICANAMERICAN,NL,NOTHISPANICorNOTLATINO,DEM,DEMOCRATIC,55.0,4202000.0,Age4165,AA118122
ALAMANCE,D,DENIED,BOYCEIVANEZEKIEL,IVANEZEKIELBOYCE,3551FORESTDALEDRLI,BLACKorAFRICANAMERICAN,NL,NOTHISPANICorNOTLATINO,UNA,UNAFFILIATED,55.0,9272005.0,Age4165,AA144813
ALAMANCE,R,REMOVED,BOYCEKATHRYNELIZABETH,KATHRYNELIZABETHBOYCE,624WDAVISST1C,UNDESIGNATED,NL,NOTHISPANICorNOTLATINO,DEM,DEMOCRATIC,34.0,9252000.0,Age2640,AA120203
ALAMANCE,A,ACTIVE,BOYCELATOSHANYCOLBYRD,LATOSHANYCOLBYRDBOYCE,,BLACKorAFRICANAMERICAN,NL,NOTHISPANICorNOTLATINO,DEM,DEMOCRATIC,36.0,11282007.0,Age2640,CE21745
ALAMANCE,R,REMOVED,BOYCEMARIEBRYAN,,542ISLEYPL,WHITE,NL,NOTHISPANICorNOTLATINO,REP,REPUBLICAN,86.0,5091964.0,AgeOver66,AA6187
ALAMANCE,A,ACTIVE,BOYCETAYLORALEXIS,TAYLORALEXISBOYCE,1604COPPERCIR,WHITE,HL,HISPANICorLATINO,REP,REPUBLICAN,19.0,12152011.0,,AA169928
ALAMANCE,A,ACTIVE,BOYDADRIENNEHUNT,ADRIENNEHUNTBOYD,2206HUNTINGTONRD,WHITE,NL,NOTHISPANICorNOTLATINO,REP,REPUBLICAN,35.0,10022002.0,Age2640,AA128091
ALAMANCE,R,REMOVED,BOYDANDREWROBERTSON,ANDREWROBERTSONBOYD,2206HUNTINGTONRD,WHITE,NL,NOTHISPANICorNOTLATINO,REP,REPUBLICAN,35.0,10022002.0,Age2640,AA128092
ALAMANCE,A,ACTIVE,BOYDANGELAGRIFFIN,ANGELAGRIFFINBOYD,,WHITE,NL,NOTHISPANICorNOTLATINO,REP,REPUBLICAN,,1261994.0,Age4165,AA89110
ALAMANCE,A,ACTIVE,BOYDANNRENEEFLOWERS,ANNRENEEFLOWERSBOYD,309TRAILFOUR,WHITE,NL,NOTHISPANICorNOTLATINO,REP,REPUBLICAN,62.0,10081984.0,Age4165,AA57914
ALAMANCE,R,REMOVED,BOYDBETHANYERIN,BETHANYERINBOYD,706HUFFMANMILLRDE10,WHITE,NL,NOTHISPANICorNOTLATINO,REP,REPUBLICAN,28.0,8122005.0,Age2640,AA144185
ALAMANCE,A,ACTIVE,BOYDBOBBYRAYJR,BOBBYRAYBOYDJR,1329HANFORDHILLSRD,BLACKorAFRICANAMERICAN,NL,NOTHISPANICorNOTLATINO,DEM,DEMOCRATIC,43.0,10012004.0,Age4165,AA140731
ALAMANCE,A,ACTIVE,BOYDBREANNEKAY,BREANNEKAYBOYD,2435MORANST8H,WHITE,NL,NOTHISPANICorNOTLATINO,UNA,UNAFFILIATED,28.0,,Age2640,EH806637
ALAMANCE,A,ACTIVE,BOYDBRYANCHRISTOPHER,BRYANCHRISTOPHERBOYD,5563SNCHWY62,WHITE,NL,NOTHISPANICorNOTLATINO,UNA,UNAFFILIATED,41.0,6272003.0,Age4165,AA130576
ALAMANCE,A,ACTIVE,BOYDCHARLIE,CHARLIEBOYD,309BRIDGESST,WHITE,UN,UNDESIGNATED,REP,REPUBLICAN,75.0,,AgeOver66,AA177664
ALAMANCE,A,ACTIVE,BOYDCHRISTALLATOYA,CHRISTALLATOYABOYD,742FLOYDST,TWOorMORERACES,UN,UNDESIGNATED,UNA,UNAFFILIATED,31.0,6132012.0,Age2640,BL340473
ALAMANCE,A,ACTIVE,BOYDCLIFFORDMILTONJR,CLIFFORDMILTONBOYDJR,130WCRESCENTSQUAREDRA,WHITE,NL,NOTHISPANICorNOTLATINO,REP,REPUBLICAN,52.0,7112008.0,Age4165,AA155165
ALAMANCE,A,ACTIVE,BOYDDAVIDHARLEY,DAVIDHARLEYBOYD,1845WBUCKHILLRD,WHITE,NL,NOTHISPANICorNOTLATINO,REP,REPUBLICAN,41.0,9261996.0,Age4165,AA102331
ALAMANCE,A,ACTIVE,BOYDDELLASMITH,DELLASMITHBOYD,708ELLENDR,WHITE,NL,NOTHISPANICorNOTLATINO,UNA,UNAFFILIATED,64.0,4061972.0,Age4165,AA6196
ALAMANCE,A,ACTIVE,BOYDDIANEKIRKS,DIANEKIRKSBOYD,3028ROCKHILLRDC,WHITE,NL,NOTHISPANICorNOTLATINO,UNA,UNAFFILIATED,51.0,6222009.0,Age4165,AA164201
ALAMANCE,A,ACTIVE,BOYDDONALDRENNIE,DONALDRENNIEBOYD,1908SOMERSAVE,WHITE,NL,NOTHISPANICorNOTLATINO,UNA,UNAFFILIATED,63.0,9301998.0,Age4165,AA111558
ALAMANCE,A,ACTIVE,BOYDDOROTHYBELL,DOROTHYBELLBOYD,2237BUCKINGHAMCT,WHITE,NL,NOTHISPANICorNOTLATINO,REP,REPUBLICAN,73.0,8182004.0,AgeOver66,AA136114
ALAMANCE,A,ACTIVE,BOYDDREAMIADIANNE,DREAMIADIANNEBOYD,1926SASHLANDDR,WHITE,NL,NOTHISPANICorNOTLATINO,UNA,UNAFFILIATED,56.0,5132011.0,Age4165,AA168539
ALAMANCE,R,REMOVED,BOYDEDWINCJR,EDWINCBOYDJR,3509LONGVIEWST,WHITE,NL,NOTHISPANICorNOTLATINO,REP,REPUBLICAN,94.0,8211970.0,AgeOver66,AA6197
ALAMANCE,A,ACTIVE,BOYDELLENWHEELER,ELLENWHEELERBOYD,151WINDSORDR,WHITE,NL,NOTHISPANICorNOTLATINO,DEM,DEMOCRATIC,64.0,2231976.0,Age4165,AA6198
ALAMANCE,A,ACTIVE,BOYDELLISJAMES,ELLISJAMESBOYD,503HAWFIELDRDA,BLACKorAFRICANAMERICAN,UN,UNDESIGNATED,DEM,DEMOCRATIC,56.0,10022008.0,Age4165,AA159073
ALAMANCE,A,ACTIVE,BOYDEUGENESPENCER,EUGENESPENCERBOYD,1329HANFORDHILLSRD,BLACKorAFRICANAMERICAN,NL,NOTHISPANICorNOTLATINO,DEM,DEMOCRATIC,41.0,10312008.0,Age4165,AA162265
ALAMANCE,A,ACTIVE,BOYDGERALDINEBYNUM,GERALDINEBYNUMBOYD,802MIAMIAVE,BLACKorAFRICANAMERICAN,NL,NOTHISPANICorNOTLATINO,DEM,DEMOCRATIC,69.0,2261984.0,AgeOver66,
ALAMANCE,A,ACTIVE,BOYDHELENE,HELENEBOYD,4122ALTAMAHAWRACETRACKRD,WHITE,NL,NOTHISPANICorNOTLATINO,DEM,DEMOCRATIC,74.0,1211998.0,AgeOver66,AA109016
ALAMANCE,A,ACTIVE,BOYDISAACHENRY,ISAACHENRYBOYD,318FULTONST,BLACKorAFRICANAMERICAN,NL,NOTHISPANICorNOTLATINO,DEM,DEMOCRATIC,84.0,5091964.0,AgeOver66,AA6200
ALAMANCE,A,ACTIVE,BOYDJAMESTHOMAS,JAMESTHOMASBOYD,215HOLLYRIDGELN,WHITE,UN,UNDESIGNATED,REP,REPUBLICAN,74.0,8102006.0,AgeOver66,AA147151
ALAMANCE,A,ACTIVE,BOYDJASONTODD,JASONTODDBOYD,4889BASSMOUNTAINRD,WHITE,NL,NOTHISPANICorNOTLATINO,REP,REPUBLICAN,39.0,4151996.0,Age2640,AA99313
ALAMANCE,A,ACTIVE,BOYDJOANCAMPBELL,JOANCAMPBELLBOYD,2505COLUMBINELN,WHITE,NL,NOTHISPANICorNOTLATINO,UNA,UNAFFILIATED,58.0,11201991.0,Age4165,AA79008
ALAMANCE,A,ACTIVE,BOYDJOELDAN,JOELDANBOYD,2435MORANST8H,WHITE,NL,NOTHISPANICorNOTLATINO,UNA,UNAFFILIATED,32.0,,Age2640,EH701716
ALAMANCE,I,INACTIVE,BOYDJOSHUACALEB,JOSHUACALEBBOYD,,WHITE,NL,NOTHISPANICorNOTLATINO,UNA,UNAFFILIATED,21.0,5282009.0,,AA164134
ALAMANCE,R,REMOVED,BOYDJOSIEWARD,JOSIEWARDBOYD,318FULTONST,BLACKorAFRICANAMERICAN,NL,NOTHISPANICorNOTLATINO,DEM,DEMOCRATIC,90.0,,AgeOver66,AA6202
ALAMANCE,A,ACTIVE,BOYDKATHLEENMCLAURY,KATHLEENMCLAURYBOYD,1908SOMERSAVE,WHITE,UN,UNDESIGNATED,REP,REPUBLICAN,64.0,1141999.0,Age4165,AA113156
ALAMANCE,A,ACTIVE,BOYDKRISTAGIBSON,KRISTAGIBSONBOYD,5347BASSMOUNTAINRD,WHITE,NL,NOTHISPANICorNOTLATINO,DEM,DEMOCRATIC,41.0,4041989.0,Age4165,AA69282
ALAMANCE,A,ACTIVE,BOYDKRISTINMARIE,KRISTINMARIEBOYD,1824SONJACT,WHITE,UN,UNDESIGNATED,UNA,UNAFFILIATED,23.0,,,DE241356
ALAMANCE,I,INACTIVE,BOYDKRYSTINRENEE,KRYSTINRENEEBOYD,2213WOODLANDAVE,WHITE,UN,UNDESIGNATED,DEM,DEMOCRATIC,29.0,10022008.0,Age2640,AA161391
ALAMANCE,D,DENIED,BOYDLATOSHAJEANNATHANIOL,LATOSHAJEANNATHANIOLBOYD,1011TOWNBRANCHRD2A,BLACKorAFRICANAMERICAN,NL,NOTHISPANICorNOTLATINO,UNA,UNAFFILIATED,29.0,1032012.0,Age2640,AA171118
ALAMANCE,A,ACTIVE,BOYDLEONARDALFRED,LEONARDALFREDBOYD,802MIAMIAVE,BLACKorAFRICANAMERICAN,NL,NOTHISPANICorNOTLATINO,UNA,UNAFFILIATED,63.0,9011991.0,Age4165,AA78174
ALAMANCE,A,ACTIVE,BOYDLESTERCHARLESJR,LESTERCHARLESBOYDJR,2505COLUMBINELN,WHITE,NL,NOTHISPANICorNOTLATINO,UNA,UNAFFILIATED,59.0,11201991.0,Age4165,AA79009
ALAMANCE,A,ACTIVE,BOYDLILALOUISE,LILALOUISEBOYD,1014EDGEWOODAVE,WHITE,UN,UNDESIGNATED,UNA,UNAFFILIATED,57.0,9172004.0,Age4165,AA137934
ALAMANCE,A,ACTIVE,BOYDLOUISESHUMATE,,3509LONGVIEWST,WHITE,NL,NOTHISPANICorNOTLATINO,REP,REPUBLICAN,88.0,8211970.0,AgeOver66,AA6203
ALAMANCE,A,ACTIVE,BOYDLUCYBLACKWELL,,,BLACKorAFRICANAMERICAN,NL,NOTHISPANICorNOTLATINO,DEM,DEMOCRATIC,55.0,10252007.0,Age4165,DK6407
ALAMANCE,A,ACTIVE,BOYDLULAHAYES,,2505SNCHWY119,BLACKorAFRICANAMERICAN,NL,NOTHISPANICorNOTLATINO,DEM,DEMOCRATIC,92.0,3091992.0,AgeOver66,AA80137
ALAMANCE,A,ACTIVE,BOYDMARIAPAMELAALDA,,573STONEYCREEKCHURCHRD,OTHER,NL,NOTHISPANICorNOTLATINO,REP,REPUBLICAN,,7142006.0,Age4165,AA146957
ALAMANCE,A,ACTIVE,BOYDMARKCHRISTOPHER,,509BROWNBARKLN,WHITE,NL,NOTHISPANICorNOTLATINO,UNA,UNAFFILIATED,21.0,2192009.0,,AA163464
ALAMANCE,A,ACTIVE,BOYDMARYLOIS,,730IVEYRDD,BLACKorAFRICANAMERICAN,NL,NOTHISPANICorNOTLATINO,DEM,DEMOCRATIC,68.0,3162007.0,AgeOver66,AA149270
ALAMANCE,A,ACTIVE,BOYDMARYFRANCES,,130WCRESCENTSQUAREDRA,WHITE,NL,NOTHISPANICorNOTLATINO,REP,REPUBLICAN,,5282008.0,Age4165,AA154987
ALAMANCE,A,ACTIVE,BOYDMICHAELWILLIAM,,573STONEYCREEKCHURCHRD,WHITE,NL,NOTHISPANICorNOTLATINO,REP,REPUBLICAN,63.0,12161991.0,Age4165,AA79154
ALAMANCE,D,DENIED,BOYDMICHELETHOMAS,,423KERNODLEDR,BLACKorAFRICANAMERICAN,NL,NOTHISPANICorNOTLATINO,DEM,DEMOCRATIC,51.0,4211996.0,Age4165,AA99314
ALAMANCE,A,ACTIVE,BOYDNANCYBURKE,NANCYBURKEBOYD,1010WDAVISST,UNDESIGNATED,NL,NOTHISPANICorNOTLATINO,UNA,UNAFFILIATED,84.0,,AgeOver66,AA108048
ALAMANCE,A,ACTIVE,BOYDPATRICKLEE,PATRICKLEEBOYD,,WHITE,NL,NOTHISPANICorNOTLATINO,REP,REPUBLICAN,60.0,1061984.0,Age4165,AA6205
ALAMANCE,A,ACTIVE,BOYDPAULAHANNINEN,PAULAHANNINENBOYD,,WHITE,NL,NOTHISPANICorNOTLATINO,REP,REPUBLICAN,58.0,1061984.0,Age4165,AA6206
ALAMANCE,D,DENIED,BOYDRACHAELMARIE,RACHAELMARIEBOYD,1907HIGHVIEWST,WHITE,UN,UNDESIGNATED,REP,REPUBLICAN,30.0,,Age2640,AA140773
ALAMANCE,A,ACTIVE,BOYDRAYDENNAFRANCIS,RAYDENNAFRANCISBOYD,1804HARRISDR,UNDESIGNATED,UN,UNDESIGNATED,UNA,UNAFFILIATED,36.0,4302012.0,Age2640,AA172007
ALAMANCE,R,REMOVED,BOYDROBERTWAYNEJR,ROBERTWAYNEBOYDJR,708ELLENDR,WHITE,NL,NOTHISPANICorNOTLATINO,REP,REPUBLICAN,67.0,,AgeOver66,AA6208
ALAMANCE,A,ACTIVE,BOYDROBERTJR,ROBERTBOYDJR,730IVEYRDD,BLACKorAFRICANAMERICAN,NL,NOTHISPANICorNOTLATINO,DEM,DEMOCRATIC,66.0,2232007.0,AgeOver66,AA148980
ALAMANCE,A,ACTIVE,BOYDROBERTBERNARD,ROBERTBERNARDBOYD,,TWOorMORERACES,UN,UNDESIGNATED,DEM,DEMOCRATIC,56.0,5181995.0,Age4165,AA94109
ALAMANCE,A,ACTIVE,BOYDSHELETHAANN,SHELETHAANNBOYD,512EPARKERST,BLACKorAFRICANAMERICAN,UN,UNDESIGNATED,DEM,DEMOCRATIC,55.0,10062008.0,Age4165,AA159174
ALAMANCE,D,DENIED,BOYDSTEVENSHANE,STEVENSHANEBOYD,1519NMEBANEST,WHITE,NL,NOTHISPANICorNOTLATINO,UNA,UNAFFILIATED,38.0,5122008.0,Age2640,AA154988
ALAMANCE,A,ACTIVE,BOYDTERRYLAWRENCE,TERRYLAWRENCEBOYD,,BLACKorAFRICANAMERICAN,NL,NOTHISPANICorNOTLATINO,DEM,DEMOCRATIC,57.0,3272008.0,Age4165,AA153085
ALAMANCE,A,ACTIVE,BOYDTHADDEUS(NMN)III,THADDEUS(NMN)BOYDIII,,WHITE,NL,NOTHISPANICorNOTLATINO,REP,REPUBLICAN,52.0,11041994.0,Age4165,AA92163
ALAMANCE,A,ACTIVE,BOYDTRACYPAYNE,TRACYPAYNEBOYD,1845WBUCKHILLRD,WHITE,NL,NOTHISPANICorNOTLATINO,REP,REPUBLICAN,43.0,7191988.0,Age4165,AA65420
ALAMANCE,A,ACTIVE,BOYDWALTERYATESJR,WALTERYATESBOYDJR,407MEADOWOODDR,WHITE,NL,NOTHISPANICorNOTLATINO,REP,REPUBLICAN,82.0,12251958.0,AgeOver66,AA6209
ALAMANCE,A,ACTIVE,BOYDWALTERYATESJR,WALTERYATESBOYDJR,,WHITE,NL,NOTHISPANICorNOTLATINO,DEM,DEMOCRATIC,54.0,4061976.0,Age4165,AA6210
ALAMANCE,A,ACTIVE,BOYDWILLADEANDUNCAN,WILLADEANDUNCANBOYD,215HOLLYRIDGELN,WHITE,NL,NOTHISPANICorNOTLATINO,REP,REPUBLICAN,75.0,4092007.0,AgeOver66,AA149335
ALAMANCE,R,REMOVED,BOYDWILLIAM,WILLIAMBOYD,309TRAILFOUR,WHITE,UN,UNDESIGNATED,REP,REPUBLICAN,70.0,6222004.0,AgeOver66,AA134904
ALAMANCE,A,ACTIVE,BOYDWILSONAUGUSTUS,WILSONAUGUSTUSBOYD,151WINDSORDR,WHITE,NL,NOTHISPANICorNOTLATINO,REP,REPUBLICAN,64.0,2231976.0,Age4165,AA6211
ALAMANCE,A,ACTIVE,BOYDSTUNBRITTANYNICHOLE,BRITTANYNICHOLEBOYDSTUN,1433WILLIEPACERD,WHITE,NL,NOTHISPANICorNOTLATINO,DEM,DEMOCRATIC,22.0,2062008.0,,AA152085
ALAMANCE,A,ACTIVE,BOYDSTUNJAMESARCHIEII,JAMESARCHIEBOYDSTUNII,3318NESTER'SCT,WHITE,NL,NOTHISPANICorNOTLATINO,UNA,UNAFFILIATED,,6211996.0,Age4165,AA100000
ALAMANCE,A,ACTIVE,BOYDSTUNMICHELLEDOSS,,3318NESTER'SCT,WHITE,NL,NOTHISPANICorNOTLATINO,UNA,UNAFFILIATED,,12161991.0,Age4165,AA79217
ALAMANCE,R,REMOVED,BOYERALYSONLEIGH,ALYSONLEIGHBOYER,901APPLEST,WHITE,NL,NOTHISPANICorNOTLATINO,UNA,UNAFFILIATED,28.0,8152006.0,Age2640,AA147156
ALAMANCE,A,ACTIVE,BOYERBERNARDALBERTJR,BERNARDALBERTBOYERJR,552SYCAMOREDR,WHITE,UN,UNDESIGNATED,UNA,UNAFFILIATED,71.0,,AgeOver66,AA176393
ALAMANCE,R,REMOVED,BOYERBEVERLYCOOK,BEVERLYCOOKBOYER,1009GEORGETOWNEDR,WHITE,NL,NOTHISPANICorNOTLATINO,REP,REPUBLICAN,66.0,12311998.0,AgeOver66,AA112388
ALAMANCE,A,ACTIVE,BOYEREMMASCHOLL,EMMASCHOLLBOYER,,WHITE,NL,NOTHISPANICorNOTLATINO,DEM,DEMOCRATIC,29.0,2262007.0,Age2640,AA148981
ALAMANCE,A,ACTIVE,BOYERERICKEITH,ERICKEITHBOYER,2755DARRELLNEWTONDR,WHITE,NL,NOTHISPANICorNOTLATINO,DEM,DEMOCRATIC,36.0,11022010.0,Age2640,BL340877
ALAMANCE,A,ACTIVE,BOYERKARENRAY,KARENRAYBOYER,315COBLEST,WHITE,UN,UNDESIGNATED,DEM,DEMOCRATIC,32.0,4192012.0,Age2640,AA171969
ALAMANCE,A,ACTIVE,BOYERKATHRYNELIZABETH,KATHRYNELIZABETHBOYER,220GREENST,WHITE,NL,NOTHISPANICorNOTLATINO,UNA,UNAFFILIATED,19.0,5212012.0,,AA172501
ALAMANCE,A,ACTIVE,BOYERLEONAAULT,LEONAAULTBOYER,552SYCAMOREDR,WHITE,NL,NOTHISPANICorNOTLATINO,REP,REPUBLICAN,64.0,3272006.0,Age4165,AA146193
ALAMANCE,A,ACTIVE,BOYERLOUISANTHONY,,2279SNCHWY87,UNDESIGNATED,HL,HISPANICorLATINO,UNA,UNAFFILIATED,21.0,7032012.0,,AA173406
ALAMANCE,A,ACTIVE,BOYERMARKWILLIAM,,214EHARDENST,WHITE,NL,NOTHISPANICorNOTLATINO,REP,REPUBLICAN,42.0,1302012.0,Age4165,AA170225
ALAMANCE,A,ACTIVE,BOYERMARYALBRIGHT,,2032SNCHWY119,WHITE,NL,NOTHISPANICorNOTLATINO,DEM,DEMOCRATIC,87.0,8061976.0,AgeOver66,AA6213
ALAMANCE,A,ACTIVE,BOYERMICHAELROBERT,,8110BASSTRL,WHITE,NL,NOTHISPANICorNOTLATINO,UNA,UNAFFILIATED,56.0,11281990.0,Age4165,AA76023
ALAMANCE,A,ACTIVE,BOYERROBERTMARSHALL,ROBERTMARSHALLBOYER,315COBLEST,WHITE,NL,NOTHISPANICorNOTLATINO,REP,REPUBLICAN,32.0,4102012.0,Age2640,BY467113
ALAMANCE,A,ACTIVE,BOYERROBERTGARY,ROBERTGARYBOYER,1620ELDERWAY,WHITE,UN,UNDESIGNATED,UNA,UNAFFILIATED,52.0,10012012.0,Age4165,AA6214
ALAMANCE,A,ACTIVE,BOYERSHANNONMILLER,SHANNONMILLERBOYER,214EHARDENST,WHITE,NL,NOTHISPANICorNOTLATINO,REP,REPUBLICAN,40.0,6242009.0,Age2640,AA164177
ALAMANCE,R,REMOVED,BOYERWILBURBOOKMANJR,WILBURBOOKMANBOYERJR,1009GEORGETOWNEDR,WHITE,NL,NOTHISPANICorNOTLATINO,UNA,UNAFFILIATED,67.0,4301999.0,AgeOver66,AA114116
ALAMANCE,A,ACTIVE,BOYERWILLIAMJAMES,WILLIAMJAMESBOYER,5100YALECT,WHITE,UN,UNDESIGNATED,UNA,UNAFFILIATED,21.0,3302010.0,,AA165667
ALAMANCE,R,REMOVED,BOYETTEMARYMAYNARD,,501MANNINGAVE,WHITE,NL,NOTHISPANICorNOTLATINO,DEM,DEMOCRATIC,90.0,4222004.0,AgeOver66,AA133911
ALAMANCE,A,ACTIVE,BOYETTEPAULAPITTMAN,PAULAPITTMANBOYETTE,1322WDAVISST,WHITE,NL,NOTHISPANICorNOTLATINO,DEM,DEMOCRATIC,63.0,5082009.0,Age4165,AA163813
ALAMANCE,A,ACTIVE,BOYKINALLENRAY,ALLENRAYBOYKIN,706TUCKERST,BLACKorAFRICANAMERICAN,UN,UNDESIGNATED,DEM,DEMOCRATIC,37.0,,Age2640,AA161579
ALAMANCE,A,ACTIVE,BOYKINCYNTHIAPERRY,CYNTHIAPERRYBOYKIN,2236PINEKNOLLTER,BLACKorAFRICANAMERICAN,NL,NOTHISPANICorNOTLATINO,DEM,DEMOCRATIC,57.0,10051990.0,Age4165,AA75069
ALAMANCE,A,ACTIVE,BOYKINEMBREY,EMBREYBOYKIN,360AUSTINST,BLACKorAFRICANAMERICAN,NL,NOTHISPANICorNOTLATINO,DEM,DEMOCRATIC,59.0,10302008.0,Age4165,AA162115
ALAMANCE,A,ACTIVE,BOYKINFAITHNICOLE,FAITHNICOLEBOYKIN,2236PINEKNOLLTER,BLACKorAFRICANAMERICAN,NL,NOTHISPANICorNOTLATINO,UNA,UNAFFILIATED,20.0,4132012.0,,AA171485
ALAMANCE,R,REMOVED,BOYKINGLORIAANN,GLORIAANNBOYKIN,360AUSTINST,BLACKorAFRICANAMERICAN,UN,UNDESIGNATED,DEM,DEMOCRATIC,64.0,5062008.0,Age4165,AA154774
ALAMANCE,A,ACTIVE,BOYKINKARALYN,KARALYNBOYKIN,1325PARKERST,UNDESIGNATED,UN,UNDESIGNATED,REP,REPUBLICAN,30.0,5212012.0,Age2640,AA172179
ALAMANCE,A,ACTIVE,BOYKINLEASHANIL,LEASHANILBOYKIN,2515HICKORYAVE,BLACKorAFRICANAMERICAN,UN,UNDESIGNATED,DEM,DEMOCRATIC,36.0,4172012.0,Age2640,BL351237
ALAMANCE,A,ACTIVE,BOYKINMARIAMOREKIN,,2901QUAKERCREEKDR,WHITE,NL,NOTHISPANICorNOTLATINO,REP,REPUBLICAN,65.0,,Age4165,AA164925
ALAMANCE,A,ACTIVE,BOYKINPATRICIALEE,PATRICIALEEBOYKIN,2515HICKORYAVE,BLACKorAFRICANAMERICAN,NL,NOTHISPANICorNOTLATINO,DEM,DEMOCRATIC,61.0,5272011.0,Age4165,BL7788
ALAMANCE,A,ACTIVE,BOYKINPETERROBERT,PETERROBERTBOYKIN,759JIMMIEKERRRD,WHITE,NL,NOTHISPANICorNOTLATINO,UNA,UNAFFILIATED,35.0,1272012.0,Age2640,BL290266
ALAMANCE,A,ACTIVE,BOYKINRONALDEDWARD,RONALDEDWARDBOYKIN,2901QUAKERCREEKDR,WHITE,NL,NOTHISPANICorNOTLATINO,REP,REPUBLICAN,64.0,9072010.0,Age4165,AA166741
ALAMANCE,A,ACTIVE,BOYKINWILLIAMJAMES,WILLIAMJAMESBOYKIN,,BLACKorAFRICANAMERICAN,NL,NOTHISPANICorNOTLATINO,DEM,DEMOCRATIC,58.0,,Age4165,AA163962
ALAMANCE,A,ACTIVE,BOYKINSJERRYMATTHEW,JERRYMATTHEWBOYKINS,3554ZIONRD,BLACKorAFRICANAMERICAN,NL,NOTHISPANICorNOTLATINO,DEM,DEMOCRATIC,,5171991.0,Age4165,AA77342
ALAMANCE,A,ACTIVE,BOYLANJESSIELEONJR,JESSIELEONBOYLANJR,2436EGREENSBOROCHAPELHILLRD,BLACKorAFRICANAMERICAN,NL,NOTHISPANICorNOTLATINO,DEM,DEMOCRATIC,57.0,4132011.0,Age4165,AA168372
ALAMANCE,R,REMOVED,BOYLANJESSIELEONJR,JESSIELEONBOYLANJR,2432EGREENSBOROCHAPELHILLRD,BLACKorAFRICANAMERICAN,UN,UNDESIGNATED,UNA,UNAFFILIATED,57.0,5012000.0,Age4165,AA118126
ALAMANCE,A,ACTIVE,BOYLANNATALIEMARIE,NATALIEMARIEBOYLAN,2414PEPPERSTONEDR,WHITE,NL,NOTHISPANICorNOTLATINO,UNA,UNAFFILIATED,,3262007.0,Age4165,AA149213
ALAMANCE,I,INACTIVE,BOYLANTIMOTHYWRIGHT,TIMOTHYWRIGHTBOYLAN,4419CORNERSTONEDR,WHITE,NL,NOTHISPANICorNOTLATINO,UNA,UNAFFILIATED,63.0,3262007.0,Age4165,AA149214
ALAMANCE,A,ACTIVE,BOYLANDONNELLYPATRICIAANN,PATRICIAANNBOYLANDONNELLY,605ISLEYPLA,WHITE,NL,NOTHISPANICorNOTLATINO,UNA,UNAFFILIATED,61.0,3262007.0,Age4165,AA149212
ALAMANCE,A,ACTIVE,BOYLANWALKERDANARACHELLE,DANARACHELLEBOYLANWALKER,1322HANFORDHILLSRD,BLACKorAFRICANAMERICAN,NL,NOTHISPANICorNOTLATINO,DEM,DEMOCRATIC,39.0,2252003.0,Age2640,AA129604
ALAMANCE,A,ACTIVE,BOYLEALICEDICKSON,ALICEDICKSONBOYLE,502SFIFTHST,WHITE,NL,NOTHISPANICorNOTLATINO,DEM,DEMOCRATIC,59.0,10071990.0,Age4165,AA74574
ALAMANCE,A,ACTIVE,BOYLEKEVINBARRY,KEVINBARRYBOYLE,441CIRCLEDR,WHITE,NL,NOTHISPANICorNOTLATINO,DEM,DEMOCRATIC,58.0,9111992.0,Age4165,AA82886
ALAMANCE,R,REMOVED,BOYLEKYNDALLLANE,KYNDALLLANEBOYLE,,WHITE,NL,NOTHISPANICorNOTLATINO,DEM,DEMOCRATIC,,,Age4165,AA121852
ALAMANCE,A,ACTIVE,BOYLEMARKDAVID,,326WGILBREATHST,WHITE,UN,UNDESIGNATED,UNA,UNAFFILIATED,57.0,10022012.0,Age4165,AA176305
ALAMANCE,A,ACTIVE,BOYLEMEREDITHLEE,,901MARTINAVE,WHITE,NL,NOTHISPANICorNOTLATINO,UNA,UNAFFILIATED,39.0,,Age2640,AA161426
ALAMANCE,A,ACTIVE,BOYLEVIRGILEENTEW,VIRGILEENTEWBOYLE,326WGILBREATHST,WHITE,NL,NOTHISPANICorNOTLATINO,DEM,DEMOCRATIC,90.0,,AgeOver66,AA6223
ALAMANCE,A,ACTIVE,BOYLESDODIECARAWAN,DODIECARAWANBOYLES,,WHITE,NL,NOTHISPANICorNOTLATINO,DEM,DEMOCRATIC,39.0,10051996.0,Age2640,AA102880
ALAMANCE,A,ACTIVE,BOYLESJIMLEE,JIMLEEBOYLES,100WADECOBLEDR310,WHITE,NL,NOTHISPANICorNOTLATINO,DEM,DEMOCRATIC,89.0,1061993.0,AgeOver66,AA86493
ALAMANCE,A,ACTIVE,BOYLESJOSEPHBASIL,JOSEPHBASILBOYLES,,WHITE,NL,NOTHISPANICorNOTLATINO,DEM,DEMOCRATIC,37.0,8072000.0,Age2640,AA118812
ALAMANCE,A,ACTIVE,BOYLESJOYCEMARIE,JOYCEMARIEBOYLES,2435MORANST15,WHITE,NL,NOTHISPANICorNOTLATINO,REP,REPUBLICAN,51.0,2171988.0,Age4165,AA64060
ALAMANCE,A,ACTIVE,BOYLESLOUISEKIMREY,,1629WYCLIFFCT,WHITE,NL,NOTHISPANICorNOTLATINO,DEM,DEMOCRATIC,88.0,1151993.0,AgeOver66,AA86494
ALAMANCE,A,ACTIVE,BOYLESMARYSHAW,,3801WADECOBLEDRRM223,WHITE,UN,UNDESIGNATED,REP,REPUBLICAN,90.0,11152002.0,AgeOver66,AA128954
ALAMANCE,R,REMOVED,BOYLESMELISSACAROL,,742HANNERRD,WHITE,NL,NOTHISPANICorNOTLATINO,UNA,UNAFFILIATED,37.0,10072004.0,Age2640,AA140455
ALAMANCE,A,ACTIVE,BOYLESNADINEWYRICK,NADINEWYRICKBOYLES,902BURLINGTONAVE8010,WHITE,NL,NOTHISPANICorNOTLATINO,DEM,DEMOCRATIC,83.0,5121952.0,AgeOver66,AA6225
ALAMANCE,A,ACTIVE,BOYLESNANCYKLUTTZ,NANCYKLUTTZBOYLES,2589GLENKIRKDR,WHITE,NL,NOTHISPANICorNOTLATINO,DEM,DEMOCRATIC,68.0,2072012.0,AgeOver66,BY20323
ALAMANCE,A,ACTIVE,BOYLESSCOTTERIC,SCOTTERICBOYLES,1297WALNUTGROVELN,WHITE,NL,NOTHISPANICorNOTLATINO,UNA,UNAFFILIATED,54.0,5062008.0,Age4165,AA154775
ALAMANCE,A,ACTIVE,BOYLESWILLIAMHOWARDJR,WILLIAMHOWARDBOYLESJR,2589GLENKIRKDR,WHITE,NL,NOTHISPANICorNOTLATINO,DEM,DEMOCRATIC,68.0,2072012.0,AgeOver66,AA170284
ALAMANCE,A,ACTIVE,BOYLSTONBRIANGILMORE,BRIANGILMOREBOYLSTON,5005WINDSORCT,WHITE,NL,NOTHISPANICorNOTLATINO,UNA,UNAFFILIATED,34.0,8052009.0,Age2640,AA164486
ALAMANCE,A,ACTIVE,BOYLSTONYUNLEE,YUNLEEBOYLSTON,5005WINDSORCT,ASIAN,UN,UNDESIGNATED,UNA,UNAFFILIATED,34.0,8112009.0,Age2640,AA164522
ALAMANCE,A,ACTIVE,BOYSASHLEYMARIE,ASHLEYMARIEBOYS,1720OLDSTMARK'SCHURCHRD73B,WHITE,NL,NOTHISPANICorNOTLATINO,UNA,UNAFFILIATED,25.0,1192010.0,,AA165313
ALAMANCE,R,REMOVED,BOYSELCONNIESUE,CONNIESUEBOYSEL,2516HUTCHINSHILLLN,WHITE,NL,NOTHISPANICorNOTLATINO,REP,REPUBLICAN,56.0,9161997.0,Age4165,AA107500
ALAMANCE,A,ACTIVE,BOYSELHEATHEROAKLEY,HEATHEROAKLEYBOYSEL,3008HOLLYWOODDR,WHITE,NL,NOTHISPANICorNOTLATINO,UNA,UNAFFILIATED,37.0,,Age2640,AA91867
ALAMANCE,A,ACTIVE,BOYSELROBERTDEAN,ROBERTDEANBOYSEL,3008HOLLYWOODDR,WHITE,NL,NOTHISPANICorNOTLATINO,UNA,UNAFFILIATED,33.0,3272009.0,Age2640,AA163629
ALAMANCE,R,REMOVED,BOYSELRONNIEDEAN,RONNIEDEANBOYSEL,2516HUTCHINSHILLLN,WHITE,NL,NOTHISPANICorNOTLATINO,REP,REPUBLICAN,58.0,9161997.0,Age4165,AA107502
ALAMANCE,A,ACTIVE,BOZEMANBARBARAMCCALL,BARBARAMCCALLBOZEMAN,204EMERSONDR,WHITE,NL,NOTHISPANICorNOTLATINO,DEM,DEMOCRATIC,55.0,1252011.0,Age4165,AA167930
ALAMANCE,A,ACTIVE,BOZEMANBERTHALOUISE,BERTHALOUISEBOZEMAN,1824NNCHWY62B,BLACKorAFRICANAMERICAN,NL,NOTHISPANICorNOTLATINO,DEM,DEMOCRATIC,52.0,8311990.0,Age4165,AA73207
ALAMANCE,R,REMOVED,BOZEMANCARLJR,CARLBOZEMANJR,5061SWEPSONVILLESAXAPAHAWRD,BLACKorAFRICANAMERICAN,NL,NOTHISPANICorNOTLATINO,UNA,UNAFFILIATED,76.0,5072003.0,AgeOver66,AA130204
ALAMANCE,A,ACTIVE,BOZEMANCEDRICDEON,CEDRICDEONBOZEMAN,1009CAMDENST,BLACKorAFRICANAMERICAN,NL,NOTHISPANICorNOTLATINO,DEM,DEMOCRATIC,36.0,9252000.0,Age2640,AA121152
ALAMANCE,A,ACTIVE,BOZEMANCHARLIELEE,CHARLIELEEBOZEMAN,1408SHARPERD,BLACKorAFRICANAMERICAN,NL,NOTHISPANICorNOTLATINO,DEM,DEMOCRATIC,76.0,10261968.0,AgeOver66,AA6227
ALAMANCE,A,ACTIVE,BOZEMANCHARLIETHOMAS,CHARLIETHOMASBOZEMAN,2014MCKINNEYST,BLACKorAFRICANAMERICAN,NL,NOTHISPANICorNOTLATINO,DEM,DEMOCRATIC,58.0,4051984.0,Age4165,
ALAMANCE,A,ACTIVE,BOZEMANCHENILLEANTIONETTE,CHENILLEANTIONETTEBOZEMAN,1721HANFORDHILLSRD,BLACKorAFRICANAMERICAN,NL,NOTHISPANICorNOTLATINO,DEM,DEMOCRATIC,40.0,3041993.0,Age2640,AA86777
ALAMANCE,A,ACTIVE,BOZEMANDEBORAHDENISE,DEBORAHDENISEBOZEMAN,1951PAYNERD,BLACKorAFRICANAMERICAN,NL,NOTHISPANICorNOTLATINO,DEM,DEMOCRATIC,55.0,10271992.0,Age4165,AA86495
ALAMANCE,A,ACTIVE,BOZEMANDEMALELAMER,DEMALELAMERBOZEMAN,1721HANFORDHILLSRD,BLACKorAFRICANAMERICAN,UN,UNDESIGNATED,DEM,DEMOCRATIC,19.0,7182011.0,,AA168886
ALAMANCE,A,ACTIVE,BOZEMANDORISMARIE,DORISMARIEBOZEMAN,1408SHARPERD,BLACKorAFRICANAMERICAN,NL,NOTHISPANICorNOTLATINO,DEM,DEMOCRATIC,71.0,10261968.0,AgeOver66,AA6228
ALAMANCE,A,ACTIVE,BOZEMANDWIGHTL,DWIGHTLBOZEMAN,1011JACKSONST,BLACKorAFRICANAMERICAN,NL,NOTHISPANICorNOTLATINO,DEM,DEMOCRATIC,55.0,10031995.0,Age4165,AA95972
ALAMANCE,A,ACTIVE,BOZEMANELSIEMCADAMS,ELSIEMCADAMSBOZEMAN,1009CAMDENST,BLACKorAFRICANAMERICAN,NL,NOTHISPANICorNOTLATINO,DEM,DEMOCRATIC,78.0,11261991.0,AgeOver66,AA79012
ALAMANCE,A,ACTIVE,BOZEMANEVELYNFAUCETTE,EVELYNFAUCETTEBOZEMAN,2014MCKINNEYST,BLACKorAFRICANAMERICAN,NL,NOTHISPANICorNOTLATINO,DEM,DEMOCRATIC,61.0,4091984.0,Age4165,
ALAMANCE,R,REMOVED,BOZEMANGUYNELLSR,GUYNELLSRBOZEMAN,,BLACKorAFRICANAMERICAN,NL,NOTHISPANICorNOTLATINO,UNA,UNAFFILIATED,75.0,9232000.0,AgeOver66,AA120085
ALAMANCE,A,ACTIVE,BOZEMANIBBYHANEY,IBBYHANEYBOZEMAN,1928WOODLANDAVE,WHITE,NL,NOTHISPANICorNOTLATINO,UNA,UNAFFILIATED,63.0,10051984.0,Age4165,
ALAMANCE,R,REMOVED,BOZEMANJEFFREYLEIGH,JEFFREYLEIGHBOZEMAN,1721HANFORDHILLSRD,BLACKorAFRICANAMERICAN,UN,UNDESIGNATED,DEM,DEMOCRATIC,,10051992.0,Age4165,AA84876
ALAMANCE,I,INACTIVE,BOZEMANKARENGAIL,KARENGAILBOZEMAN,202JOYDRB,BLACKorAFRICANAMERICAN,NL,NOTHISPANICorNOTLATINO,DEM,DEMOCRATIC,,10071997.0,Age4165,AA107765
ALAMANCE,A,ACTIVE,BOZEMANKELVINL,KELVINLBOZEMAN,1406SHARPERD,BLACKorAFRICANAMERICAN,NL,NOTHISPANICorNOTLATINO,DEM,DEMOCRATIC,39.0,11072000.0,Age2640,AA122049
ALAMANCE,A,ACTIVE,BOZEMANLAKISHAGRAVES,LAKISHAGRAVESBOZEMAN,1406SHARPERD,BLACKorAFRICANAMERICAN,UN,UNDESIGNATED,DEM,DEMOCRATIC,38.0,11022004.0,Age2640,AA141540
ALAMANCE,A,ACTIVE,BOZEMANLUKELEDON,,204EMERSONDR,WHITE,NL,NOTHISPANICorNOTLATINO,DEM,DEMOCRATIC,55.0,1042011.0,Age4165,AA167870
ALAMANCE,A,ACTIVE,BOZEMANMARVERENEMCCOY,,1011JACKSONST,BLACKorAFRICANAMERICAN,NL,NOTHISPANICorNOTLATINO,DEM,DEMOCRATIC,,11072000.0,Age4165,AA121971
ALAMANCE,A,ACTIVE,BOZEMANMARYPOTEAT,,,BLACKorAFRICANAMERICAN,NL,NOTHISPANICorNOTLATINO,DEM,DEMOCRATIC,70.0,3071988.0,AgeOver66,AA64349
ALAMANCE,A,ACTIVE,BOZEMANMARYCOZETTA,,823LAKESIDEAVE,BLACKorAFRICANAMERICAN,NL,NOTHISPANICorNOTLATINO,DEM,DEMOCRATIC,67.0,5101972.0,AgeOver66,AA6229
ALAMANCE,A,ACTIVE,BOZEMANPAMELAANNETTE,PAMELAANNETTEBOZEMAN,1009CAMDENST,BLACKorAFRICANAMERICAN,NL,NOTHISPANICorNOTLATINO,DEM,DEMOCRATIC,54.0,,Age4165,AA78771
ALAMANCE,A,ACTIVE,BOZEMANRACHELE,RACHELEBOZEMAN,1007MADISONST,BLACKorAFRICANAMERICAN,NL,NOTHISPANICorNOTLATINO,UNA,UNAFFILIATED,78.0,7271996.0,AgeOver66,AA100751
ALAMANCE,A,ACTIVE,BOZEMANROLANDWAYNE,ROLANDWAYNEBOZEMAN,1928WOODLANDAVE,WHITE,NL,NOTHISPANICorNOTLATINO,UNA,UNAFFILIATED,63.0,2161984.0,Age4165,
ALAMANCE,A,ACTIVE,BOZEMANVIRGINIAQUISTA,VIRGINIAQUISTABOZEMAN,439CRESCENTAVE,BLACKorAFRICANAMERICAN,UN,UNDESIGNATED,DEM,DEMOCRATIC,33.0,8092004.0,Age2640,AA135198
ALAMANCE,I,INACTIVE,BOZEMANGARNERMARIONLYNNETTE,,6518BEALERD,BLACKorAFRICANAMERICAN,NL,NOTHISPANICorNOTLATINO,DEM,DEMOCRATIC,,3092001.0,Age4165,AA122959
ALAMANCE,A,ACTIVE,BOZOVICHEMILYSMITH,EMILYSMITHBOZOVICH,509HILLLN,WHITE,UN,UNDESIGNATED,REP,REPUBLICAN,52.0,5221998.0,Age4165,AA110010
ALAMANCE,A,ACTIVE,BOZOVICHMARGARETJEAN,,509HILLLN,WHITE,NL,NOTHISPANICorNOTLATINO,UNA,UNAFFILIATED,20.0,8272010.0,,AA166656
ALAMANCE,A,ACTIVE,BOZOVICHSAMUELDARYL,SAMUELDARYLBOZOVICH,509HILLLN,WHITE,NL,NOTHISPANICorNOTLATINO,REP,REPUBLICAN,52.0,5221998.0,Age4165,AA110011
ALAMANCE,D,DENIED,BOZURICHJENNIFERANN,JENNIFERANNBOZURICH,301CHANDLERHALL,WHITE,NL,NOTHISPANICorNOTLATINO,UNA,UNAFFILIATED,31.0,11172000.0,Age2640,AA122050
ALAMANCE,A,ACTIVE,BRACCHIBETHANYANNE,BETHANYANNEBRACCHI,,WHITE,NL,NOTHISPANICorNOTLATINO,UNA,UNAFFILIATED,29.0,9172006.0,Age2640,AA147471
ALAMANCE,A,ACTIVE,BRACEROARIELLEMICHELLE,ARIELLEMICHELLEBRACERO,210WILLOWBROOKCT,TWOorMORERACES,HL,HISPANICorLATINO,UNA,UNAFFILIATED,24.0,1222008.0,,AA151941
ALAMANCE,A,ACTIVE,BRACEYFLOSSIEWARREN,FLOSSIEWARRENBRACEY,413EWEBBST,BLACKorAFRICANAMERICAN,UN,UNDESIGNATED,DEM,DEMOCRATIC,56.0,10041982.0,Age4165,AA6235
ALAMANCE,I,INACTIVE,BRACEYMELISSAELAINE,,424WILLOWBROOKCT,WHITE,NL,NOTHISPANICorNOTLATINO,UNA,UNAFFILIATED,28.0,10242008.0,Age2640,AA161713
ALAMANCE,A,ACTIVE,BRACHEARGLENNASUE,GLENNASUEBRACHEAR,1648WHITE'SKENNELRD25,WHITE,NL,NOTHISPANICorNOTLATINO,REP,REPUBLICAN,55.0,3292004.0,Age4165,AA133535
ALAMANCE,A,ACTIVE,BRACKENLARRYDOUGLASJR,LARRYDOUGLASBRACKENJR,514EHARDENST,UNDESIGNATED,UN,UNDESIGNATED,UNA,UNAFFILIATED,44.0,3142012.0,Age4165,AA170944
ALAMANCE,A,ACTIVE,BRACKERELEANORSMITH,ELEANORSMITHBRACKER,1652WYCLIFFCT,WHITE,UN,UNDESIGNATED,REP,REPUBLICAN,76.0,7302011.0,AgeOver66,BY20424
ALAMANCE,A,ACTIVE,BRACKETTBRITTANYLALANE,BRITTANYLALANEBRACKETT,100MANNINGWAY,WHITE,UN,UNDESIGNATED,REP,REPUBLICAN,23.0,6192007.0,,AA149843
ALAMANCE,A,ACTIVE,BRACKETTDONNAKINLEY,DONNAKINLEYBRACKETT,4242KIMESVILLERD,WHITE,NL,NOTHISPANICorNOTLATINO,REP,REPUBLICAN,,10261990.0,Age4165,AA75952
ALAMANCE,A,ACTIVE,BRACKETTJEWELLJONES,JEWELLJONESBRACKETT,1004FAIRST,WHITE,NL,NOTHISPANICorNOTLATINO,DEM,DEMOCRATIC,90.0,10251952.0,AgeOver66,AA6238
ALAMANCE,R,REMOVED,BRACKETTLEWISALEXANDER,LEWISALEXANDERBRACKETT,1004FAIRST,WHITE,NL,NOTHISPANICorNOTLATINO,DEM,DEMOCRATIC,95.0,10251952.0,AgeOver66,AA6239
ALAMANCE,A,ACTIVE,BRACKETTLOGANMICHAEL,,409SSECONDST,WHITE,NL,NOTHISPANICorNOTLATINO,DEM,DEMOCRATIC,23.0,1112012.0,,CC113809
ALAMANCE,I,INACTIVE,BRACKETTPATRICKSEAN,PATRICKSEANBRACKETT,1863TURNERRD,WHITE,NL,NOTHISPANICorNOTLATINO,REP,REPUBLICAN,30.0,10242003.0,Age2640,AA131869
ALAMANCE,A,ACTIVE,BRACKETTSTACEYELLEN,STACEYELLENBRACKETT,1863TURNERRD10,WHITE,NL,NOTHISPANICorNOTLATINO,REP,REPUBLICAN,27.0,5022003.0,Age2640,AA130251
ALAMANCE,R,REMOVED,BRACKETTSYLVIACRUTCHFIELD,SYLVIACRUTCHFIELDBRACKETT,407NNCHWY87,WHITE,NL,NOTHISPANICorNOTLATINO,REP,REPUBLICAN,71.0,10021976.0,AgeOver66,AA6241
ALAMANCE,A,ACTIVE,BRADBERRYBARRYAUBREY,BARRYAUBREYBRADBERRY,206WINDRIFTDR,WHITE,NL,NOTHISPANICorNOTLATINO,DEM,DEMOCRATIC,59.0,10081979.0,Age4165,AA6243
ALAMANCE,A,ACTIVE,BRADBERRYMARTHAFOSTER,,206WINDRIFTDR,WHITE,NL,NOTHISPANICorNOTLATINO,DEM,DEMOCRATIC,61.0,9301992.0,Age4165,AA84878
ALAMANCE,R,REMOVED,BRADBURNLLOYD,,,WHITE,NL,NOTHISPANICorNOTLATINO,DEM,DEMOCRATIC,84.0,4091979.0,AgeOver66,AA6244
ALAMANCE,R,REMOVED,BRADBURNLOUISESEAGROVES,,2416OLDTRAILRD,WHITE,NL,NOTHISPANICorNOTLATINO,REP,REPUBLICAN,88.0,9221990.0,AgeOver66,AA73571
ALAMANCE,A,ACTIVE,BRADBURYABIGAILMARIE,ABIGAILMARIEBRADBURY,321WTROLLINGERAVEA3,UNDESIGNATED,UN,UNDESIGNATED,REP,REPUBLICAN,21.0,5092012.0,,AA173531
ALAMANCE,A,ACTIVE,BRADDOCKLAMBERTPAMELAKAYE,PAMELAKAYEBRADDOCKLAMBERT,1402EHARDENST8,WHITE,NL,NOTHISPANICorNOTLATINO,REP,REPUBLICAN,,5112012.0,Age4165,AA171958
ALAMANCE,A,ACTIVE,BRADDYCARMENGANTOS,CARMENGANTOSBRADDY,1646JEFFRIESCROSSRD,WHITE,NL,NOTHISPANICorNOTLATINO,REP,REPUBLICAN,23.0,3242008.0,,AA153005
ALAMANCE,A,ACTIVE,BRADDYDEBRASTONE,DEBRASTONEBRADDY,2972CABINRD,WHITE,UN,UNDESIGNATED,REP,REPUBLICAN,,9131989.0,Age4165,AA69845
ALAMANCE,A,ACTIVE,BRADDYESQURIDOBRADSHER,ESQURIDOBRADSHERBRADDY,4947SNCHWY87,WHITE,NL,NOTHISPANICorNOTLATINO,DEM,DEMOCRATIC,64.0,7302003.0,Age4165,AA130855
ALAMANCE,A,ACTIVE,BRADDYJULIEPITTS,JULIEPITTSBRADDY,4975SNOWCAMPRD,WHITE,NL,NOTHISPANICorNOTLATINO,REP,REPUBLICAN,43.0,9141993.0,Age4165,AA88174
ALAMANCE,A,ACTIVE,BRADDYKAYHOGAN,KAYHOGANBRADDY,527WILDWOODLN,WHITE,NL,NOTHISPANICorNOTLATINO,REP,REPUBLICAN,,10032007.0,Age4165,AA150669
ALAMANCE,A,ACTIVE,BRADDYKEVINEARLE,KEVINEARLEBRADDY,4975SNOWCAMPRD,WHITE,UN,UNDESIGNATED,REP,REPUBLICAN,40.0,9272004.0,Age2640,AA138438
ALAMANCE,A,ACTIVE,BRADDYLINDAREE,LINDAREEBRADDY,3634COOKST,WHITE,NL,NOTHISPANICorNOTLATINO,UNA,UNAFFILIATED,55.0,7012004.0,Age4165,AA136228
ALAMANCE,R,REMOVED,BRADDYMICHAELALSTON,,419SBEAUMONTAVE,WHITE,NL,NOTHISPANICorNOTLATINO,DEM,DEMOCRATIC,53.0,11131991.0,Age4165,AA78772
ALAMANCE,A,ACTIVE,BRADDYNATHANIELHAYDEN,NATHANIELHAYDENBRADDY,4019COMRIELN,WHITE,NL,NOTHISPANICorNOTLATINO,REP,REPUBLICAN,26.0,12112003.0,Age2640,AA132355
ALAMANCE,A,ACTIVE,BRADDYSTEPHENROSCOE,STEPHENROSCOEBRADDY,6740SNOWCAMPRD,WHITE,UN,UNDESIGNATED,UNA,UNAFFILIATED,37.0,7181997.0,Age2640,AA106858
ALAMANCE,A,ACTIVE,BRADDYWILLIAMHADDON,WILLIAMHADDONBRADDY,2972CABINRD,WHITE,UN,UNDESIGNATED,DEM,DEMOCRATIC,,,Age4165,AA124913
ALAMANCE,A,ACTIVE,BRADDYWILLIAMROBERT,WILLIAMROBERTBRADDY,1646JEFFRIESCROSSRD,WHITE,NL,NOTHISPANICorNOTLATINO,REP,REPUBLICAN,25.0,5132005.0,,AA143574
ALAMANCE,A,ACTIVE,BRADENWILLIAMJOSEPH,WILLIAMJOSEPHBRADEN,929APPLEBLOSSOMLN,UNDESIGNATED,UN,UNDESIGNATED,UNA,UNAFFILIATED,58.0,9142012.0,Age4165,AA175051
ALAMANCE,A,ACTIVE,BRADFIELDALVINDEAN,ALVINDEANBRADFIELD,600TRAILTWO,WHITE,NL,NOTHISPANICorNOTLATINO,UNA,UNAFFILIATED,82.0,8071991.0,AgeOver66,AA78039
ALAMANCE,A,ACTIVE,BRADFIELDRUTHEMMA,RUTHEMMABRADFIELD,600TRAILTWO,WHITE,NL,NOTHISPANICorNOTLATINO,UNA,UNAFFILIATED,83.0,8071991.0,AgeOver66,AA78040
ALAMANCE,A,ACTIVE,BRADFORDAJACK,AJACKBRADFORD,1323STANDREWSDR,WHITE,NL,NOTHISPANICorNOTLATINO,REP,REPUBLICAN,80.0,9142004.0,AgeOver66,AA137424
ALAMANCE,A,ACTIVE,BRADFORDBRITTDAVIS,BRITTDAVISBRADFORD,4714FORESTLAKEDR,WHITE,NL,NOTHISPANICorNOTLATINO,REP,REPUBLICAN,51.0,8291997.0,Age4165,AA107382
ALAMANCE,I,INACTIVE,BRADFORDDALTONHUNTER,DALTONHUNTERBRADFORD,4714FORESTLAKEDR,WHITE,NL,NOTHISPANICorNOTLATINO,REP,REPUBLICAN,22.0,11042008.0,,AA162497
ALAMANCE,R,REMOVED,BRADFORDEDWARDMATTHEW,EDWARDMATTHEWBRADFORD,1928GLENKIRKDR,WHITE,NL,NOTHISPANICorNOTLATINO,REP,REPUBLICAN,42.0,1162009.0,Age4165,AA163286
ALAMANCE,R,REMOVED,BRADFORDFLOYDGRAYSON,FLOYDGRAYSONBRADFORD,2537ASHEWOODDR,WHITE,NL,NOTHISPANICorNOTLATINO,DEM,DEMOCRATIC,55.0,4102008.0,Age4165,AA153806
ALAMANCE,A,ACTIVE,BRADFORDGARYWAYNE,GARYWAYNEBRADFORD,139BUCKEYECT,WHITE,NL,NOTHISPANICorNOTLATINO,REP,REPUBLICAN,29.0,3152012.0,Age2640,AA170926
ALAMANCE,R,REMOVED,BRADFORDJACKSONDAVIS,JACKSONDAVISBRADFORD,4714FORESTLAKEDR,WHITE,NL,NOTHISPANICorNOTLATINO,REP,REPUBLICAN,18.0,3092012.0,,AA170683
ALAMANCE,A,ACTIVE,BRADFORDJAMESMICHAEL,JAMESMICHAELBRADFORD,2559HILLDALEST,BLACKorAFRICANAMERICAN,NL,NOTHISPANICorNOTLATINO,DEM,DEMOCRATIC,33.0,11012008.0,Age2640,AA162445
ALAMANCE,A,ACTIVE,BRADFORDJAMESHUGHES,JAMESHUGHESBRADFORD,2011TRESFIELDCT,WHITE,UN,UNDESIGNATED,UNA,UNAFFILIATED,64.0,10052004.0,Age4165,AA139750
ALAMANCE,A,ACTIVE,BRADFORDKARENELIZABETH,KARENELIZABETHBRADFORD,4714FORESTLAKEDR,WHITE,NL,NOTHISPANICorNOTLATINO,REP,REPUBLICAN,44.0,8271997.0,Age4165,AA107224
ALAMANCE,A,ACTIVE,BRADFORDKATHLEENMAGALLANEZ,KATHLEENMAGALLANEZBRADFORD,1928GLENKIRKDR,WHITE,NL,NOTHISPANICorNOTLATINO,REP,REPUBLICAN,43.0,1162009.0,Age4165,AA163288
ALAMANCE,A,ACTIVE,BRADFORDLAURAANN,LAURAANNBRADFORD,139BUCKEYECT,WHITE,NL,NOTHISPANICorNOTLATINO,REP,REPUBLICAN,28.0,3272012.0,Age2640,AA171098
ALAMANCE,A,ACTIVE,BRADFORDLESLIEGAY,LESLIEGAYBRADFORD,2463GIBSONVILLEOSSIPEERD,WHITE,NL,NOTHISPANICorNOTLATINO,REP,REPUBLICAN,61.0,11012006.0,Age4165,AA148164
ALAMANCE,R,REMOVED,BRADFORDMARGIEL,,1323STANDREWSDR,WHITE,NL,NOTHISPANICorNOTLATINO,REP,REPUBLICAN,82.0,9142004.0,AgeOver66,AA137425
ALAMANCE,A,ACTIVE,BRADFORDMARIETERRELL,,2011TRESFIELDCT,WHITE,UN,UNDESIGNATED,UNA,UNAFFILIATED,62.0,10052004.0,Age4165,AA139632
ALAMANCE,R,REMOVED,BRADFORDRENEECOLLINS,RENEECOLLINSBRADFORD,817PARKWOODST,WHITE,NL,NOTHISPANICorNOTLATINO,DEM,DEMOCRATIC,,4061995.0,Age4165,AA93598
ALAMANCE,A,ACTIVE,BRADFORDSALLEYSCHUMPERT,SALLEYSCHUMPERTBRADFORD,2027WESTOVERTER,WHITE,NL,NOTHISPANICorNOTLATINO,DEM,DEMOCRATIC,74.0,4201968.0,AgeOver66,AA6249
ALAMANCE,A,ACTIVE,BRADFORDSHERLITATENNELL,SHERLITATENNELLBRADFORD,736AUDREYLN,BLACKorAFRICANAMERICAN,NL,NOTHISPANICorNOTLATINO,DEM,DEMOCRATIC,34.0,10032005.0,Age2640,AA144756
ALAMANCE,R,REMOVED,BRADFORDSPENCERWADE,SPENCERWADEBRADFORD,817PARKWOODST,WHITE,NL,NOTHISPANICorNOTLATINO,UNA,UNAFFILIATED,,6301995.0,Age4165,AA94496
ALAMANCE,A,ACTIVE,BRADFORDWILLIAM,WILLIAMBRADFORD,3551FORESTDALEDRLI,WHITE,NL,NOTHISPANICorNOTLATINO,DEM,DEMOCRATIC,38.0,9292012.0,Age2640,AT20957
ALAMANCE,A,ACTIVE,BRADFORDWILLIAMNETTLESJR,WILLIAMNETTLESBRADFORDJR,2027WESTOVERTER,WHITE,NL,NOTHISPANICorNOTLATINO,DEM,DEMOCRATIC,75.0,4201968.0,AgeOver66,AA6250
ALAMANCE,A,ACTIVE,BRADHAMGLORIAJEAN,GLORIAJEANBRADHAM,408NSECONDST,WHITE,NL,NOTHISPANICorNOTLATINO,DEM,DEMOCRATIC,58.0,8042004.0,Age4165,AA136043
ALAMANCE,A,ACTIVE,BRADHAMJAMESSPENCER,JAMESSPENCERBRADHAM,408NSECONDST,WHITE,UN,UNDESIGNATED,UNA,UNAFFILIATED,57.0,,Age4165,AA142033
ALAMANCE,R,REMOVED,BRADHAMWILLIAMRANDOLPH,WILLIAMRANDOLPHBRADHAM,2202HUNTINGTONRDF3,WHITE,NL,NOTHISPANICorNOTLATINO,UNA,UNAFFILIATED,69.0,,AgeOver66,AA6252
ALAMANCE,A,ACTIVE,BRADLEYALMAJANE,ALMAJANEBRADLEY,711MAPLEAVE,WHITE,NL,NOTHISPANICorNOTLATINO,DEM,DEMOCRATIC,62.0,,Age4165,AA108050
ALAMANCE,A,ACTIVE,BRADLEYANDREWOBRIAN,ANDREWOBRIANBRADLEY,1623MAPLEAVE,BLACKorAFRICANAMERICAN,UN,UNDESIGNATED,DEM,DEMOCRATIC,26.0,10022008.0,Age2640,AA135827
ALAMANCE,A,ACTIVE,BRADLEYASHLEYALLRED,ASHLEYALLREDBRADLEY,,WHITE,NL,NOTHISPANICorNOTLATINO,REP,REPUBLICAN,29.0,6022003.0,Age2640,AA130413
ALAMANCE,A,ACTIVE,BRADLEYBARRYDEAN,BARRYDEANBRADLEY,2055STONESTEXT,WHITE,NL,NOTHISPANICorNOTLATINO,REP,REPUBLICAN,52.0,12292009.0,Age4165,AA165185
ALAMANCE,A,ACTIVE,BRADLEYBLAINEALLEN,BLAINEALLENBRADLEY,319GEORGIAAVE,WHITE,NL,NOTHISPANICorNOTLATINO,UNA,UNAFFILIATED,40.0,2171998.0,Age2640,AA109148
ALAMANCE,A,ACTIVE,BRADLEYCARLANTHONY,CARLANTHONYBRADLEY,4610MEBANEROGERSRD,WHITE,NL,NOTHISPANICorNOTLATINO,UNA,UNAFFILIATED,54.0,10312005.0,Age4165,AA145026
ALAMANCE,A,ACTIVE,BRADLEYCAROLINEANDERSON,CAROLINEANDERSONBRADLEY,712NNINTHST,WHITE,UN,UNDESIGNATED,DEM,DEMOCRATIC,24.0,9212006.0,,AA147531
ALAMANCE,A,ACTIVE,BRADLEYCHARLESWILLIAM,CHARLESWILLIAMBRADLEY,230MEADOWBROOKDR,WHITE,NL,NOTHISPANICorNOTLATINO,REP,REPUBLICAN,67.0,1061979.0,AgeOver66,AA6254
ALAMANCE,R,REMOVED,BRADLEYCHARLESWILLIAMJR,CHARLESWILLIAMBRADLEYJR,449BROOKVIEWDR,WHITE,NL,NOTHISPANICorNOTLATINO,REP,REPUBLICAN,,,Age4165,AA58681
ALAMANCE,A,ACTIVE,BRADLEYCHERYLSPIVEY,CHERYLSPIVEYBRADLEY,2273MAYDR,WHITE,NL,NOTHISPANICorNOTLATINO,REP,REPUBLICAN,52.0,11302004.0,Age4165,AA142079
ALAMANCE,A,ACTIVE,BRADLEYCHRISTOPHERASA,CHRISTOPHERASABRADLEY,136WELSFORDPL,WHITE,NL,NOTHISPANICorNOTLATINO,UNA,UNAFFILIATED,,2061997.0,Age4165,AA105736
ALAMANCE,A,ACTIVE,BRADLEYCHYRISEANNE,CHYRISEANNEBRADLEY,136WELSFORDPL,WHITE,NL,NOTHISPANICorNOTLATINO,UNA,UNAFFILIATED,,2201996.0,Age4165,AA97784
ALAMANCE,A,ACTIVE,BRADLEYCLARALEONE,CLARALEONEBRADLEY,2715SURICHDR,WHITE,UN,UNDESIGNATED,DEM,DEMOCRATIC,83.0,10251952.0,AgeOver66,AA6265
ALAMANCE,A,ACTIVE,BRADLEYCLEVELANDBERTRAND,CLEVELANDBERTRANDBRADLEY,1312BEAUFORTDR,BLACKorAFRICANAMERICAN,NL,NOTHISPANICorNOTLATINO,DEM,DEMOCRATIC,41.0,1081997.0,Age4165,AA104779
ALAMANCE,A,ACTIVE,BRADLEYDANIELROBERT,DANIELROBERTBRADLEY,3160SUNDANCEDR,WHITE,NL,NOTHISPANICorNOTLATINO,UNA,UNAFFILIATED,37.0,,Age2640,AA176943
ALAMANCE,A,ACTIVE,BRADLEYDANIELLEE,DANIELLEEBRADLEY,,WHITE,UN,UNDESIGNATED,REP,REPUBLICAN,29.0,,Age2640,AA177442
ALAMANCE,A,ACTIVE,BRADLEYDAVIDVERNON,DAVIDVERNONBRADLEY,1241SFIFTHSTG2,WHITE,NL,NOTHISPANICorNOTLATINO,UNA,UNAFFILIATED,52.0,2092010.0,Age4165,CA66827
ALAMANCE,A,ACTIVE,BRADLEYDENISEL,DENISELBRADLEY,,BLACKorAFRICANAMERICAN,NL,NOTHISPANICorNOTLATINO,DEM,DEMOCRATIC,,5242012.0,Age4165,AA103066
ALAMANCE,A,ACTIVE,BRADLEYDENZELLCHAKUD,DENZELLCHAKUDBRADLEY,2107JAMESBOSWELLRD,UNDESIGNATED,UN,UNDESIGNATED,DEM,DEMOCRATIC,18.0,,,AA177190
ALAMANCE,A,ACTIVE,BRADLEYDESTRYSHANE,DESTRYSHANEBRADLEY,1518TROLLINGWOODHAWFIELDSRD11,WHITE,NL,NOTHISPANICorNOTLATINO,REP,REPUBLICAN,38.0,2061996.0,Age2640,AA97221
ALAMANCE,A,ACTIVE,BRADLEYDONALDLEE,DONALDLEEBRADLEY,302HUCKLEBERRYLOOP,WHITE,NL,NOTHISPANICorNOTLATINO,REP,REPUBLICAN,53.0,11282006.0,Age4165,DE112178
ALAMANCE,A,ACTIVE,BRADLEYDONALDLEE,DONALDLEEBRADLEY,2273MAYDR,WHITE,NL,NOTHISPANICorNOTLATINO,DEM,DEMOCRATIC,63.0,10282010.0,Age4165,AA167306
ALAMANCE,A,ACTIVE,BRADLEYELIZABETHANNE,ELIZABETHANNEBRADLEY,706MARYLANDAVE,WHITE,NL,NOTHISPANICorNOTLATINO,REP,REPUBLICAN,32.0,,Age2640,AA115948
ALAMANCE,A,ACTIVE,BRADLEYELIZABETHSPENCER,ELIZABETHSPENCERBRADLEY,1725OKLAHOMAAVE,WHITE,NL,NOTHISPANICorNOTLATINO,REP,REPUBLICAN,65.0,3221980.0,Age4165,AA6257
ALAMANCE,A,ACTIVE,BRADLEYERINHENNESSEY,ERINHENNESSEYBRADLEY,,WHITE,NL,NOTHISPANICorNOTLATINO,DEM,DEMOCRATIC,42.0,8092004.0,Age4165,AA135199
ALAMANCE,A,ACTIVE,BRADLEYGINGERROBBINS,GINGERROBBINSBRADLEY,1891FAIRFIELDDR,WHITE,UN,UNDESIGNATED,REP,REPUBLICAN,,3132002.0,Age4165,AA125899
ALAMANCE,A,ACTIVE,BRADLEYGLENDAPENDERGRAPH,GLENDAPENDERGRAPHBRADLEY,2055STONESTEXT,WHITE,NL,NOTHISPANICorNOTLATINO,REP,REPUBLICAN,,2261990.0,Age4165,AA70672
ALAMANCE,A,ACTIVE,BRADLEYGREGORYCARROLL,GREGORYCARROLLBRADLEY,1891FAIRFIELDDR,WHITE,NL,NOTHISPANICorNOTLATINO,REP,REPUBLICAN,,1042002.0,Age4165,AA125215
ALAMANCE,A,ACTIVE,BRADLEYHEATHERNICOLE,HEATHERNICOLEBRADLEY,302HUCKLEBERRYLOOP,WHITE,NL,NOTHISPANICorNOTLATINO,REP,REPUBLICAN,25.0,10292007.0,,AA151018
ALAMANCE,A,ACTIVE,BRADLEYJACKCARROLL,JACKCARROLLBRADLEY,5720LAURELRIDGEDR,WHITE,NL,NOTHISPANICorNOTLATINO,REP,REPUBLICAN,74.0,11022005.0,AgeOver66,AA145277
ALAMANCE,A,ACTIVE,BRADLEYJACKRONALD,JACKRONALDBRADLEY,878EMARKETST,WHITE,NL,NOTHISPANICorNOTLATINO,DEM,DEMOCRATIC,79.0,7171976.0,AgeOver66,AA6261
ALAMANCE,A,ACTIVE,BRADLEYJACQUELINEMARIE,JACQUELINEMARIEBRADLEY,2107JAMESBOSWELLRD,BLACKorAFRICANAMERICAN,UN,UNDESIGNATED,DEM,DEMOCRATIC,27.0,,Age2640,AA177051
ALAMANCE,A,ACTIVE,BRADLEYJAMESLIONEL,JAMESLIONELBRADLEY,,WHITE,NL,NOTHISPANICorNOTLATINO,DEM,DEMOCRATIC,64.0,9212012.0,Age4165,AA175170
ALAMANCE,A,ACTIVE,BRADLEYJAMESWESLEY,JAMESWESLEYBRADLEY,,WHITE,NL,NOTHISPANICorNOTLATINO,REP,REPUBLICAN,,8092004.0,Age4165,AA135200
ALAMANCE,A,ACTIVE,BRADLEYJAMIELEIGH,JAMIELEIGHBRADLEY,3160SUNDANCEDR,WHITE,NL,NOTHISPANICorNOTLATINO,UNA,UNAFFILIATED,39.0,9072012.0,Age2640,AA174549
ALAMANCE,A,ACTIVE,BRADLEYJAMIELEIGH,JAMIELEIGHBRADLEY,2273MAYDR,WHITE,NL,NOTHISPANICorNOTLATINO,UNA,UNAFFILIATED,18.0,11172011.0,,AA169574
ALAMANCE,A,ACTIVE,BRADLEYJANINEBRYANT,JANINEBRYANTBRADLEY,2241WILKINSST,WHITE,NL,NOTHISPANICorNOTLATINO,DEM,DEMOCRATIC,,9282000.0,Age4165,AA120356
ALAMANCE,A,ACTIVE,BRADLEYJENNIFERLYNN,JENNIFERLYNNBRADLEY,207DRAKELN,WHITE,NL,NOTHISPANICorNOTLATINO,REP,REPUBLICAN,30.0,2082002.0,Age2640,AA125673
ALAMANCE,A,ACTIVE,BRADLEYJERMAINEKEITH,JERMAINEKEITHBRADLEY,645MONTGOMERYST,BLACKorAFRICANAMERICAN,UN,UNDESIGNATED,REP,REPUBLICAN,33.0,,Age2640,AA177124
ALAMANCE,A,ACTIVE,BRADLEYJESSICALEIGH,JESSICALEIGHBRADLEY,3160SUNDANCEDR,WHITE,NL,NOTHISPANICorNOTLATINO,REP,REPUBLICAN,19.0,8122011.0,,AA169131
ALAMANCE,A,ACTIVE,BRADLEYJESSICADAWN,JESSICADAWNBRADLEY,712NNINTHST,WHITE,UN,UNDESIGNATED,DEM,DEMOCRATIC,24.0,9212006.0,,AA147532
ALAMANCE,A,ACTIVE,BRADLEYJOEYKEVIN,JOEYKEVINBRADLEY,706MARYLANDAVE,WHITE,NL,NOTHISPANICorNOTLATINO,DEM,DEMOCRATIC,35.0,1031997.0,Age2640,AA104780
ALAMANCE,A,ACTIVE,BRADLEYJULIETMCGHEE,JULIETMCGHEEBRADLEY,722NEWJERSEYAVE,BLACKorAFRICANAMERICAN,NL,NOTHISPANICorNOTLATINO,DEM,DEMOCRATIC,43.0,1041991.0,Age4165,AA76140
ALAMANCE,I,INACTIVE,BRADLEYKATLINNICOLE,KATLINNICOLEBRADLEY,503NFIRSTST,WHITE,NL,NOTHISPANICorNOTLATINO,UNA,UNAFFILIATED,24.0,1242006.0,,AA145664
ALAMANCE,D,DENIED,BRADLEYKEITHW,KEITHWBRADLEY,817DILLARDCIR,WHITE,NL,NOTHISPANICorNOTLATINO,REP,REPUBLICAN,40.0,5062008.0,Age2640,AA154776
ALAMANCE,D,DENIED,BRADLEYKEITHW,KEITHWBRADLEY,711EJOYNERST,WHITE,NL,NOTHISPANICorNOTLATINO,REP,REPUBLICAN,40.0,1122009.0,Age2640,AA163086
ALAMANCE,A,ACTIVE,BRADLEYKELLYDENISE,KELLYDENISEBRADLEY,601BALDWINRD,BLACKorAFRICANAMERICAN,NL,NOTHISPANICorNOTLATINO,DEM,DEMOCRATIC,28.0,4132011.0,Age2640,BY381661
ALAMANCE,A,ACTIVE,BRADLEYKIMBERLEYHALL,KIMBERLEYHALLBRADLEY,2501WINDINGTRL,WHITE,NL,NOTHISPANICorNOTLATINO,REP,REPUBLICAN,52.0,9101990.0,Age4165,AA73203
ALAMANCE,A,ACTIVE,BRADLEYKINDRALYNN,KINDRALYNNBRADLEY,901QUAKERCREEKDR,WHITE,NL,NOTHISPANICorNOTLATINO,REP,REPUBLICAN,43.0,10052012.0,Age4165,DE135066
ALAMANCE,A,ACTIVE,BRADLEYKYLELOGAN,KYLELOGANBRADLEY,136WELSFORDPL,WHITE,NL,NOTHISPANICorNOTLATINO,UNA,UNAFFILIATED,19.0,4192011.0,,AA168400
ALAMANCE,A,ACTIVE,BRADLEYLINDABALDWIN,LINDABALDWINBRADLEY,2225DELANEYDRSTE311,WHITE,NL,NOTHISPANICorNOTLATINO,UNA,UNAFFILIATED,58.0,10011976.0,Age4165,
ALAMANCE,A,ACTIVE,BRADLEYLISAKAREN,,2321GREYGABLESWESTDR,WHITE,UN,UNDESIGNATED,DEM,DEMOCRATIC,54.0,2241987.0,Age4165,AA61565
ALAMANCE,A,ACTIVE,BRADLEYLORIWILSON,,714NNINTHST,WHITE,NL,NOTHISPANICorNOTLATINO,DEM,DEMOCRATIC,42.0,2031994.0,Age4165,AA89221
ALAMANCE,A,ACTIVE,BRADLEYLOUISEHOLMES,,207EGREENST,WHITE,NL,NOTHISPANICorNOTLATINO,DEM,DEMOCRATIC,84.0,,AgeOver66,AA6266
ALAMANCE,A,ACTIVE,BRADLEYLUCILLEKING,,301NSIXTHST,WHITE,NL,NOTHISPANICorNOTLATINO,DEM,DEMOCRATIC,84.0,10271962.0,AgeOver66,AA6262
ALAMANCE,A,ACTIVE,BRADLEYMARGIEHARDEN,,5720LAURELRIDGEDR,WHITE,NL,NOTHISPANICorNOTLATINO,REP,REPUBLICAN,76.0,10062008.0,AgeOver66,AA158385
ALAMANCE,A,ACTIVE,BRADLEYMARIBETH,,209WOODALEDR,WHITE,NL,NOTHISPANICorNOTLATINO,DEM,DEMOCRATIC,53.0,,Age4165,AA121406
ALAMANCE,A,ACTIVE,BRADLEYMARIABARCENAS,,302HUCKLEBERRYLOOP,OTHER,HL,HISPANICorLATINO,REP,REPUBLICAN,52.0,10262012.0,Age4165,AA178391
ALAMANCE,R,REMOVED,BRADLEYMARKLAWRENCE,,,WHITE,NL,NOTHISPANICorNOTLATINO,DEM,DEMOCRATIC,57.0,8202002.0,Age4165,AA127454
ALAMANCE,A,ACTIVE,BRADLEYMEGANELIZABETH,,4011MEBANEOAKSCT,UNDESIGNATED,UN,UNDESIGNATED,UNA,UNAFFILIATED,21.0,9182012.0,,AA174827
ALAMANCE,A,ACTIVE,BRADLEYMICHAELCOLIN,,4011MEBANEOAKSCT,WHITE,NL,NOTHISPANICorNOTLATINO,REP,REPUBLICAN,56.0,5212001.0,Age4165,AA123412
ALAMANCE,A,ACTIVE,BRADLEYMICHAELJOHN,,4142WHISPERINGOAKSCT,WHITE,NL,NOTHISPANICorNOTLATINO,UNA,UNAFFILIATED,32.0,10082004.0,Age2640,AA141319
ALAMANCE,A,ACTIVE,BRADLEYMICHAELTODD,,714NNINTHST,WHITE,NL,NOTHISPANICorNOTLATINO,DEM,DEMOCRATIC,,10081984.0,Age4165,AA57824
ALAMANCE,A,ACTIVE,BRADLEYREGULAFREI,REGULAFREIBRADLEY,4142WHISPERINGOAKSCT,WHITE,NL,NOTHISPANICorNOTLATINO,UNA,UNAFFILIATED,29.0,7142006.0,Age2640,AA146996
ALAMANCE,A,ACTIVE,BRADLEYRENASHERIDAN,RENASHERIDANBRADLEY,230MEADOWBROOKDR,WHITE,NL,NOTHISPANICorNOTLATINO,REP,REPUBLICAN,68.0,1061979.0,AgeOver66,AA6274
ALAMANCE,A,ACTIVE,BRADLEYRHONDABELLAMY,RHONDABELLAMYBRADLEY,1312BEAUFORTDR,BLACKorAFRICANAMERICAN,NL,NOTHISPANICorNOTLATINO,DEM,DEMOCRATIC,41.0,8182004.0,Age4165,AA136856
ALAMANCE,A,ACTIVE,BRADLEYROBERTFIELDING,ROBERTFIELDINGBRADLEY,2225DELANEYDR311,UNDESIGNATED,UN,UNDESIGNATED,UNA,UNAFFILIATED,52.0,8291996.0,Age4165,AA101491
ALAMANCE,A,ACTIVE,BRADLEYROGERDALE,ROGERDALEBRADLEY,2501WINDINGTRL,WHITE,NL,NOTHISPANICorNOTLATINO,DEM,DEMOCRATIC,53.0,12022003.0,Age4165,AA132289
ALAMANCE,R,REMOVED,BRADLEYRONALDROBERT,RONALDROBERTBRADLEY,1742MILESCHAPELRD,BLACKorAFRICANAMERICAN,NL,NOTHISPANICorNOTLATINO,UNA,UNAFFILIATED,69.0,6261997.0,AgeOver66,AA106820
ALAMANCE,A,ACTIVE,BRADLEYSARAHRUTH,SARAHRUTHBRADLEY,710BOONESTATIONDRE,WHITE,NL,NOTHISPANICorNOTLATINO,DEM,DEMOCRATIC,28.0,8032011.0,Age2640,AA169010
ALAMANCE,A,ACTIVE,BRADLEYSARAHLOUISE,SARAHLOUISEBRADLEY,805GIBSONRDA,WHITE,NL,NOTHISPANICorNOTLATINO,REP,REPUBLICAN,24.0,4112008.0,,AA153740
ALAMANCE,A,ACTIVE,BRADLEYSHARONBONITA,SHARONBONITABRADLEY,1013MAPLEAVE,BLACKorAFRICANAMERICAN,UN,UNDESIGNATED,DEM,DEMOCRATIC,,,Age4165,AA131733
ALAMANCE,A,ACTIVE,BRADLEYSHERRYLYNN,SHERRYLYNNBRADLEY,522EPARKERST,WHITE,UN,UNDESIGNATED,REP,REPUBLICAN,51.0,9182008.0,Age4165,AA157714
ALAMANCE,A,ACTIVE,BRADLEYSHIRLEYJEAN,SHIRLEYJEANBRADLEY,724MAPLEAVE,BLACKorAFRICANAMERICAN,NL,NOTHISPANICorNOTLATINO,DEM,DEMOCRATIC,53.0,10291998.0,Age4165,AA112389
ALAMANCE,A,ACTIVE,BRADLEYSHIRLEYJORDAN,SHIRLEYJORDANBRADLEY,878EMARKETST,WHITE,NL,NOTHISPANICorNOTLATINO,DEM,DEMOCRATIC,77.0,7171976.0,AgeOver66,AA6276
ALAMANCE,R,REMOVED,BRADLEYSHIRLEYBRIGHT,SHIRLEYBRIGHTBRADLEY,,WHITE,NL,NOTHISPANICorNOTLATINO,DEM,DEMOCRATIC,82.0,,AgeOver66,AA6277
ALAMANCE,A,ACTIVE,BRADLEYSYLVIAMITCHELL,SYLVIAMITCHELLBRADLEY,1742MILESCHAPELRD,WHITE,NL,NOTHISPANICorNOTLATINO,REP,REPUBLICAN,70.0,10292007.0,AgeOver66,AA151019
ALAMANCE,A,ACTIVE,BRADLEYTAMMYKIGER,TAMMYKIGERBRADLEY,4011MEBANEOAKSCT,WHITE,NL,NOTHISPANICorNOTLATINO,REP,REPUBLICAN,50.0,7061992.0,Age4165,AA81679
ALAMANCE,A,ACTIVE,BRADLEYTHOMASSCOTT,THOMASSCOTTBRADLEY,805GIBSONRDA,WHITE,UN,UNDESIGNATED,REP,REPUBLICAN,26.0,,Age2640,AA140457
ALAMANCE,A,ACTIVE,BRADLEYTIMOTHYLYNN,TIMOTHYLYNNBRADLEY,712NNINTHST,WHITE,NL,NOTHISPANICorNOTLATINO,DEM,DEMOCRATIC,57.0,10061973.0,Age4165,AA6279
ALAMANCE,A,ACTIVE,BRADLEYVICKIEANDERSON,VICKIEANDERSONBRADLEY,712NNINTHST,WHITE,NL,NOTHISPANICorNOTLATINO,REP,REPUBLICAN,59.0,10071983.0,Age4165,AA6280
ALAMANCE,R,REMOVED,BRADLYSHIRLEYR,SHIRLEYRBRADLY,507EVERETTST307B,WHITE,NL,NOTHISPANICorNOTLATINO,UNA,UNAFFILIATED,72.0,5072004.0,AgeOver66,AA134205
ALAMANCE,A,ACTIVE,BRADNERCLINTONBRUCE,CLINTONBRUCEBRADNER,416WADEST,WHITE,NL,NOTHISPANICorNOTLATINO,UNA,UNAFFILIATED,31.0,2042000.0,Age2640,AA116825
ALAMANCE,A,ACTIVE,BRADNERPHILLIPBRUCE,PHILLIPBRUCEBRADNER,416WADEST,WHITE,NL,NOTHISPANICorNOTLATINO,REP,REPUBLICAN,63.0,11192003.0,Age4165,AA132192
ALAMANCE,A,ACTIVE,BRADNEYMICHELLELYNNE,,3546CUNNINGHAMDR,WHITE,NL,NOTHISPANICorNOTLATINO,UNA,UNAFFILIATED,43.0,1291998.0,Age4165,AA109012
ALAMANCE,R,REMOVED,BRADSHAWAGNESHENRY,AGNESHENRYBRADSHAW,941LAKESIDEAVEEXT,BLACKorAFRICANAMERICAN,NL,NOTHISPANICorNOTLATINO,DEM,DEMOCRATIC,86.0,10081988.0,AgeOver66,AA67509
ALAMANCE,A,ACTIVE,BRADSHAWAGNESKATHY,AGNESKATHYBRADSHAW,1938HUNTLEYWAY,BLACKorAFRICANAMERICAN,NL,NOTHISPANICorNOTLATINO,UNA,UNAFFILIATED,52.0,10012010.0,Age4165,AA166970
ALAMANCE,A,ACTIVE,BRADSHAWALBERTKEITH,ALBERTKEITHBRADSHAW,5820LAURELRIDGEDR,WHITE,NL,NOTHISPANICorNOTLATINO,UNA,UNAFFILIATED,66.0,9242012.0,AgeOver66,AT13978
ALAMANCE,R,REMOVED,BRADSHAWALVINROE,ALVINROEBRADSHAW,3738BELLEMONTMTHERMONRD,WHITE,NL,NOTHISPANICorNOTLATINO,DEM,DEMOCRATIC,77.0,9081993.0,AgeOver66,AA88027
ALAMANCE,A,ACTIVE,BRADSHAWAMELIABENEFIELD,AMELIABENEFIELDBRADSHAW,3225HERITAGELN,BLACKorAFRICANAMERICAN,NL,NOTHISPANICorNOTLATINO,UNA,UNAFFILIATED,44.0,10022007.0,Age4165,AA150980
ALAMANCE,A,ACTIVE,BRADSHAWANGELARENEE,ANGELARENEEBRADSHAW,,BLACKorAFRICANAMERICAN,NL,NOTHISPANICorNOTLATINO,DEM,DEMOCRATIC,39.0,5311991.0,Age2640,AA77472
ALAMANCE,A,ACTIVE,BRADSHAWBARBARAHAMBY,BARBARAHAMBYBRADSHAW,4723SALEMCHURCHRD,WHITE,NL,NOTHISPANICorNOTLATINO,UNA,UNAFFILIATED,,,Age4165,AA91642
ALAMANCE,A,ACTIVE,BRADSHAWBILLYROBERT,BILLYROBERTBRADSHAW,,WHITE,NL,NOTHISPANICorNOTLATINO,DEM,DEMOCRATIC,79.0,5051962.0,AgeOver66,AA6288
ALAMANCE,A,ACTIVE,BRADSHAWBRENDALAUCK,BRENDALAUCKBRADSHAW,5124FRIENDSHIPROCKCREEKRD,WHITE,NL,NOTHISPANICorNOTLATINO,REP,REPUBLICAN,52.0,4161989.0,Age4165,AA69459
ALAMANCE,A,ACTIVE,BRADSHAWBRIANPATRICK,BRIANPATRICKBRADSHAW,2064BAMATRL,BLACKorAFRICANAMERICAN,NL,NOTHISPANICorNOTLATINO,DEM,DEMOCRATIC,42.0,3291988.0,Age4165,AA64625
ALAMANCE,R,REMOVED,BRADSHAWCECILROY,CECILROYBRADSHAW,621NTHIRDST,WHITE,NL,NOTHISPANICorNOTLATINO,DEM,DEMOCRATIC,91.0,10271956.0,AgeOver66,AA6289
ALAMANCE,A,ACTIVE,BRADSHAWCHARLIETHOMAS,CHARLIETHOMASBRADSHAW,2674ANDERSONRD,BLACKorAFRICANAMERICAN,NL,NOTHISPANICorNOTLATINO,DEM,DEMOCRATIC,65.0,10081984.0,Age4165,
ALAMANCE,A,ACTIVE,BRADSHAWCHELSEADANIELLE,CHELSEADANIELLEBRADSHAW,4254BELLEMONTMTHERMONRD1B,WHITE,NL,NOTHISPANICorNOTLATINO,UNA,UNAFFILIATED,19.0,7072011.0,,AA168839
ALAMANCE,I,INACTIVE,BRADSHAWCHRISTOPHERALLEN,CHRISTOPHERALLENBRADSHAW,131SEANDR,WHITE,NL,NOTHISPANICorNOTLATINO,REP,REPUBLICAN,36.0,3021998.0,Age2640,AA109347
ALAMANCE,A,ACTIVE,BRADSHAWCHRISTOPHERERICH,CHRISTOPHERERICHBRADSHAW,4254BELLEMONTMTHERMONRD1B,WHITE,NL,NOTHISPANICorNOTLATINO,REP,REPUBLICAN,24.0,4082008.0,Age1825,AA153809
ALAMANCE,A,ACTIVE,BRADSHAWCLYDEGSR,CLYDEGBRADSHAWSR,1326SWANNRD,BLACKorAFRICANAMERICAN,UN,UNDESIGNATED,DEM,DEMOCRATIC,75.0,3272008.0,AgeOver66,AA153124
ALAMANCE,A,ACTIVE,BRADSHAWCOURTNEYMICHELLE,COURTNEYMICHELLEBRADSHAW,535MITCHELLST,WHITE,NL,NOTHISPANICorNOTLATINO,UNA,UNAFFILIATED,27.0,,Age2640,AA131870
ALAMANCE,A,ACTIVE,BRADSHAWCOYLEBRETT,COYLEBRETTBRADSHAW,5724SWEPSONVILLESAXAPAHAWRD,WHITE,NL,NOTHISPANICorNOTLATINO,REP,REPUBLICAN,30.0,10312008.0,Age2640,AA162238
ALAMANCE,A,ACTIVE,BRADSHAWCOYLESTINCEON,COYLESTINCEONBRADSHAW,5766SWEPSONVILLESAXAPAHAWRD,WHITE,NL,NOTHISPANICorNOTLATINO,REP,REPUBLICAN,55.0,9301990.0,Age4165,AA73908
ALAMANCE,A,ACTIVE,BRADSHAWCYNTHIAMORROW,CYNTHIAMORROWBRADSHAW,435GATESAVE,BLACKorAFRICANAMERICAN,NL,NOTHISPANICorNOTLATINO,DEM,DEMOCRATIC,,5211990.0,Age4165,AA71891
ALAMANCE,A,ACTIVE,BRADSHAWDEBORAHWAY,DEBORAHWAYBRADSHAW,1001LORRAINEST,WHITE,NL,NOTHISPANICorNOTLATINO,DEM,DEMOCRATIC,56.0,7122001.0,Age4165,AA123849
ALAMANCE,I,INACTIVE,BRADSHAWDEBRAH,DEBRAHBRADSHAW,4549SNCHWY87,WHITE,UN,UNDESIGNATED,DEM,DEMOCRATIC,51.0,9082004.0,Age4165,AA137201
ALAMANCE,A,ACTIVE,BRADSHAWDIANNEMORTON,DIANNEMORTONBRADSHAW,4254BELLEMONTMTHERMONRD1B,WHITE,NL,NOTHISPANICorNOTLATINO,UNA,UNAFFILIATED,,9271987.0,Age4165,AA62151
ALAMANCE,A,ACTIVE,BRADSHAWDONALDLAWRENCE,DONALDLAWRENCEBRADSHAW,3061VIEWMONTDR,WHITE,NL,NOTHISPANICorNOTLATINO,REP,REPUBLICAN,53.0,10081984.0,Age4165,
ALAMANCE,A,ACTIVE,BRADSHAWDORIANVALERIE,DORIANVALERIEBRADSHAW,709EHAGGARDAVEG,WHITE,UN,UNDESIGNATED,UNA,UNAFFILIATED,38.0,2262003.0,Age2640,AA129648
ALAMANCE,A,ACTIVE,BRADSHAWDOROTHYROGERS,DOROTHYROGERSBRADSHAW,1258ELDORADOST,BLACKorAFRICANAMERICAN,NL,NOTHISPANICorNOTLATINO,DEM,DEMOCRATIC,62.0,4211997.0,Age4165,AA106062
ALAMANCE,A,ACTIVE,BRADSHAWDYLANTHOMAS,DYLANTHOMASBRADSHAW,1001LORRAINEST,WHITE,NL,NOTHISPANICorNOTLATINO,UNA,UNAFFILIATED,58.0,6252004.0,Age4165,AA135062
ALAMANCE,A,ACTIVE,BRADSHAWELIZABETHSPARROW,ELIZABETHSPARROWBRADSHAW,7057BRADSHAWTRL,WHITE,NL,NOTHISPANICorNOTLATINO,REP,REPUBLICAN,65.0,8151996.0,Age4165,AA101230
ALAMANCE,A,ACTIVE,BRADSHAWELNORJOYCE,ELNORJOYCEBRADSHAW,1987HILTONRD,BLACKorAFRICANAMERICAN,NL,NOTHISPANICorNOTLATINO,,DEMOCRATIC,69.0,,AgeOver66,AA96260
ALAMANCE,A,ACTIVE,BRADSHAWEMMAL,EMMALBRADSHAW,1326SWANNRD,BLACKorAFRICANAMERICAN,UN,UNDESIGNATED,,DEMOCRATIC,70.0,3272008.0,AgeOver66,AA153125
ALAMANCE,A,ACTIVE,BRADSHAWEVELYNKINCER,EVELYNKINCERBRADSHAW,4105KIMESVILLERD,WHITE,NL,NOTHISPANICorNOTLATINO,,DEMOCRATIC,75.0,10041973.0,AgeOver66,AA6297
ALAMANCE,A,ACTIVE,BRADSHAWFLORAJ,FLORAJBRADSHAW,2208SWEETBAYCIR,BLACKorAFRICANAMERICAN,UN,UNDESIGNATED,,DEMOCRATIC,70.0,9181982.0,AgeOver66,AA6298
ALAMANCE,A,ACTIVE,BRADSHAWFRANCESCRISP,FRANCESCRISPBRADSHAW,639SEIGHTHST,BLACKorAFRICANAMERICAN,NL,NOTHISPANICorNOTLATINO,,DEMOCRATIC,63.0,9091980.0,Age4165,AA6299
ALAMANCE,A,ACTIVE,BRADSHAWFRANCESWOODY,FRANCESWOODYBRADSHAW,6938CSTOCKARDRD,WHITE,NL,NOTHISPANICorNOTLATINO,REP,REPUBLICAN,35.0,7251997.0,Age2640,AA106859
ALAMANCE,A,ACTIVE,BRADSHAWFREDALLEN,FREDALLENBRADSHAW,,WHITE,NL,NOTHISPANICorNOTLATINO,,DEMOCRATIC,66.0,10061980.0,AgeOver66,AA6300
ALAMANCE,A,ACTIVE,BRADSHAWGARLANDRAY,GARLANDRAYBRADSHAW,3405GRANTRD,WHITE,NL,NOTHISPANICorNOTLATINO,REP,REPUBLICAN,72.0,7251997.0,AgeOver66,AA106860
ALAMANCE,A,ACTIVE,BRADSHAWGREGORYSCOTT,GREGORYSCOTTBRADSHAW,7057BRADSHAWTRL,WHITE,NL,NOTHISPANICorNOTLATINO,UNA,UNAFFILIATED,41.0,7222011.0,Age4165,AA168938
ALAMANCE,A,ACTIVE,BRADSHAWHAROLDGILBERT,HAROLDGILBERTBRADSHAW,4254BELLEMONTMTHERMONRD1B,WHITE,NL,NOTHISPANICorNOTLATINO,UNA,UNAFFILIATED,,9271987.0,Age4165,AA62152
ALAMANCE,A,ACTIVE,BRADSHAWHEATHERMARIE,HEATHERMARIEBRADSHAW,718CRUTCHFIELDDR,WHITE,NL,NOTHISPANICorNOTLATINO,REP,REPUBLICAN,38.0,3132009.0,Age2640,AA163567
ALAMANCE,A,ACTIVE,BRADSHAWHUGHLEE,HUGHLEEBRADSHAW,301IVEYRD,WHITE,NL,NOTHISPANICorNOTLATINO,REP,REPUBLICAN,55.0,2201976.0,Age4165,AA6305
ALAMANCE,A,ACTIVE,BRADSHAWIRENEHIGGINBOTHAM,IRENEHIGGINBOTHAMBRADSHAW,1303COPPERCIR,WHITE,NL,NOTHISPANICorNOTLATINO,REP,REPUBLICAN,73.0,4132011.0,AgeOver66,EH145261
ALAMANCE,A,ACTIVE,BRADSHAWJAMESDOUGLAS,JAMESDOUGLASBRADSHAW,615CABLERD,WHITE,NL,NOTHISPANICorNOTLATINO,REP,REPUBLICAN,65.0,2211976.0,Age4165,AA6308
ALAMANCE,A,ACTIVE,BRADSHAWJASONMARK,JASONMARKBRADSHAW,1577MOORE'SCHAPELCEMETARYRD,WHITE,UN,UNDESIGNATED,REP,REPUBLICAN,42.0,9172004.0,Age4165,AA137935
ALAMANCE,I,INACTIVE,BRADSHAWJASONTODD,JASONTODDBRADSHAW,701TROLLINGWOODHAWFIELDSRD14,WHITE,NL,NOTHISPANICorNOTLATINO,DEM,DEMOCRATIC,25.0,10282005.0,,AA145027
ALAMANCE,A,ACTIVE,BRADSHAWJENNIFERASHLEY,JENNIFERASHLEYBRADSHAW,5724SWEPSONVILLESAXAPAHAWRD,WHITE,NL,NOTHISPANICorNOTLATINO,REP,REPUBLICAN,27.0,9272004.0,Age2640,AA138310
ALAMANCE,R,REMOVED,BRADSHAWJEROMEPAUL,JEROMEPAULBRADSHAW,572SOUTHERNHIGHSCHOOLRD7,WHITE,NL,NOTHISPANICorNOTLATINO,REP,REPUBLICAN,74.0,10291960.0,AgeOver66,AA6306
ALAMANCE,A,ACTIVE,BRADSHAWJESSEDAVID,JESSEDAVIDBRADSHAW,,WHITE,NL,NOTHISPANICorNOTLATINO,UNA,UNAFFILIATED,42.0,,Age4165,AA167488
ALAMANCE,R,REMOVED,BRADSHAWJOHNWILL,JOHNWILLBRADSHAW,301IVEYRD,WHITE,NL,NOTHISPANICorNOTLATINO,REP,REPUBLICAN,85.0,4201968.0,AgeOver66,AA6312
ALAMANCE,A,ACTIVE,BRADSHAWJOHNW,JOHNWBRADSHAW,4026EGREENSBOROCHAPELHILLRD,WHITE,NL,NOTHISPANICorNOTLATINO,DEM,DEMOCRATIC,75.0,10251958.0,AgeOver66,AA6311
ALAMANCE,A,ACTIVE,BRADSHAWJOHN(NMN)JR,JOHN(NMN)BRADSHAWJR,2064BAMATRL,BLACKorAFRICANAMERICAN,NL,NOTHISPANICorNOTLATINO,DEM,DEMOCRATIC,70.0,4041984.0,AgeOver66,
ALAMANCE,I,INACTIVE,BRADSHAWJOHNATHONSHAUN,JOHNATHONSHAUNBRADSHAW,621NTHIRDST,WHITE,NL,NOTHISPANICorNOTLATINO,DEM,DEMOCRATIC,33.0,,Age2640,AA121407
ALAMANCE,A,ACTIVE,BRADSHAWJOSEPHDARIUS,JOSEPHDARIUSBRADSHAW,920SHAWST,BLACKorAFRICANAMERICAN,UN,UNDESIGNATED,DEM,DEMOCRATIC,,9132004.0,Age4165,AA137427
ALAMANCE,A,ACTIVE,BRADSHAWJUDYSMITH,JUDYSMITHBRADSHAW,3547MTWILLENRD,WHITE,UN,UNDESIGNATED,UNA,UNAFFILIATED,54.0,6212001.0,Age4165,AA123743
ALAMANCE,A,ACTIVE,BRADSHAWJUDYGRAVES,JUDYGRAVESBRADSHAW,904LAKESIDEAVEEXT,BLACKorAFRICANAMERICAN,NL,NOTHISPANICorNOTLATINO,DEM,DEMOCRATIC,65.0,1011900.0,Age4165,AA6313
ALAMANCE,A,ACTIVE,BRADSHAWJUDYTHOMPSON,JUDYTHOMPSONBRADSHAW,5947SNCHWY87,WHITE,NL,NOTHISPANICorNOTLATINO,DEM,DEMOCRATIC,62.0,2241972.0,Age4165,AA6315
ALAMANCE,A,ACTIVE,BRADSHAWJULIASAUNDERS,JULIASAUNDERSBRADSHAW,615CABLERD,WHITE,NL,NOTHISPANICorNOTLATINO,REP,REPUBLICAN,68.0,10021986.0,AgeOver66,AA60582
ALAMANCE,A,ACTIVE,BRADSHAWJULIAASKEW,JULIAASKEWBRADSHAW,5766SWEPSONVILLESAXAPAHAWRD,WHITE,NL,NOTHISPANICorNOTLATINO,UNA,UNAFFILIATED,54.0,9301990.0,Age4165,AA73909
ALAMANCE,A,ACTIVE,BRADSHAWKATHLEEN,KATHLEENBRADSHAW,313FOSTERST,BLACKorAFRICANAMERICAN,NL,NOTHISPANICorNOTLATINO,DEM,DEMOCRATIC,72.0,1102008.0,AgeOver66,BY20629
ALAMANCE,A,ACTIVE,BRADSHAWKEANANECOILE,KEANANECOILEBRADSHAW,1305HANFORDHILLSRD,BLACKorAFRICANAMERICAN,NL,NOTHISPANICorNOTLATINO,DEM,DEMOCRATIC,38.0,2271998.0,Age2640,AA109363
ALAMANCE,A,ACTIVE,BRADSHAWKEITHANTAUGHN,KEITHANTAUGHNBRADSHAW,435GATESAVE,BLACKorAFRICANAMERICAN,NL,NOTHISPANICorNOTLATINO,DEM,DEMOCRATIC,,8141990.0,Age4165,AA72673
ALAMANCE,A,ACTIVE,BRADSHAWKELLEYMARIE,KELLEYMARIEBRADSHAW,7032SNCHWY49,WHITE,NL,NOTHISPANICorNOTLATINO,REP,REPUBLICAN,23.0,9082010.0,,AA166716
ALAMANCE,A,ACTIVE,BRADSHAWKENNETHALTON,KENNETHALTONBRADSHAW,1355PEBBLESTONETRL04,WHITE,NL,NOTHISPANICorNOTLATINO,UNA,UNAFFILIATED,54.0,9242012.0,Age4165,AA175171
ALAMANCE,A,ACTIVE,BRADSHAWKEVINDEON,KEVINDEONBRADSHAW,1305HANFORDHILLSRD,BLACKorAFRICANAMERICAN,UN,UNDESIGNATED,DEM,DEMOCRATIC,40.0,10041990.0,Age2640,AA75071
ALAMANCE,A,ACTIVE,BRADSHAWKIMBERLYMICHELLE,KIMBERLYMICHELLEBRADSHAW,217WILSONST,WHITE,NL,NOTHISPANICorNOTLATINO,REP,REPUBLICAN,39.0,10051992.0,Age2640,AA84919
ALAMANCE,A,ACTIVE,BRADSHAWLARRYTODD,LARRYTODDBRADSHAW,4723SALEMCHURCHRD,WHITE,NL,NOTHISPANICorNOTLATINO,UNA,UNAFFILIATED,,12182008.0,Age4165,AA162498
ALAMANCE,A,ACTIVE,BRADSHAWLAURAMICHELLE,LAURAMICHELLEBRADSHAW,,WHITE,NL,NOTHISPANICorNOTLATINO,DEM,DEMOCRATIC,42.0,2252005.0,Age4165,AA143230
ALAMANCE,A,ACTIVE,BRADSHAWLAURENVIRGINIA,LAURENVIRGINIABRADSHAW,2049SHIRLEYDR,WHITE,NL,NOTHISPANICorNOTLATINO,DEM,DEMOCRATIC,24.0,1092008.0,,AA151697
ALAMANCE,A,ACTIVE,BRADSHAWLETTIEJOYCE,LETTIEJOYCEBRADSHAW,,WHITE,NL,NOTHISPANICorNOTLATINO,REP,REPUBLICAN,80.0,4171984.0,AgeOver66,
ALAMANCE,A,ACTIVE,BRADSHAWLISAMICHELLE,,4703SALEMCHURCHRD,WHITE,UN,UNDESIGNATED,DEM,DEMOCRATIC,,10072004.0,Age4165,AA139829
ALAMANCE,R,REMOVED,BRADSHAWLORISULLIVAN,,701TROLLINGWOODHAWFIELDSRD14,WHITE,NL,NOTHISPANICorNOTLATINO,UNA,UNAFFILIATED,41.0,5141991.0,Age4165,AA77386
ALAMANCE,D,DENIED,BRADSHAWLORRIANNE,,2315FARRELLRD,WHITE,NL,NOTHISPANICorNOTLATINO,UNA,UNAFFILIATED,,2021995.0,Age4165,AA92707
ALAMANCE,A,ACTIVE,BRADSHAWMACHELLLADON,,920SHAWST,BLACKorAFRICANAMERICAN,NL,NOTHISPANICorNOTLATINO,DEM,DEMOCRATIC,,1132000.0,Age4165,AA116596
ALAMANCE,A,ACTIVE,BRADSHAWMARILYN(NMN),,4435SWEPSONVILLESAXAPAHAWRD,WHITE,NL,NOTHISPANICorNOTLATINO,DEM,DEMOCRATIC,63.0,9251984.0,Age4165,
ALAMANCE,A,ACTIVE,BRADSHAWMARYLAWRENCE,,527NCARRST,WHITE,NL,NOTHISPANICorNOTLATINO,DEM,DEMOCRATIC,79.0,,AgeOver66,AA6326
ALAMANCE,A,ACTIVE,BRADSHAWMARYSTRIDER,,301IVEYRD,WHITE,NL,NOTHISPANICorNOTLATINO,REP,REPUBLICAN,79.0,4201968.0,AgeOver66,AA6328
ALAMANCE,R,REMOVED,BRADSHAWMARYANN,,313FOSTERST,BLACKorAFRICANAMERICAN,NL,NOTHISPANICorNOTLATINO,DEM,DEMOCRATIC,75.0,5021964.0,AgeOver66,AA6324
ALAMANCE,A,ACTIVE,BRADSHAWMELINDAROSS,,8503HOLMANMILLRD,WHITE,NL,NOTHISPANICorNOTLATINO,REP,REPUBLICAN,,4081980.0,Age4165,
ALAMANCE,A,ACTIVE,BRADSHAWMICKEYLYNN,,217WILSONST,WHITE,NL,NOTHISPANICorNOTLATINO,REP,REPUBLICAN,43.0,9091988.0,Age4165,AA65908
ALAMANCE,A,ACTIVE,BRADSHAWMORRISEUGENE,MORRISEUGENEBRADSHAW,1303COPPERCIR,WHITE,NL,NOTHISPANICorNOTLATINO,REP,REPUBLICAN,74.0,4132011.0,AgeOver66,AA168368
ALAMANCE,R,REMOVED,BRADSHAWMYRTLEWRIGHT,MYRTLEWRIGHTBRADSHAW,528NMELVILLEST,WHITE,NL,NOTHISPANICorNOTLATINO,DEM,DEMOCRATIC,91.0,1091954.0,AgeOver66,AA6330
ALAMANCE,R,REMOVED,BRADSHAWNANNIETURNER,NANNIETURNERBRADSHAW,1987HILTONRD,BLACKorAFRICANAMERICAN,NL,NOTHISPANICorNOTLATINO,DEM,DEMOCRATIC,99.0,5101940.0,AgeOver66,AA6331
ALAMANCE,A,ACTIVE,BRADSHAWPASCHALROGERJR,PASCHALROGERBRADSHAWJR,904LAKESIDEAVEEXT,BLACKorAFRICANAMERICAN,NL,NOTHISPANICorNOTLATINO,DEM,DEMOCRATIC,69.0,5161964.0,AgeOver66,AA6334
ALAMANCE,A,ACTIVE,BRADSHAWPATTIHUDZINSKI,PATTIHUDZINSKIBRADSHAW,1435NORMANDYDR,WHITE,UN,UNDESIGNATED,REP,REPUBLICAN,57.0,,Age4165,BN306477
ALAMANCE,A,ACTIVE,BRADSHAWPEGGYLUCILLE,PEGGYLUCILLEBRADSHAW,,WHITE,NL,NOTHISPANICorNOTLATINO,DEM,DEMOCRATIC,79.0,1011900.0,AgeOver66,AA6336
ALAMANCE,A,ACTIVE,BRADSHAWPEGGYANDREWS,PEGGYANDREWSBRADSHAW,4026EGREENSBOROCHAPELHILLRD,WHITE,NL,NOTHISPANICorNOTLATINO,DEM,DEMOCRATIC,77.0,8281992.0,AgeOver66,AA82480
ALAMANCE,R,REMOVED,BRADSHAWPEGGYOWENS,PEGGYOWENSBRADSHAW,515MCGEEST,WHITE,NL,NOTHISPANICorNOTLATINO,DEM,DEMOCRATIC,81.0,1091954.0,AgeOver66,AA6337
ALAMANCE,I,INACTIVE,BRADSHAWPEGGYJOJONNAROSE,PEGGYJOJONNAROSEBRADSHAW,816EGILBREATHST,WHITE,NL,NOTHISPANICorNOTLATINO,UNA,UNAFFILIATED,31.0,7302008.0,Age2640,AA156066
ALAMANCE,A,ACTIVE,BRADSHAWRAYMONDERIC,RAYMONDERICBRADSHAW,718CRUTCHFIELDDR,WHITE,NL,NOTHISPANICorNOTLATINO,REP,REPUBLICAN,41.0,12192008.0,Age4165,AA162499
ALAMANCE,A,ACTIVE,BRADSHAWRICHARDALAN,RICHARDALANBRADSHAW,301IVEYRD,WHITE,NL,NOTHISPANICorNOTLATINO,REP,REPUBLICAN,50.0,4081980.0,Age4165,AA6339
ALAMANCE,I,INACTIVE,BRADSHAWRICHARDNEWTONJR,RICHARDNEWTONBRADSHAWJR,5941SNCHWY87,WHITE,NL,NOTHISPANICorNOTLATINO,REP,REPUBLICAN,,2111988.0,Age4165,AA64059
ALAMANCE,R,REMOVED,BRADSHAWRODERICKDALE,RODERICKDALEBRADSHAW,235WAVERLYWAY,WHITE,NL,NOTHISPANICorNOTLATINO,REP,REPUBLICAN,65.0,,Age4165,AA6341
ALAMANCE,A,ACTIVE,BRADSHAWRONALDSAMUELJR,RONALDSAMUELBRADSHAWJR,1435NORMANDYDR,WHITE,UN,UNDESIGNATED,REP,REPUBLICAN,58.0,,Age4165,BN330401
ALAMANCE,A,ACTIVE,BRADSHAWROYTHOMASII,ROYTHOMASBRADSHAWII,1715MEBANEOAKSRD,WHITE,NL,NOTHISPANICorNOTLATINO,REP,REPUBLICAN,39.0,2191992.0,Age2640,AA79715
ALAMANCE,A,ACTIVE,BRADSHAWSANDRAHARNESS,SANDRAHARNESSBRADSHAW,1577MOORE'SCHAPELCEMETARYRD,WHITE,NL,NOTHISPANICorNOTLATINO,REP,REPUBLICAN,52.0,7071999.0,Age4165,AA114799
ALAMANCE,A,ACTIVE,BRADSHAWSCOTTYTODD,SCOTTYTODDBRADSHAW,7032SNCHWY49,WHITE,NL,NOTHISPANICorNOTLATINO,REP,REPUBLICAN,27.0,,Age2640,AA176609
ALAMANCE,A,ACTIVE,BRADSHAWSELINANICOLE,SELINANICOLEBRADSHAW,4723SALEMCHURCHRD,WHITE,NL,NOTHISPANICorNOTLATINO,REP,REPUBLICAN,20.0,,,AA177414
ALAMANCE,A,ACTIVE,BRADSHAWSHAINAROSEANN,SHAINAROSEANNBRADSHAW,4989THOMRD,WHITE,UN,UNDESIGNATED,UNA,UNAFFILIATED,34.0,11032012.0,Age2640,AA178916
ALAMANCE,A,ACTIVE,BRADSHAWSHERELPACE,SHERELPACEBRADSHAW,1715MEBANEOAKSRD,WHITE,UN,UNDESIGNATED,REP,REPUBLICAN,38.0,3061992.0,Age2640,AA80009
ALAMANCE,R,REMOVED,BRADSHAWSHIRLEYMAE,SHIRLEYMAEBRADSHAW,603RICHMONDAVE,BLACKorAFRICANAMERICAN,NL,NOTHISPANICorNOTLATINO,DEM,DEMOCRATIC,74.0,10312008.0,AgeOver66,AA162266
ALAMANCE,D,DENIED,BRADSHAWSTEPHANIEELAINE,STEPHANIEELAINEBRADSHAW,,WHITE,NL,NOTHISPANICorNOTLATINO,UNA,UNAFFILIATED,26.0,7152004.0,Age2640,AA136232
ALAMANCE,A,ACTIVE,BRADSHAWSTEPHENSCOTT,STEPHENSCOTTBRADSHAW,7176OLDPLANTATIONDR,WHITE,NL,NOTHISPANICorNOTLATINO,DEM,DEMOCRATIC,41.0,2082001.0,Age4165,AA122273
ALAMANCE,A,ACTIVE,BRADSHAWSTEVEVANBUREN,STEVEVANBURENBRADSHAW,1258ELDORADOST,BLACKorAFRICANAMERICAN,UN,UNDESIGNATED,DEM,DEMOCRATIC,64.0,9071990.0,Age4165,AA73209
ALAMANCE,A,ACTIVE,BRADSHAWSTEVENCURTIS,STEVENCURTISBRADSHAW,309FIELDSST,BLACKorAFRICANAMERICAN,NL,NOTHISPANICorNOTLATINO,UNA,UNAFFILIATED,56.0,,Age4165,AA91643
ALAMANCE,A,ACTIVE,BRADSHAWTAYLORVICTORIA,TAYLORVICTORIABRADSHAW,4727EGREENSBOROCHAPELHILLRD,WHITE,NL,NOTHISPANICorNOTLATINO,REP,REPUBLICAN,20.0,6232010.0,,AA165864
ALAMANCE,A,ACTIVE,BRADSHAWTERESAMCCLURE,TERESAMCCLUREBRADSHAW,296CHRISTOPHERDR,WHITE,NL,NOTHISPANICorNOTLATINO,DEM,DEMOCRATIC,43.0,6021987.0,Age4165,AA62255
ALAMANCE,A,ACTIVE,BRADSHAWTIARACHANTAY,TIARACHANTAYBRADSHAW,202BLANDBLVD,WHITE,NL,NOTHISPANICorNOTLATINO,DEM,DEMOCRATIC,27.0,,Age2640,AA159260
ALAMANCE,A,ACTIVE,BRADSHAWTONYANICOLE,TONYANICOLEBRADSHAW,3405GRANTRD,WHITE,NL,NOTHISPANICorNOTLATINO,REP,REPUBLICAN,34.0,4061998.0,Age2640,AA109854
ALAMANCE,A,ACTIVE,BRADSHAWTOYALYNN,TOYALYNNBRADSHAW,904LAKESIDEAVEEXT,BLACKorAFRICANAMERICAN,NL,NOTHISPANICorNOTLATINO,DEM,DEMOCRATIC,41.0,9221990.0,Age4165,AA74256
ALAMANCE,A,ACTIVE,BRADSHAWTRAVIOUSLADONTA,TRAVIOUSLADONTABRADSHAW,920SHAWST,BLACKorAFRICANAMERICAN,NL,NOTHISPANICorNOTLATINO,DEM,DEMOCRATIC,30.0,4022008.0,Age2640,AA153311
ALAMANCE,A,ACTIVE,BRADSHAWWENDYLEIGH,WENDYLEIGHBRADSHAW,307TRAVORAST,WHITE,NL,NOTHISPANICorNOTLATINO,DEM,DEMOCRATIC,43.0,6091992.0,Age4165,AA82001
ALAMANCE,I,INACTIVE,BRADSHAWWHITNEYTAMARA,WHITNEYTAMARABRADSHAW,139EGRAHAMST,BLACKorAFRICANAMERICAN,NL,NOTHISPANICorNOTLATINO,DEM,DEMOCRATIC,24.0,2062008.0,,AA152086
ALAMANCE,A,ACTIVE,BRADSHAWWILLIAMCLARENCE,WILLIAMCLARENCEBRADSHAW,515MCGEEST,WHITE,NL,NOTHISPANICorNOTLATINO,DEM,DEMOCRATIC,82.0,1091954.0,AgeOver66,AA6349
ALAMANCE,A,ACTIVE,BRADSHAWWILLIAMJULIUS,WILLIAMJULIUSBRADSHAW,7057BRADSHAWTRL,WHITE,NL,NOTHISPANICorNOTLATINO,REP,REPUBLICAN,69.0,5161964.0,AgeOver66,AA6351
ALAMANCE,R,REMOVED,BRADSHERAILENEKIDD,AILENEKIDDBRADSHER,2573ELONOSSIPEERD,WHITE,NL,NOTHISPANICorNOTLATINO,DEM,DEMOCRATIC,82.0,9011993.0,AgeOver66,AA87897
ALAMANCE,A,ACTIVE,BRADSHERALFREDDELEON,ALFREDDELEONBRADSHER,1943MAJORHILLRD,BLACKorAFRICANAMERICAN,NL,NOTHISPANICorNOTLATINO,DEM,DEMOCRATIC,56.0,11081983.0,Age4165,AA6354
ALAMANCE,A,ACTIVE,BRADSHERALLENKEITH,ALLENKEITHBRADSHER,420NLOGANST,WHITE,NL,NOTHISPANICorNOTLATINO,DEM,DEMOCRATIC,55.0,10291980.0,Age4165,AA6356
ALAMANCE,A,ACTIVE,BRADSHERALLENKEITH,ALLENKEITHBRADSHER,412SPRINGVALLEYDR,WHITE,NL,NOTHISPANICorNOTLATINO,DEM,DEMOCRATIC,57.0,7012002.0,Age4165,AA126781
ALAMANCE,A,ACTIVE,BRADSHERANZLETTEGAIL,ANZLETTEGAILBRADSHER,525STOREYST,UNDESIGNATED,UN,UNDESIGNATED,DEM,DEMOCRATIC,61.0,11042008.0,Age4165,AA162863
ALAMANCE,A,ACTIVE,BRADSHERAPRILLEATH,APRILLEATHBRADSHER,3056PLEASANTGROVEUNIONSCHOOLRD,BLACKorAFRICANAMERICAN,NL,NOTHISPANICorNOTLATINO,DEM,DEMOCRATIC,43.0,11041994.0,Age4165,AA92222
ALAMANCE,A,ACTIVE,BRADSHERBARRYSTATON,BARRYSTATONBRADSHER,1707OLDECAROLINACT,BLACKorAFRICANAMERICAN,UN,UNDESIGNATED,DEM,DEMOCRATIC,26.0,9292008.0,Age2640,AA158136
ALAMANCE,A,ACTIVE,BRADSHERBARRY,BARRYBRADSHER,1707OLDECAROLINACT,BLACKorAFRICANAMERICAN,NL,NOTHISPANICorNOTLATINO,DEM,DEMOCRATIC,52.0,4212008.0,Age4165,AA154509
ALAMANCE,A,ACTIVE,BRADSHERBENJAMINW,BENJAMINWBRADSHER,1852KERNODLECIR,WHITE,UN,UNDESIGNATED,DEM,DEMOCRATIC,80.0,10042004.0,AgeOver66,AA139133
ALAMANCE,A,ACTIVE,BRADSHERBETTYBULL,BETTYBULLBRADSHER,200BURKEST,WHITE,NL,NOTHISPANICorNOTLATINO,DEM,DEMOCRATIC,71.0,12141993.0,AgeOver66,AA88795
ALAMANCE,A,ACTIVE,BRADSHERBOBBYJOEL,BOBBYJOELBRADSHER,916GRAYST,BLACKorAFRICANAMERICAN,NL,NOTHISPANICorNOTLATINO,DEM,DEMOCRATIC,,9142012.0,Age4165,AA174722
ALAMANCE,A,ACTIVE,BRADSHERBRYANTS,BRYANTSBRADSHER,2153PLEASANTWOODSCT,BLACKorAFRICANAMERICAN,UN,UNDESIGNATED,DEM,DEMOCRATIC,25.0,4292008.0,,AA154598
ALAMANCE,A,ACTIVE,BRADSHERCELESTEDIANEBURNETTE,CELESTEDIANEBURNETTEBRADSHER,,BLACKorAFRICANAMERICAN,UN,UNDESIGNATED,DEM,DEMOCRATIC,57.0,10041976.0,Age4165,AA7830
ALAMANCE,A,ACTIVE,BRADSHERCHARLESNEAL,CHARLESNEALBRADSHER,2229SAINTBRIDECT,WHITE,NL,NOTHISPANICorNOTLATINO,REP,REPUBLICAN,,2142012.0,Age4165,AA170360
ALAMANCE,A,ACTIVE,BRADSHERCHARLIELONG,CHARLIELONGBRADSHER,916GRAYST,BLACKorAFRICANAMERICAN,NL,NOTHISPANICorNOTLATINO,DEM,DEMOCRATIC,84.0,8151999.0,AgeOver66,AA115410
ALAMANCE,A,ACTIVE,BRADSHERCHRISTINAHOLMAN,CHRISTINAHOLMANBRADSHER,805CAMERONST,UNDESIGNATED,UN,UNDESIGNATED,DEM,DEMOCRATIC,,9302008.0,Age4165,AA158214
ALAMANCE,R,REMOVED,BRADSHERCHRISTOPHERDAMON,CHRISTOPHERDAMONBRADSHER,2105PLEASANTWOODSCT,BLACKorAFRICANAMERICAN,UN,UNDESIGNATED,UNA,UNAFFILIATED,22.0,4102008.0,,AA154066
ALAMANCE,A,ACTIVE,BRADSHERCHRISTYBEST,CHRISTYBESTBRADSHER,1335STANDREWSDR,BLACKorAFRICANAMERICAN,NL,NOTHISPANICorNOTLATINO,DEM,DEMOCRATIC,36.0,5192003.0,Age2640,AA130307
ALAMANCE,A,ACTIVE,BRADSHERCLARKKENT,CLARKKENTBRADSHER,5125KIMESVILLERD,WHITE,NL,NOTHISPANICorNOTLATINO,UNA,UNAFFILIATED,52.0,8081994.0,Age4165,AA90788
ALAMANCE,A,ACTIVE,BRADSHERCLIFTONL,CLIFTONLBRADSHER,,UNDESIGNATED,UN,UNDESIGNATED,DEM,DEMOCRATIC,53.0,8042008.0,Age4165,AA156184
ALAMANCE,A,ACTIVE,BRADSHERCLIFTONPATRICK,CLIFTONPATRICKBRADSHER,1013FAIRST,BLACKorAFRICANAMERICAN,NL,NOTHISPANICorNOTLATINO,DEM,DEMOCRATIC,55.0,,Age4165,AA177493
ALAMANCE,A,ACTIVE,BRADSHERCOLONWILLARD,COLONWILLARDBRADSHER,468NNCHWY87,WHITE,UN,UNDESIGNATED,DEM,DEMOCRATIC,59.0,,Age4165,AA159425
ALAMANCE,A,ACTIVE,BRADSHERCOURTNEYDYANA,COURTNEYDYANABRADSHER,314HIGHLANDAVE,BLACKorAFRICANAMERICAN,UN,UNDESIGNATED,DEM,DEMOCRATIC,24.0,10052007.0,,AA150670
ALAMANCE,A,ACTIVE,BRADSHERCRYSTALSHAE,CRYSTALSHAEBRADSHER,664ARTMISLN,WHITE,NL,NOTHISPANICorNOTLATINO,DEM,DEMOCRATIC,34.0,11151996.0,Age2640,AA104783
ALAMANCE,A,ACTIVE,BRADSHERDANIEL,DANIELBRADSHER,2457MICHELLEDR,UNDESIGNATED,UN,UNDESIGNATED,DEM,DEMOCRATIC,18.0,7252012.0,,AA173794
ALAMANCE,A,ACTIVE,BRADSHERDARRELLWAYNE,DARRELLWAYNEBRADSHER,1852KERNODLECIR,WHITE,UN,UNDESIGNATED,DEM,DEMOCRATIC,,10042004.0,Age4165,AA139134
ALAMANCE,A,ACTIVE,BRADSHERDENISETERRILL,DENISETERRILLBRADSHER,512MORGANTER,BLACKorAFRICANAMERICAN,NL,NOTHISPANICorNOTLATINO,REP,REPUBLICAN,21.0,6102009.0,,AA164186
ALAMANCE,A,ACTIVE,BRADSHERDERRICKLEE,DERRICKLEEBRADSHER,4464MATHERLYTRL,BLACKorAFRICANAMERICAN,UN,UNDESIGNATED,DEM,DEMOCRATIC,44.0,10042004.0,Age4165,AA139197
ALAMANCE,A,ACTIVE,BRADSHERDIXIELEE,DIXIELEEBRADSHER,14LEALN,WHITE,NL,NOTHISPANICorNOTLATINO,DEM,DEMOCRATIC,69.0,,AgeOver66,AA161468
ALAMANCE,A,ACTIVE,BRADSHERDONALDLYNN,DONALDLYNNBRADSHER,2048FAIRFIELDDR,WHITE,NL,NOTHISPANICorNOTLATINO,UNA,UNAFFILIATED,,3061992.0,Age4165,AA80070
ALAMANCE,A,ACTIVE,BRADSHERDOROTHYJOHNSON,DOROTHYJOHNSONBRADSHER,1327COPPERGATETRL,WHITE,NL,NOTHISPANICorNOTLATINO,REP,REPUBLICAN,74.0,9291994.0,AgeOver66,AA91431
ALAMANCE,A,ACTIVE,BRADSHERDOROTHYZIMMERMAN,DOROTHYZIMMERMANBRADSHER,4841UNIONRIDGERD,WHITE,NL,NOTHISPANICorNOTLATINO,UNA,UNAFFILIATED,83.0,12072009.0,AgeOver66,AA165089
ALAMANCE,R,REMOVED,BRADSHERDUSTINPAYNE,DUSTINPAYNEBRADSHER,2411LYNCHSTORERD,WHITE,NL,NOTHISPANICorNOTLATINO,DEM,DEMOCRATIC,31.0,10062004.0,Age2640,AA139646
ALAMANCE,R,REMOVED,BRADSHEREDDIET,EDDIETBRADSHER,425NLOGANST4,BLACKorAFRICANAMERICAN,NL,NOTHISPANICorNOTLATINO,DEM,DEMOCRATIC,52.0,11031998.0,Age4165,AA112390
ALAMANCE,A,ACTIVE,BRADSHERELWANDAJOHNSON,ELWANDAJOHNSONBRADSHER,1943MAJORHILLRD,BLACKorAFRICANAMERICAN,NL,NOTHISPANICorNOTLATINO,DEM,DEMOCRATIC,60.0,3181984.0,Age4165,
ALAMANCE,A,ACTIVE,BRADSHERGARETHKELVIN,GARETHKELVINBRADSHER,2435MICHELLEDR,BLACKorAFRICANAMERICAN,NL,NOTHISPANICorNOTLATINO,DEM,DEMOCRATIC,50.0,4151988.0,Age4165,AA64960
ALAMANCE,A,ACTIVE,BRADSHERGARETHKELVINJR,GARETHKELVINBRADSHERJR,2457MICHELLEDR,BLACKorAFRICANAMERICAN,NL,NOTHISPANICorNOTLATINO,DEM,DEMOCRATIC,19.0,6102011.0,,AA168709
ALAMANCE,A,ACTIVE,BRADSHERGARRONFITZGERALD,GARRONFITZGERALDBRADSHER,916GRAYST,BLACKorAFRICANAMERICAN,NL,NOTHISPANICorNOTLATINO,DEM,DEMOCRATIC,,5241982.0,Age4165,AA6366
ALAMANCE,A,ACTIVE,BRADSHERGEORGIAMCCOY,GEORGIAMCCOYBRADSHER,5409NNCHWY119,BLACKorAFRICANAMERICAN,NL,NOTHISPANICorNOTLATINO,DEM,DEMOCRATIC,79.0,8221974.0,AgeOver66,AA6367
ALAMANCE,A,ACTIVE,BRADSHERGLORIARENITA,GLORIARENITABRADSHER,3548DICKEYMILLRD,BLACKorAFRICANAMERICAN,NL,NOTHISPANICorNOTLATINO,DEM,DEMOCRATIC,54.0,5291982.0,Age4165,AA6369
ALAMANCE,A,ACTIVE,BRADSHERGRAYLINRAY,GRAYLINRAYBRADSHER,200BURKEST,WHITE,NL,NOTHISPANICorNOTLATINO,DEM,DEMOCRATIC,53.0,9261988.0,Age4165,AA66224
ALAMANCE,R,REMOVED,BRADSHERHENRYL,HENRYLBRADSHER,5175GEORGEMILESRD,BLACKorAFRICANAMERICAN,NL,NOTHISPANICorNOTLATINO,DEM,DEMOCRATIC,76.0,2061984.0,AgeOver66,AA6371
ALAMANCE,R,REMOVED,BRADSHERINEZREVIS,INEZREVISBRADSHER,2906HICKORYHILLRD,WHITE,NL,NOTHISPANICorNOTLATINO,DEM,DEMOCRATIC,89.0,10231968.0,AgeOver66,AA6372
ALAMANCE,A,ACTIVE,BRADSHERIRENES,IRENESBRADSHER,1727GREENTREERD,WHITE,UN,UNDESIGNATED,DEM,DEMOCRATIC,80.0,10241964.0,AgeOver66,AA6373
ALAMANCE,A,ACTIVE,BRADSHERJACQUELINEKINGSBERRY,JACQUELINEKINGSBERRYBRADSHER,637CAMERONST,BLACKorAFRICANAMERICAN,NL,NOTHISPANICorNOTLATINO,DEM,DEMOCRATIC,50.0,3271984.0,Age4165,
ALAMANCE,R,REMOVED,BRADSHERJANICELAVERN,JANICELAVERNBRADSHER,220HOWARDST,BLACKorAFRICANAMERICAN,UN,UNDESIGNATED,DEM,DEMOCRATIC,57.0,7222004.0,Age4165,AA137257
ALAMANCE,R,REMOVED,BRADSHERJEFFERYNEAL,JEFFERYNEALBRADSHER,213WILKINSRD,WHITE,NL,NOTHISPANICorNOTLATINO,DEM,DEMOCRATIC,42.0,10041988.0,Age4165,AA66942
ALAMANCE,A,ACTIVE,BRADSHERJENEIRDULLE,JENEIRDULLEBRADSHER,220HOWARDST,BLACKorAFRICANAMERICAN,UN,UNDESIGNATED,DEM,DEMOCRATIC,40.0,,Age2640,AA121409
ALAMANCE,A,ACTIVE,BRADSHERJENNIFERMARIE,JENNIFERMARIEBRADSHER,4464MATHERLYTRL,BLACKorAFRICANAMERICAN,NL,NOTHISPANICorNOTLATINO,DEM,DEMOCRATIC,,7242002.0,Age4165,AA126988
ALAMANCE,A,ACTIVE,BRADSHERJENNIFER,JENNIFERBRADSHER,916GRAYST,BLACKorAFRICANAMERICAN,UN,UNDESIGNATED,DEM,DEMOCRATIC,,8092008.0,Age4165,AA156185
ALAMANCE,R,REMOVED,BRADSHERJERRYD,JERRYDBRADSHER,220HOWARDST,BLACKorAFRICANAMERICAN,NL,NOTHISPANICorNOTLATINO,DEM,DEMOCRATIC,58.0,1051996.0,Age4165,AA97223
ALAMANCE,A,ACTIVE,BRADSHERJESSEDAVID,JESSEDAVIDBRADSHER,919KINGST,BLACKorAFRICANAMERICAN,NL,NOTHISPANICorNOTLATINO,DEM,DEMOCRATIC,57.0,3292012.0,Age4165,AA171123
ALAMANCE,A,ACTIVE,BRADSHERKATHERINEINGOLD,KATHERINEINGOLDBRADSHER,8306ASNCHWY49,WHITE,NL,NOTHISPANICorNOTLATINO,DEM,DEMOCRATIC,56.0,2181976.0,Age4165,AA6378
ALAMANCE,D,DENIED,BRADSHERKEVINLAMONT,KEVINLAMONTBRADSHER,,BLACKorAFRICANAMERICAN,NL,NOTHISPANICorNOTLATINO,DEM,DEMOCRATIC,29.0,5162008.0,Age2640,AA154990
ALAMANCE,A,ACTIVE,BRADSHERKYLETOLBERTO,KYLETOLBERTOBRADSHER,505EWEBBSTC,BLACKorAFRICANAMERICAN,NL,NOTHISPANICorNOTLATINO,DEM,DEMOCRATIC,34.0,10042004.0,Age2640,AA139198
ALAMANCE,A,ACTIVE,BRADSHERLARRYWILLIAM,LARRYWILLIAMBRADSHER,605NFIFTHST,WHITE,NL,NOTHISPANICorNOTLATINO,REP,REPUBLICAN,70.0,2201984.0,AgeOver66,
ALAMANCE,A,ACTIVE,BRADSHERLATONYAROSALIND,LATONYAROSALINDBRADSHER,,BLACKorAFRICANAMERICAN,NL,NOTHISPANICorNOTLATINO,DEM,DEMOCRATIC,37.0,9142000.0,Age2640,AA119827
ALAMANCE,A,ACTIVE,BRADSHERLATOSHATERRELLE,LATOSHATERRELLEBRADSHER,7108SNCHWY49,BLACKorAFRICANAMERICAN,NL,NOTHISPANICorNOTLATINO,DEM,DEMOCRATIC,35.0,12221995.0,Age2640,AA96820
ALAMANCE,A,ACTIVE,BRADSHERLAURIESUMMERS,LAURIESUMMERSBRADSHER,2048FAIRFIELDDR,WHITE,NL,NOTHISPANICorNOTLATINO,UNA,UNAFFILIATED,,9241992.0,Age4165,AA84071
ALAMANCE,A,ACTIVE,BRADSHERLAWRENCELEEJR,LAWRENCELEEBRADSHERJR,3056PLEASANTGROVEUNIONSCHOOLRD,BLACKorAFRICANAMERICAN,NL,NOTHISPANICorNOTLATINO,DEM,DEMOCRATIC,,3131984.0,Age4165,
ALAMANCE,A,ACTIVE,BRADSHERLAWRENCELEESR,LAWRENCELEEBRADSHERSR,5409NNCHWY119,BLACKorAFRICANAMERICAN,NL,NOTHISPANICorNOTLATINO,DEM,DEMOCRATIC,80.0,12301963.0,AgeOver66,AA6379
ALAMANCE,A,ACTIVE,BRADSHERLORADENISE,,2105PLEASANTWOODSCT,BLACKorAFRICANAMERICAN,NL,NOTHISPANICorNOTLATINO,DEM,DEMOCRATIC,,11022004.0,Age4165,AA141544
ALAMANCE,I,INACTIVE,BRADSHERMARTHAALICE,,423NFIFTHST,WHITE,NL,NOTHISPANICorNOTLATINO,DEM,DEMOCRATIC,70.0,12041991.0,AgeOver66,AA79155
ALAMANCE,A,ACTIVE,BRADSHERMICHAELLEE,,8306ASNCHWY49,WHITE,NL,NOTHISPANICorNOTLATINO,UNA,UNAFFILIATED,59.0,8291996.0,Age4165,AA101714
ALAMANCE,A,ACTIVE,BRADSHERMICHELEFAUCETTE,,2229SAINTBRIDECT,WHITE,NL,NOTHISPANICorNOTLATINO,REP,REPUBLICAN,,1311984.0,Age4165,
ALAMANCE,A,ACTIVE,BRADSHERMILDREDTORAIN,,2604GREENLEVELCHURCHRD,BLACKorAFRICANAMERICAN,NL,NOTHISPANICorNOTLATINO,DEM,DEMOCRATIC,83.0,10241964.0,AgeOver66,AA6384
ALAMANCE,A,ACTIVE,BRADSHERMYCHAELJR,MYCHAELBRADSHERJR,,BLACKorAFRICANAMERICAN,UN,UNDESIGNATED,DEM,DEMOCRATIC,36.0,5182012.0,Age2640,AA172186
ALAMANCE,A,ACTIVE,BRADSHERNIKKIMARIA,NIKKIMARIABRADSHER,203EDWARDCT,BLACKorAFRICANAMERICAN,NL,NOTHISPANICorNOTLATINO,UNA,UNAFFILIATED,40.0,10022000.0,Age2640,AA120505
ALAMANCE,A,ACTIVE,BRADSHERNORMANRAY,NORMANRAYBRADSHER,200BURKEST,WHITE,NL,NOTHISPANICorNOTLATINO,DEM,DEMOCRATIC,77.0,9032002.0,AgeOver66,AA127555
ALAMANCE,A,ACTIVE,BRADSHERNYSHEKIANYREE,NYSHEKIANYREEBRADSHER,,BLACKorAFRICANAMERICAN,UN,UNDESIGNATED,DEM,DEMOCRATIC,31.0,1112005.0,Age2640,AA142638
ALAMANCE,A,ACTIVE,BRADSHERODIETHOMAS,ODIETHOMASBRADSHER,14LEALN,WHITE,NL,NOTHISPANICorNOTLATINO,DEM,DEMOCRATIC,74.0,2211995.0,AgeOver66,AA92709
ALAMANCE,A,ACTIVE,BRADSHERPATRICKCLIFTON,PATRICKCLIFTONBRADSHER,1013FAIRST,BLACKorAFRICANAMERICAN,UN,UNDESIGNATED,DEM,DEMOCRATIC,55.0,6232010.0,Age4165,AA166321
ALAMANCE,A,ACTIVE,BRADSHERPATTIEHENSLEY,PATTIEHENSLEYBRADSHER,3343KINGFAMILYTRL,WHITE,NL,NOTHISPANICorNOTLATINO,UNA,UNAFFILIATED,53.0,3021995.0,Age4165,AA92711
ALAMANCE,R,REMOVED,BRADSHERQUINCYLEE,QUINCYLEEBRADSHER,2533ESIMPSONRD,BLACKorAFRICANAMERICAN,NL,NOTHISPANICorNOTLATINO,DEM,DEMOCRATIC,74.0,10021976.0,AgeOver66,AA6386
ALAMANCE,D,DENIED,BRADSHERREGGIELASHAWN,REGGIELASHAWNBRADSHER,3313SNCHWY119,BLACKorAFRICANAMERICAN,NL,NOTHISPANICorNOTLATINO,DEM,DEMOCRATIC,35.0,6092004.0,Age2640,AA134777
ALAMANCE,R,REMOVED,BRADSHERRUTHIECORNELIA,RUTHIECORNELIABRADSHER,1613MORNINGSIDEDRH87,BLACKorAFRICANAMERICAN,NL,NOTHISPANICorNOTLATINO,DEM,DEMOCRATIC,83.0,10061980.0,AgeOver66,AA6389
ALAMANCE,A,ACTIVE,BRADSHERSHANNONANNETTE,SHANNONANNETTEBRADSHER,1310BEAUMONTCTA,BLACKorAFRICANAMERICAN,NL,NOTHISPANICorNOTLATINO,UNA,UNAFFILIATED,32.0,7242008.0,Age2640,AA155826
ALAMANCE,A,ACTIVE,BRADSHERSHEILA(NMN),SHEILA(NMN)BRADSHER,2519CARLACT,BLACKorAFRICANAMERICAN,NL,NOTHISPANICorNOTLATINO,DEM,DEMOCRATIC,53.0,11061981.0,Age4165,AA6390
ALAMANCE,A,ACTIVE,BRADSHERSHENITAROBINSON,SHENITAROBINSONBRADSHER,300PICKETTLN,BLACKorAFRICANAMERICAN,NL,NOTHISPANICorNOTLATINO,DEM,DEMOCRATIC,36.0,9232004.0,Age2640,AA138285
ALAMANCE,A,ACTIVE,BRADSHERSTEWARTDOUGLAS,STEWARTDOUGLASBRADSHER,2105PLEASANTWOODSCT,BLACKorAFRICANAMERICAN,NL,NOTHISPANICorNOTLATINO,DEM,DEMOCRATIC,54.0,9162003.0,Age4165,AA131409
ALAMANCE,A,ACTIVE,BRADSHERSTEWARTDOUGLASII,STEWARTDOUGLASBRADSHERII,3548DICKEYMILLRD,BLACKorAFRICANAMERICAN,UN,UNDESIGNATED,DEM,DEMOCRATIC,29.0,,Age2640,AA177351
ALAMANCE,A,ACTIVE,BRADSHERTERESAHARVEY,TERESAHARVEYBRADSHER,2457MICHELLEDR,BLACKorAFRICANAMERICAN,NL,NOTHISPANICorNOTLATINO,DEM,DEMOCRATIC,,11082000.0,Age4165,AA122053
ALAMANCE,A,ACTIVE,BRADSHERTERRENCEDEVAUGHN,TERRENCEDEVAUGHNBRADSHER,300PICKETTLN,BLACKorAFRICANAMERICAN,HL,HISPANICorLATINO,DEM,DEMOCRATIC,38.0,9232004.0,Age2640,AA138286
ALAMANCE,A,ACTIVE,BRADSHERTERRYLYNELL,TERRYLYNELLBRADSHER,1727GREENTREERD,WHITE,NL,NOTHISPANICorNOTLATINO,DEM,DEMOCRATIC,52.0,1202005.0,Age4165,AA142772
ALAMANCE,A,ACTIVE,BRADSHERTIMMYLEE,TIMMYLEEBRADSHER,805CAMERONST,UNDESIGNATED,UN,UNDESIGNATED,UNA,UNAFFILIATED,52.0,,Age4165,AA140335
ALAMANCE,I,INACTIVE,BRADSHERTONYLARINZOJR,TONYLARINZOBRADSHERJR,321THOMPSONST,BLACKorAFRICANAMERICAN,NL,NOTHISPANICorNOTLATINO,DEM,DEMOCRATIC,29.0,3262012.0,Age2640,AA171086
ALAMANCE,A,ACTIVE,BRADSHERVIRGINIAANN,VIRGINIAANNBRADSHER,425NLOGANST?,BLACKorAFRICANAMERICAN,NL,NOTHISPANICorNOTLATINO,DEM,DEMOCRATIC,55.0,5071996.0,Age4165,AA99810
ALAMANCE,A,ACTIVE,BRADSHERWENDYKAY,WENDYKAYBRADSHER,,BLACKorAFRICANAMERICAN,UN,UNDESIGNATED,DEM,DEMOCRATIC,,10022012.0,Age4165,DE200964
ALAMANCE,R,REMOVED,BRADSHERWILLARDBURCH,WILLARDBURCHBRADSHER,2573ELONOSSIPEERD,WHITE,NL,NOTHISPANICorNOTLATINO,DEM,DEMOCRATIC,86.0,5252001.0,AgeOver66,AA123413
ALAMANCE,A,ACTIVE,BRADSHERWINNIESPRAGGINS,WINNIESPRAGGINSBRADSHER,1852KERNODLECIR,WHITE,UN,UNDESIGNATED,DEM,DEMOCRATIC,76.0,10042004.0,AgeOver66,AA140012
ALAMANCE,A,ACTIVE,BRADSHERZANDRELGAY,ZANDRELGAYBRADSHER,315BALLPARKAVE,BLACKorAFRICANAMERICAN,NL,NOTHISPANICorNOTLATINO,DEM,DEMOCRATIC,64.0,3071978.0,Age4165,AA6393
ALAMANCE,R,REMOVED,BRADYAGNESLORRAINE,AGNESLORRAINEBRADY,3908KNOXCT,WHITE,UN,UNDESIGNATED,DEM,DEMOCRATIC,87.0,6012004.0,AgeOver66,AA134495
ALAMANCE,R,REMOVED,BRADYALBERTLLOYD,ALBERTLLOYDBRADY,2051HATCHERYRD16,WHITE,NL,NOTHISPANICorNOTLATINO,REP,REPUBLICAN,90.0,12122006.0,AgeOver66,AA148192
ALAMANCE,A,ACTIVE,BRADYANNLOWRANCE,ANNLOWRANCEBRADY,2760LYNNDALECT,WHITE,NL,NOTHISPANICorNOTLATINO,DEM,DEMOCRATIC,56.0,10042000.0,Age4165,AA120649
ALAMANCE,A,ACTIVE,BRADYBETTYJEAN,BETTYJEANBRADY,,WHITE,NL,NOTHISPANICorNOTLATINO,REP,REPUBLICAN,84.0,5232006.0,AgeOver66,AA147120
ALAMANCE,A,ACTIVE,BRADYBETTYHENECY,BETTYHENECYBRADY,2627WHITEPINEDR,WHITE,NL,NOTHISPANICorNOTLATINO,UNA,UNAFFILIATED,,10071996.0,Age4165,AA102833
ALAMANCE,A,ACTIVE,BRADYBRIANKEITH,BRIANKEITHBRADY,1436SANDYCROSSRD,WHITE,NL,NOTHISPANICorNOTLATINO,REP,REPUBLICAN,,10031992.0,Age4165,AA83776
ALAMANCE,A,ACTIVE,BRADYCARRIERENEE,CARRIERENEEBRADY,,WHITE,NL,NOTHISPANICorNOTLATINO,REP,REPUBLICAN,35.0,1252011.0,Age2640,AA167929
ALAMANCE,R,REMOVED,BRADYCYNTHIAPAGE,CYNTHIAPAGEBRADY,7016LINDLEYMILLRD,WHITE,UN,UNDESIGNATED,REP,REPUBLICAN,,10072004.0,Age4165,AA139916
ALAMANCE,A,ACTIVE,BRADYCYNTHIAMELTON,CYNTHIAMELTONBRADY,5914STONEYMOUNTAINRD,WHITE,NL,NOTHISPANICorNOTLATINO,UNA,UNAFFILIATED,52.0,4101987.0,Age4165,AA61649
ALAMANCE,A,ACTIVE,BRADYCYNTHIAPAGE,CYNTHIAPAGEBRADY,7016LINDLEYMILLRD,WHITE,UN,UNDESIGNATED,REP,REPUBLICAN,,11042008.0,Age4165,AA162949
ALAMANCE,A,ACTIVE,BRADYDAETHOMPSON,DAETHOMPSONBRADY,1803LAURIEDR,WHITE,NL,NOTHISPANICorNOTLATINO,UNA,UNAFFILIATED,,6052009.0,Age4165,AA113376
ALAMANCE,I,INACTIVE,BRADYDAVIDJOSEPH,DAVIDJOSEPHBRADY,,WHITE,NL,NOTHISPANICorNOTLATINO,DEM,DEMOCRATIC,52.0,6121998.0,Age4165,AA110585
ALAMANCE,A,ACTIVE,BRADYDEBORAHDAVIS,DEBORAHDAVISBRADY,306GEORGETOWNEDR,WHITE,UN,UNDESIGNATED,DEM,DEMOCRATIC,,10062008.0,Age4165,AA159272
ALAMANCE,A,ACTIVE,BRADYERICANEWBOLD,ERICANEWBOLDBRADY,811LOCKESLEYLN,WHITE,NL,NOTHISPANICorNOTLATINO,UNA,UNAFFILIATED,35.0,6152001.0,Age2640,AA123497
ALAMANCE,A,ACTIVE,BRADYERINELIZABETH,ERINELIZABETHBRADY,2223NNCHWY62,WHITE,UN,UNDESIGNATED,DEM,DEMOCRATIC,24.0,,,AA177665
ALAMANCE,R,REMOVED,BRADYEVAMURRAY,EVAMURRAYBRADY,1545ELONOSSIPEERD,WHITE,NL,NOTHISPANICorNOTLATINO,REP,REPUBLICAN,79.0,4302001.0,AgeOver66,AA123414
ALAMANCE,A,ACTIVE,BRADYHANNELOREDEMBACH,HANNELOREDEMBACHBRADY,,WHITE,NL,NOTHISPANICorNOTLATINO,REP,REPUBLICAN,78.0,2151980.0,AgeOver66,AA6400
ALAMANCE,A,ACTIVE,BRADYHARRYWILLIAMJR,HARRYWILLIAMBRADYJR,1406EMAINST,WHITE,NL,NOTHISPANICorNOTLATINO,REP,REPUBLICAN,76.0,8311992.0,AgeOver66,AA82856
ALAMANCE,R,REMOVED,BRADYHELENVIRGINIA,HELENVIRGINIABRADY,1670WESTBROOKAVE,WHITE,NL,NOTHISPANICorNOTLATINO,REP,REPUBLICAN,87.0,12122006.0,AgeOver66,AA148193
ALAMANCE,R,REMOVED,BRADYISAACFREDJR,ISAACFREDBRADYJR,204NSIXTHST,WHITE,NL,NOTHISPANICorNOTLATINO,DEM,DEMOCRATIC,86.0,5091964.0,AgeOver66,AA6402
ALAMANCE,R,REMOVED,BRADYJAMESCLYDE,JAMESCLYDEBRADY,3908KNOXCT,WHITE,UN,UNDESIGNATED,DEM,DEMOCRATIC,92.0,6012004.0,AgeOver66,AA134496
ALAMANCE,A,ACTIVE,BRADYJENALEE,JENALEEBRADY,7016LINDLEYMILLRD,WHITE,NL,NOTHISPANICorNOTLATINO,UNA,UNAFFILIATED,27.0,10072004.0,Age2640,AA139917
ALAMANCE,A,ACTIVE,BRADYJOER,JOERBRADY,3214MIDWAYCHURCHRD,WHITE,NL,NOTHISPANICorNOTLATINO,UNA,UNAFFILIATED,62.0,8312012.0,Age4165,AA174585
ALAMANCE,R,REMOVED,BRADYJOHNMATHESON,JOHNMATHESONBRADY,7016LINDLEYMILLRD,WHITE,UN,UNDESIGNATED,REP,REPUBLICAN,,10072004.0,Age4165,AA139918
ALAMANCE,A,ACTIVE,BRADYJOHNMATHESON,JOHNMATHESONBRADY,7016LINDLEYMILLRD,UNDESIGNATED,UN,UNDESIGNATED,UNA,UNAFFILIATED,,11042008.0,Age4165,AA162500
ALAMANCE,A,ACTIVE,BRADYJOHNDAVID,JOHNDAVIDBRADY,412MEADOWOODDR,WHITE,NL,NOTHISPANICorNOTLATINO,REP,REPUBLICAN,76.0,10261968.0,AgeOver66,AA6404
ALAMANCE,A,ACTIVE,BRADYJOYCELASSITER,JOYCELASSITERBRADY,2354VENIEST,WHITE,NL,NOTHISPANICorNOTLATINO,UNA,UNAFFILIATED,62.0,10051986.0,Age4165,AA60761
ALAMANCE,R,REMOVED,BRADYJULIAEULISS,JULIAEULISSBRADY,2016TRAILFIVE,WHITE,NL,NOTHISPANICorNOTLATINO,REP,REPUBLICAN,86.0,4061972.0,AgeOver66,AA6405
ALAMANCE,A,ACTIVE,BRADYKARAJOHNSON,KARAJOHNSONBRADY,2843SNCHWY8721,WHITE,NL,NOTHISPANICorNOTLATINO,REP,REPUBLICAN,39.0,11181991.0,Age2640,AA78799
ALAMANCE,A,ACTIVE,BRADYKEVINPETER,KEVINPETERBRADY,2627WHITEPINEDR,WHITE,NL,NOTHISPANICorNOTLATINO,UNA,UNAFFILIATED,,10071996.0,Age4165,AA102834
ALAMANCE,A,ACTIVE,BRADYLAURENMARIE,LAURENMARIEBRADY,700EHAGGARDAVEN203,WHITE,UN,UNDESIGNATED,UNA,UNAFFILIATED,19.0,3072012.0,,AA170598
ALAMANCE,A,ACTIVE,BRADYLINDAAIKEN,LINDAAIKENBRADY,2116TRAILTWO9H,WHITE,NL,NOTHISPANICorNOTLATINO,DEM,DEMOCRATIC,64.0,6221990.0,Age4165,AA72179
ALAMANCE,A,ACTIVE,BRADYMARJORIESPENCE,,412MEADOWOODDR,WHITE,NL,NOTHISPANICorNOTLATINO,REP,REPUBLICAN,76.0,,AgeOver66,AA6410
ALAMANCE,A,ACTIVE,BRADYMIAKATHRYN,,,WHITE,UN,UNDESIGNATED,REP,REPUBLICAN,21.0,,,AA177666
ALAMANCE,I,INACTIVE,BRADYMICHELLERHEA,,207STHIRDST,WHITE,NL,NOTHISPANICorNOTLATINO,REP,REPUBLICAN,28.0,8252004.0,Age2640,AA138181
ALAMANCE,A,ACTIVE,BRADYMONIQUENICOLE,MONIQUENICOLEBRADY,827MERIDETHDR,BLACKorAFRICANAMERICAN,NL,NOTHISPANICorNOTLATINO,DEM,DEMOCRATIC,31.0,9212010.0,Age2640,AA166804
ALAMANCE,A,ACTIVE,BRADYPAULAGAIL,PAULAGAILBRADY,3036MATTIEFLORENCEDR,WHITE,NL,NOTHISPANICorNOTLATINO,UNA,UNAFFILIATED,40.0,6262002.0,Age2640,AA126840
ALAMANCE,A,ACTIVE,BRADYPHILLIPPAUL,PHILLIPPAULBRADY,6907MTHERMONROCKCREEKRD,WHITE,NL,NOTHISPANICorNOTLATINO,REP,REPUBLICAN,38.0,7121993.0,Age2640,AA87589
ALAMANCE,I,INACTIVE,BRADYRANDALLYNN,RANDALLYNNBRADY,4803SWEPSONVILLESAXAPAHAWRD,WHITE,UN,UNDESIGNATED,DEM,DEMOCRATIC,53.0,10031998.0,Age4165,AA111591
ALAMANCE,A,ACTIVE,BRADYRICHARDMARK,RICHARDMARKBRADY,301TOMBOGGSRD,WHITE,UN,UNDESIGNATED,REP,REPUBLICAN,54.0,10082004.0,Age4165,AA140458
ALAMANCE,A,ACTIVE,BRADYROBERTKEITH,ROBERTKEITHBRADY,5914STONEYMOUNTAINRD,WHITE,NL,NOTHISPANICorNOTLATINO,UNA,UNAFFILIATED,63.0,1181984.0,Age4165,AA6415
ALAMANCE,A,ACTIVE,BRADYRUTHMAY,RUTHMAYBRADY,204NSIXTHST,WHITE,NL,NOTHISPANICorNOTLATINO,DEM,DEMOCRATIC,74.0,10081973.0,AgeOver66,AA6416
ALAMANCE,A,ACTIVE,BRADYSARALEANNE,SARALEANNEBRADY,1416PECANLN,WHITE,NL,NOTHISPANICorNOTLATINO,REP,REPUBLICAN,38.0,,Age2640,BY380405
ALAMANCE,A,ACTIVE,BRADYSCOTTDAVID,SCOTTDAVIDBRADY,306GEORGETOWNEDR,WHITE,NL,NOTHISPANICorNOTLATINO,REP,REPUBLICAN,,8151984.0,Age4165,
ALAMANCE,A,ACTIVE,BRADYSEANMICHAEL,SEANMICHAELBRADY,,WHITE,NL,NOTHISPANICorNOTLATINO,REP,REPUBLICAN,36.0,10302012.0,Age2640,AA178529
ALAMANCE,D,DENIED,BRADYTERESAREBECCA,TERESAREBECCABRADY,801TROLLINGWOODHAWFIELDSRD,WHITE,NL,NOTHISPANICorNOTLATINO,DEM,DEMOCRATIC,,3231995.0,Age4165,AA92713
ALAMANCE,A,ACTIVE,BRADYTERRYWAYNE,TERRYWAYNEBRADY,3036MATTIEFLORENCEDR,WHITE,UN,UNDESIGNATED,REP,REPUBLICAN,,11032012.0,Age4165,DK32806
ALAMANCE,A,ACTIVE,BRADYWALTERLEEJR,WALTERLEEBRADYJR,2602QUAKERCREEKDR,WHITE,NL,NOTHISPANICorNOTLATINO,DEM,DEMOCRATIC,20.0,,Age1825,AA167500
ALAMANCE,R,REMOVED,BRADYWALTERHUGHJR,WALTERHUGHBRADYJR,207STHIRDST,WHITE,NL,NOTHISPANICorNOTLATINO,REP,REPUBLICAN,50.0,1171992.0,Age4165,AA79408
ALAMANCE,A,ACTIVE,BRADYWALTERLEE,WALTERLEEBRADY,7421BUCKINGHAMMOUNTAINDR,WHITE,NL,NOTHISPANICorNOTLATINO,UNA,UNAFFILIATED,,1232009.0,Age4165,AA163309
ALAMANCE,D,DENIED,BRADYWESD,WESDBRADY,1611MELODYLN,WHITE,NL,NOTHISPANICorNOTLATINO,DEM,DEMOCRATIC,28.0,10052004.0,Age2640,AA139633
ALAMANCE,A,ACTIVE,BRADYWESLEYDARREN,WESLEYDARRENBRADY,412NFIFTHST,WHITE,NL,NOTHISPANICorNOTLATINO,REP,REPUBLICAN,28.0,8082008.0,Age2640,AA156154
ALAMANCE,A,ACTIVE,BRADYWILLIAMSHANNON,WILLIAMSHANNONBRADY,811LOCKESLEYLN,WHITE,NL,NOTHISPANICorNOTLATINO,REP,REPUBLICAN,37.0,6241999.0,Age2640,AA114657
ALAMANCE,R,REMOVED,BRADYWILLIAMEARLJR,WILLIAMEARLBRADYJR,203WMCKINLEYST,WHITE,NL,NOTHISPANICorNOTLATINO,UNA,UNAFFILIATED,82.0,11071972.0,AgeOver66,AA6420
ALAMANCE,R,REMOVED,BRAFFORDDORISMACLEAN,DORISMACLEANBRAFFORD,324SWILLIAMSONAVE,WHITE,NL,NOTHISPANICorNOTLATINO,DEM,DEMOCRATIC,89.0,10281950.0,AgeOver66,AA6424
ALAMANCE,A,ACTIVE,BRAFFORDELMERWATSON,ELMERWATSONBRAFFORD,324SWILLIAMSONAVE,WHITE,NL,NOTHISPANICorNOTLATINO,DEM,DEMOCRATIC,89.0,10281950.0,AgeOver66,AA6425
ALAMANCE,A,ACTIVE,BRAFFORDJAMESLEE,JAMESLEEBRAFFORD,2215ALTAMAHAWUNIONRIDGERD,WHITE,NL,NOTHISPANICorNOTLATINO,REP,REPUBLICAN,50.0,4091984.0,Age4165,
ALAMANCE,A,ACTIVE,BRAFFORDKIMBERLYCOPELAN,KIMBERLYCOPELANBRAFFORD,9116DORATRL,WHITE,NL,NOTHISPANICorNOTLATINO,REP,REPUBLICAN,40.0,5161997.0,Age2640,AA106496
ALAMANCE,A,ACTIVE,BRAFFORDTROYVAN,TROYVANBRAFFORD,9116DORATRL,WHITE,NL,NOTHISPANICorNOTLATINO,REP,REPUBLICAN,41.0,10031995.0,Age4165,AA96119
ALAMANCE,A,ACTIVE,BRAGANCACAROLYNALEXANDRA,CAROLYNALEXANDRABRAGANCA,700EHAGGARDAVEM102D,TWOorMORERACES,UN,UNDESIGNATED,UNA,UNAFFILIATED,19.0,5092012.0,Age1825,AA173533
ALAMANCE,A,ACTIVE,BRAGGBLYTHEMCCORKLE,BLYTHEMCCORKLEBRAGG,403COURTLANDTER,WHITE,NL,NOTHISPANICorNOTLATINO,REP,REPUBLICAN,56.0,10041980.0,Age4165,AA6428
ALAMANCE,A,ACTIVE,BRAGGBRODERICKJERMAING,BRODERICKJERMAINGBRAGG,434SMITHDR,UNDESIGNATED,UN,UNDESIGNATED,DEM,DEMOCRATIC,29.0,7252012.0,Age2640,AA173811
ALAMANCE,A,ACTIVE,BRAGGDAVIDALWYN,DAVIDALWYNBRAGG,397OLSENDR,WHITE,NL,NOTHISPANICorNOTLATINO,DEM,DEMOCRATIC,72.0,1081972.0,AgeOver66,AA6429
ALAMANCE,A,ACTIVE,BRAGGDESIREEJARRETT,DESIREEJARRETTBRAGG,1867PRINCEEDWARDDR,WHITE,NL,NOTHISPANICorNOTLATINO,REP,REPUBLICAN,57.0,1111979.0,Age4165,AA6430
ALAMANCE,A,ACTIVE,BRAGGDIANNEMARIE,DIANNEMARIEBRAGG,1863TURNERRD28,WHITE,NL,NOTHISPANICorNOTLATINO,UNA,UNAFFILIATED,55.0,1252007.0,Age4165,AA148761
ALAMANCE,A,ACTIVE,BRAGGDYLANTAYLOR,DYLANTAYLORBRAGG,818HILLCRESTDR,WHITE,NL,NOTHISPANICorNOTLATINO,UNA,UNAFFILIATED,32.0,11241999.0,Age2640,AA116257
ALAMANCE,I,INACTIVE,BRAGGGARYDEAN,GARYDEANBRAGG,6046HOLTCROSSRD,WHITE,NL,NOTHISPANICorNOTLATINO,REP,REPUBLICAN,55.0,8012002.0,Age4165,AA127108
ALAMANCE,A,ACTIVE,BRAGGGLENNHJR,GLENNHBRAGGJR,1518EMAINST,WHITE,NL,NOTHISPANICorNOTLATINO,DEM,DEMOCRATIC,56.0,1251999.0,Age4165,AA113157
ALAMANCE,A,ACTIVE,BRAGGJAMESKYLEIII,JAMESKYLEBRAGGIII,621MCGEEST,WHITE,NL,NOTHISPANICorNOTLATINO,REP,REPUBLICAN,37.0,5232003.0,Age2640,AA130312
ALAMANCE,A,ACTIVE,BRAGGJOSHUALEIGH,JOSHUALEIGHBRAGG,724IVEYRD,WHITE,NL,NOTHISPANICorNOTLATINO,DEM,DEMOCRATIC,25.0,4292008.0,Age1825,AA154593
ALAMANCE,R,REMOVED,BRAGGMARIEFARLEY,,501MANNINGAVE,WHITE,UN,UNDESIGNATED,DEM,DEMOCRATIC,101.0,9232003.0,AgeOver66,AA131447
ALAMANCE,A,ACTIVE,BRAGGMARYALICE,,397OLSENDR,WHITE,NL,NOTHISPANICorNOTLATINO,DEM,DEMOCRATIC,70.0,1081972.0,AgeOver66,AA6431
ALAMANCE,,ACTIVE,BRAGGMILDREDESTHER,,1732CARRIAGERUNCT,WHITE,NL,NOTHISPANICorNOTLATINO,REP,REPUBLICAN,59.0,6151998.0,Age4165,AA110586
ALAMANCE,A,ACTIVE,BRAGGRACHELLEAH,RACHELLEAHBRAGG,1518EMAINST,WHITE,NL,NOTHISPANICorNOTLATINO,REP,REPUBLICAN,34.0,1251999.0,Age2640,AA113158
